# Vetor de dados - syn_f000903-0-Pre--front--vetorcoluna.txt
# Total de elementos: 1024
# Formato: um valor por linha
#==================================================

1
1
1
1
1
1
1
1
1
1
1
1
1
1
1
1
1
1
1
1
1
1
1
1
1
1
1
1
1
1
1
1
1
1
1
1
1
1
1
1
1
1
1
1
1
1
1
1
1
1
1
1
1
1
1
1
1
1
1
1
1
1
1
1
1
1
1
1
1
1
1
1
1
1
1
1
1
1
1
1
1
1
1
1
1
1
1
1
1
1
1
1
1
1
1
1
1
1
1
1
1
1
1
1
1
1
1
1
1
1
1
1
1
1
1
1
1
1
1
1
1
1
1
1
1
1
1
1
1
1
1
1
1
1
1
1
1
1
1
1
1
1
1
1
1
1
1
1
1
1
1
1
1
1
1
1
1
1
1
1
1
1
1
1
1
1
1
1
1
1
1
1
1
1
1
1
1
1
1
1
1
1
1
1
1
1
1
1
1
1
1
1
1
1
1
1
1
1
1
1
1
1
1
1
1
1
1
1
1
1
1
1
1
1
1
1
1
1
1
1
1
1
1
1
1
1
1
1
1
1
1
1
1
1
1
1
1
1
1
1
1
1
1
1
1
1
1
1
29
29
29
28
28
28
28
28
28
28
29
29
29
29
29
29
29
29
29
29
29
29
29
30
30
30
30
30
30
30
31
31
31
31
31
1
1
1
1
1
32
32
32
32
32
32
32
32
32
32
32
32
32
32
32
32
31
31
31
31
31
31
31
31
31
31
31
31
31
31
31
31
31
31
31
31
31
32
32
32
32
32
32
32
32
32
33
33
33
33
34
34
34
34
34
35
35
35
34
34
35
35
35
35
36
36
36
37
37
37
38
38
37
38
38
38
38
37
38
38
38
38
38
37
37
37
37
37
37
37
37
37
36
36
37
37
37
36
36
36
37
37
36
36
36
36
37
37
37
36
37
37
37
37
38
38
38
38
38
38
39
39
39
39
39
39
39
40
40
40
41
41
41
41
41
41
41
42
42
41
41
41
41
42
42
42
43
43
43
44
44
44
42
43
44
47
50
54
57
237
241
245
249
253
258
261
264
267
271
276
281
291
298
366
374
380
386
391
470
471
471
471
470
470
471
473
473
472
472
471
470
469
471
472
473
473
473
474
474
472
448
440
416
410
478
473
471
467
464
460
456
453
448
440
411
407
404
401
399
391
364
358
353
348
343
307
306
337
345
351
356
363
398
401
403
405
407
409
415
441
449
454
460
465
469
474
478
482
484
487
476
477
477
477
475
475
475
473
472
471
470
472
472
472
473
473
472
471
470
470
471
400
394
390
385
380
374
368
307
301
286
280
275
272
269
266
263
260
256
252
246
241
237
54
53
52
51
48
46
44
43
43
43
43
42
42
42
42
40
40
40
40
40
40
39
38
38
39
39
39
39
38
38
38
38
38
38
38
38
38
37
36
36
36
36
36
36
36
35
35
35
35
36
36
36
36
36
35
35
35
35
35
35
35
35
35
35
35
35
35
35
34
34
35
35
35
35
35
35
35
36
36
36
36
36
36
36
37
37
36
36
36
36
35
35
35
35
35
34
34
34
34
34
34
33
33
33
33
33
33
33
32
32
32
32
32
32
30
30
30
30
30
30
30
29
29
28
28
28
27
27
27
27
26
26
26
26
25
25
25
24
24
24
23
23
23
22
22
22
22
21
21
21
21
20
20
20
20
20
20
20
20
20
20
20
20
19
20
21
21
20
20
21
21
21
20
20
20
20
20
20
18
18
18
18
19
19
19
20
20
19
19
19
19
19
19
19
19
19
18
17
16
1
1
1
1
1
1
1
1
1
1
1
1
1
1
1
1
1
1
1
1
1
1
1
1
1
1
1
1
1
1
1
1
1
1
1
1
1
1
1
1
1
1
1
1
1
1
1
1
1
1
1
1
1
1
1
1
1
1
1
1
1
1
1
1
1
1
1
1
1
1
1
1
1
1
1
1
1
1
1
1
1
1
1
1
1
1
1
1
1
1
1
1
1
1
1
1
1
1
1
1
1
1
1
1
1
1
1
1
1
1
1
1
1
1
1
1
1
1
1
1
1
1
1
1
1
1
1
1
1
1
1
1
1
1
1
1
1
1
1
1
1
1
1
1
1
1
1
1
1
1
1
1
1
1
1
1
1
1
1
1
1
1
1
1
1
1
1
1
1
1
1
1
1
1
1
1
1
1
1
1
1
1
1
1
1
1
1
1
1
1
1
1
1
1
1
1
1
1
1
1
1
1
1
1
1
1
1
1
1
1
1
1
1
1
1
1
1
1
1
1
1
1
1
1
1
1
1
1
1
1
1
1
1
1
1
1
1
1
1
1
1
1
1
1
