# Vetor de dados - syn_f001523-1-Pre--front--vetorcoluna.txt
# Total de elementos: 1024
# Formato: um valor por linha
#==================================================

1
1
1
1
1
1
1
1
1
1
1
1
1
1
1
1
1
1
1
1
1
1
1
1
1
1
1
1
1
1
1
1
1
1
1
1
1
1
1
1
1
1
1
1
1
1
1
1
1
1
1
1
1
1
1
1
1
1
1
1
1
1
1
1
1
1
1
1
1
1
1
1
1
1
1
1
1
1
1
1
1
1
1
1
1
1
1
1
1
1
1
1
1
1
1
1
1
1
1
1
1
1
1
1
1
1
1
1
1
1
1
1
1
1
1
1
1
1
1
1
1
1
1
1
1
1
1
1
1
1
1
1
1
1
1
1
1
1
1
1
1
1
1
1
1
1
1
1
1
1
1
1
1
1
1
1
1
1
1
1
1
1
1
1
1
1
1
1
1
1
1
1
1
1
1
1
1
1
1
1
1
1
1
1
1
1
1
1
1
1
1
1
1
1
1
1
1
1
1
1
1
1
1
1
1
1
1
1
1
1
1
1
1
1
1
1
1
1
1
1
1
1
1
1
1
1
10
10
10
10
10
10
10
12
12
12
12
12
12
12
12
12
12
16
17
18
18
18
18
20
20
19
19
19
18
18
19
19
18
18
18
18
20
20
20
19
21
21
21
21
21
21
21
21
21
21
20
21
20
20
20
21
20
20
20
20
20
20
20
20
20
20
19
19
19
20
21
21
21
21
21
21
21
21
21
23
23
23
23
23
23
23
23
24
25
25
25
25
25
26
26
26
27
27
28
28
28
28
28
28
29
29
29
29
30
30
30
30
30
31
31
31
31
31
31
31
31
31
32
32
32
32
32
32
32
32
33
33
33
33
33
32
32
32
32
32
32
32
32
32
31
31
31
31
31
31
31
31
31
31
31
31
31
31
31
31
31
31
31
31
31
32
32
32
32
32
32
32
32
32
32
32
32
32
32
32
32
32
32
32
32
32
32
33
33
33
33
33
33
33
33
34
34
34
35
36
36
36
37
37
37
38
38
39
40
40
41
43
43
45
46
48
50
52
53
54
56
57
58
59
59
60
62
63
64
283
288
291
294
298
393
397
402
408
413
417
497
496
496
497
498
498
497
497
497
496
495
496
499
499
501
501
503
503
502
476
505
500
495
492
490
486
482
475
434
429
425
422
419
416
413
407
391
366
356
349
343
332
319
308
307
333
341
346
351
357
366
375
394
406
410
413
416
418
421
423
467
472
477
480
415
419
425
428
499
500
500
499
498
498
497
496
496
495
496
497
497
497
497
496
496
497
496
495
418
414
409
405
400
396
392
298
294
291
287
284
61
59
58
57
56
55
53
52
51
49
47
46
46
45
44
43
43
41
41
41
39
39
39
38
38
38
37
37
37
36
35
35
35
34
34
34
34
34
34
33
33
33
33
33
33
33
33
33
32
32
32
31
31
31
31
31
31
31
31
30
30
30
30
30
30
30
30
30
30
30
30
30
30
30
30
31
31
31
31
31
31
31
31
31
32
32
32
32
32
32
32
32
32
32
32
32
33
33
33
33
32
32
32
32
31
31
31
31
31
31
31
30
30
30
30
30
30
29
29
29
29
29
28
28
28
28
28
27
27
27
27
27
26
26
26
26
25
25
25
25
25
24
24
24
23
23
22
22
22
22
22
21
21
21
21
21
20
19
19
19
19
19
19
20
20
18
18
18
18
18
18
18
17
18
18
19
19
19
21
21
20
21
21
21
21
21
21
21
20
20
20
19
19
19
19
20
19
19
19
20
21
19
20
21
21
21
19
19
20
19
19
19
17
12
12
12
12
12
12
12
12
12
12
12
12
12
12
12
12
12
12
12
12
12
12
9
1
1
1
1
1
1
1
1
1
1
1
1
1
1
1
1
1
1
1
1
1
1
1
1
1
1
1
1
1
1
1
1
1
1
1
1
1
1
1
1
1
1
1
1
1
1
1
1
1
1
1
1
1
1
1
1
1
1
1
1
1
1
1
1
1
1
1
1
1
1
1
1
1
1
1
1
1
1
1
1
1
1
1
1
1
1
1
1
1
1
1
1
1
1
1
1
1
1
1
1
1
1
1
1
1
1
1
1
1
1
1
1
1
1
1
1
1
1
1
1
1
1
1
1
1
1
1
1
1
1
1
1
1
1
1
1
1
1
1
1
1
1
1
1
1
1
1
1
1
1
1
1
1
1
1
1
1
1
1
1
1
1
1
1
1
1
1
1
1
1
1
1
1
1
1
1
1
1
1
1
1
1
1
1
1
1
1
1
1
1
1
1
1
1
1
1
1
1
1
1
1
1
1
1
1
1
1
1
1
1
1
1
1
1
1
1
1
1
1
1
1
1
