# Vetor de dados - syn_f001960-2-Pre--front--vetorlinha.txt
# Total de elementos: 768
# Formato: um valor por linha
#==================================================

1
1
1
1
1
1
1
1
1
1
1
1
1
1
1
1
1
1
1
1
1
1
1
1
1
1
1
1
1
1
1
1
1
1
1
1
1
1
1
1
1
1
1
1
1
1
1
1
1
1
1
1
1
1
1
1
1
1
1
1
1
1
1
1
1
1
1
1
1
1
1
1
1
1
1
1
1
1
1
1
1
1
1
1
1
1
1
1
1
1
1
1
1
1
1
1
1
1
1
1
1
1
1
1
1
1
1
1
1
1
1
1
1
1
1
1
1
1
1
17
23
27
31
35
37
39
41
43
45
47
48
49
51
51
53
54
55
55
56
57
57
58
59
59
59
59
59
59
59
59
59
59
59
59
59
58
60
65
66
67
67
67
66
65
65
65
64
63
63
62
61
59
57
57
55
50
49
48
47
47
47
45
45
45
43
43
42
43
42
41
41
42
42
42
41
42
42
42
42
42
42
42
43
43
45
48
50
52
55
57
60
68
73
77
99
138
149
158
166
173
184
200
224
245
296
349
361
373
382
391
400
409
419
429
438
452
465
474
481
489
497
506
516
529
545
560
575
585
586
585
584
583
562
558
537
538
344
158
151
147
143
141
139
137
137
135
134
133
131
130
129
127
125
123
121
118
116
115
113
111
110
108
108
106
105
104
104
103
102
101
100
99
98
97
96
95
93
92
91
89
90
90
90
90
90
92
92
92
92
92
92
92
93
93
92
92
91
91
91
91
91
91
91
91
91
91
91
90
90
90
90
90
90
89
89
89
89
89
89
89
87
87
87
87
87
87
87
86
86
88
88
88
88
89
89
91
92
94
95
97
98
100
102
104
105
106
108
109
110
111
112
113
114
115
115
117
117
117
118
118
119
119
119
120
121
121
121
121
123
123
123
123
123
125
125
125
127
127
127
129
129
129
131
131
131
133
133
134
135
135
136
137
138
138
139
140
140
142
142
142
142
142
143
144
144
144
144
144
146
146
146
146
146
146
146
146
146
146
146
146
145
145
145
145
145
145
145
145
145
145
145
145
145
145
145
145
145
145
144
144
144
144
144
143
143
143
142
142
142
142
141
141
140
140
139
138
138
137
137
136
135
135
134
133
133
132
131
131
130
129
129
128
127
126
125
125
124
123
123
121
121
120
119
119
118
118
118
116
116
116
116
114
114
114
114
113
113
112
112
112
112
112
112
111
111
111
111
110
110
110
110
110
110
110
110
109
109
108
108
108
108
108
108
108
108
108
109
109
109
109
109
109
110
110
111
111
111
111
111
111
112
112
112
113
113
113
113
113
113
114
114
114
114
114
114
114
114
114
114
114
114
114
114
114
114
113
113
113
113
113
112
112
112
111
111
111
111
110
109
109
109
109
107
107
107
107
107
105
105
105
104
103
103
103
102
102
101
101
100
100
100
99
99
98
98
98
97
96
96
96
96
95
94
94
94
94
92
92
92
92
91
90
90
90
90
89
89
89
88
88
88
88
88
88
88
88
89
89
90
90
90
91
91
91
91
91
91
92
92
92
92
92
94
94
94
96
96
96
97
98
99
100
102
103
104
106
107
107
109
109
110
111
112
112
111
111
111
110
109
108
107
105
105
103
103
99
96
94
45
43
41
1
1
1
1
1
1
1
1
1
1
1
1
1
1
1
1
1
1
1
1
1
1
1
1
1
1
1
1
1
1
1
1
1
1
1
1
1
1
1
1
1
1
1
1
1
1
1
1
1
1
1
1
1
1
1
1
1
