# Vetor de dados - syn_f000005-3-Pre--left--vetorlinha.txt
# Total de elementos: 768
# Formato: um valor por linha
#==================================================

1
1
1
1
1
1
1
1
1
1
1
1
1
1
1
1
1
1
1
1
1
1
1
1
1
1
1
1
1
1
1
1
1
1
1
1
1
1
1
1
1
1
1
1
1
1
1
1
1
1
1
1
1
1
1
1
1
1
1
1
1
1
1
1
1
1
1
1
1
1
1
1
1
1
1
1
1
1
1
1
1
1
1
1
1
1
1
1
1
1
1
1
1
1
1
1
1
1
1
1
1
1
1
1
1
1
1
1
1
1
1
1
1
1
1
1
1
1
1
1
1
1
1
1
1
1
19
27
34
37
42
45
48
50
53
54
56
59
61
63
64
65
66
67
69
69
70
71
72
72
72
73
73
73
74
74
75
75
75
75
75
76
76
76
76
77
78
79
79
79
80
81
80
81
82
80
79
79
76
74
71
70
70
69
67
67
65
64
65
64
63
63
63
63
63
63
63
63
63
63
62
62
61
58
46
45
45
44
44
44
43
44
43
44
44
44
44
44
44
45
45
46
48
48
49
49
50
51
52
54
56
59
65
91
149
159
165
170
176
181
185
190
196
204
210
215
219
224
229
235
242
247
254
262
267
280
282
282
281
280
279
276
274
266
264
165
85
86
86
87
87
88
88
88
89
89
89
90
90
90
90
90
90
90
89
89
89
89
89
89
88
88
88
88
88
88
86
86
86
85
85
83
83
82
80
79
77
77
75
76
75
75
74
74
73
72
72
72
71
70
69
69
68
67
66
66
65
65
64
64
64
64
64
64
63
63
63
64
64
63
63
63
63
64
64
64
64
63
64
64
66
66
66
67
68
69
70
71
72
73
74
75
76
77
78
79
81
82
83
83
85
86
86
87
89
89
90
90
91
92
92
93
94
94
94
95
95
95
96
96
97
97
97
97
97
97
97
97
97
96
96
96
96
96
95
95
95
95
94
94
92
92
92
91
92
91
91
91
90
91
91
90
90
90
89
90
89
89
88
87
86
86
85
85
84
83
82
82
80
79
78
78
78
78
78
77
78
78
77
77
77
77
77
78
78
78
78
78
78
77
78
78
78
78
78
78
78
78
78
78
77
77
78
77
77
77
77
76
76
76
76
75
75
75
75
74
74
74
73
73
73
73
73
71
71
71
71
70
70
69
69
68
68
67
67
67
65
65
65
64
63
62
62
62
61
61
59
59
58
58
58
57
56
56
55
55
54
54
53
53
54
53
53
52
53
53
53
54
54
53
54
55
54
55
54
55
55
55
55
55
55
55
55
54
55
54
54
54
53
52
53
52
52
51
52
51
51
51
51
51
51
50
50
50
50
50
50
50
50
49
50
50
50
51
51
51
51
52
52
52
52
52
52
52
52
52
52
52
52
52
52
51
51
51
51
51
51
51
51
49
49
49
49
49
48
48
47
47
46
46
46
46
44
44
43
43
43
42
42
42
40
40
40
39
39
39
38
38
38
38
37
37
37
37
37
37
38
38
38
38
39
40
41
42
43
46
48
51
53
54
57
59
61
63
65
68
70
72
75
78
79
83
84
85
85
85
84
48
50
52
54
58
61
64
68
71
75
77
78
81
84
88
91
90
89
88
86
84
82
75
62
54
47
40
37
36
1
1
1
1
1
1
1
1
1
1
1
1
1
1
1
1
1
1
1
1
1
1
1
1
1
1
1
1
1
1
1
1
1
1
1
1
1
1
1
1
1
1
1
1
1
1
1
1
1
1
1
1
1
1
1
1
1
1
1
1
1
1
