# Vetor de dados - syn_f000064-2-Pre--front--vetorcoluna.txt
# Total de elementos: 1024
# Formato: um valor por linha
#==================================================

1
1
1
1
1
1
1
1
1
1
1
1
1
1
1
1
1
1
1
1
1
1
1
1
1
1
1
1
1
1
1
1
1
1
1
1
1
1
1
1
1
1
1
1
1
1
1
1
1
1
1
1
1
1
1
1
1
1
1
1
1
1
1
1
1
1
1
1
1
1
1
1
1
1
1
1
1
1
1
1
1
1
1
1
1
1
1
1
1
1
1
1
1
1
1
1
1
1
1
1
1
1
1
1
1
1
1
1
1
1
1
1
1
1
1
1
1
1
1
1
1
1
1
1
1
1
1
1
1
1
1
1
1
1
1
1
1
1
1
1
1
1
1
1
1
1
1
1
1
1
1
1
1
1
1
1
1
1
1
1
1
1
1
1
1
1
1
1
1
1
1
1
1
1
1
1
1
1
1
1
1
1
1
1
1
1
1
1
1
1
1
1
1
1
1
1
1
1
1
1
1
1
1
1
1
1
1
1
1
1
1
1
1
1
1
1
1
1
1
1
1
1
1
1
1
1
1
1
1
1
1
1
1
1
1
1
1
1
1
1
1
1
1
1
1
1
1
1
1
1
1
20
20
20
20
20
20
20
20
20
20
20
20
20
20
20
20
20
21
21
21
21
21
21
21
21
22
22
22
22
22
22
23
23
23
23
23
24
24
24
24
24
24
25
25
25
25
25
25
25
25
25
25
25
25
25
25
25
25
25
26
26
26
26
26
26
26
27
27
27
27
28
28
29
30
30
30
30
30
31
32
32
32
32
33
33
34
34
34
35
35
35
35
35
36
36
36
36
36
36
37
38
38
38
38
38
38
39
38
38
38
38
38
38
39
38
38
38
38
37
37
37
37
37
36
36
36
36
36
35
35
35
35
35
35
36
36
36
35
35
35
35
36
36
36
36
36
37
37
37
37
37
37
38
38
38
38
39
39
39
39
39
40
40
40
40
40
40
40
40
40
41
41
41
41
41
41
42
43
43
43
43
43
44
44
45
45
45
46
46
47
47
49
50
53
54
48
51
55
58
58
63
71
75
78
79
274
277
280
283
287
290
379
384
388
393
398
402
406
482
484
485
487
486
487
488
490
490
490
491
490
490
491
494
494
496
497
498
571
573
574
573
534
512
505
500
496
493
490
486
482
478
474
470
420
418
416
412
409
397
377
369
362
360
362
367
373
381
397
410
414
416
419
467
472
476
481
485
489
492
496
501
504
507
529
530
495
496
497
496
495
495
493
493
491
489
488
488
489
489
488
488
488
487
485
485
408
403
398
394
390
386
382
378
297
292
288
286
282
279
69
62
60
62
64
61
59
58
57
56
54
52
51
49
48
47
46
46
44
43
43
42
42
42
40
40
40
39
39
39
39
38
38
38
37
37
37
37
37
37
37
37
37
37
36
36
36
36
35
35
35
35
35
35
34
34
34
34
34
34
33
33
33
33
33
33
34
33
33
33
33
33
34
34
34
34
35
35
35
35
35
36
36
37
37
38
38
38
37
37
37
38
38
37
37
37
37
37
37
37
36
36
37
37
37
37
36
36
36
35
35
34
34
34
34
33
33
33
33
33
32
32
32
31
31
30
30
30
29
29
29
29
29
28
28
28
28
28
28
28
28
28
28
28
28
28
28
27
27
27
27
27
27
27
27
27
27
27
27
28
28
28
28
28
27
27
27
27
26
26
26
26
25
25
25
25
25
25
24
24
24
24
24
24
24
24
24
24
24
24
23
23
23
23
23
23
23
23
23
23
23
23
23
1
1
1
1
1
1
1
1
1
1
1
1
1
1
1
1
1
1
1
1
1
1
1
1
1
1
1
1
1
1
1
1
1
1
1
1
1
1
1
1
1
1
1
1
1
1
1
1
1
1
1
1
1
1
1
1
1
1
1
1
1
1
1
1
1
1
1
1
1
1
1
1
1
1
1
1
1
1
1
1
1
1
1
1
1
1
1
1
1
1
1
1
1
1
1
1
1
1
1
1
1
1
1
1
1
1
1
1
1
1
1
1
1
1
1
1
1
1
1
1
1
1
1
1
1
1
1
1
1
1
1
1
1
1
1
1
1
1
1
1
1
1
1
1
1
1
1
1
1
1
1
1
1
1
1
1
1
1
1
1
1
1
1
1
1
1
1
1
1
1
1
1
1
1
1
1
1
1
1
1
1
1
1
1
1
1
1
1
1
1
1
1
1
1
1
1
1
1
1
1
1
1
1
1
1
1
1
1
1
1
1
1
1
1
1
1
1
1
1
1
1
1
1
1
1
1
1
1
1
1
1
1
1
1
1
1
1
1
1
1
1
1
1
1
1
1
1
1
1
1
1
