# Vetor de dados - syn_f004394-0-Pre--front--vetorlinha.txt
# Total de elementos: 768
# Formato: um valor por linha
#==================================================

1
1
1
1
1
1
1
1
1
1
1
1
1
1
1
1
1
1
1
1
1
1
1
1
1
1
1
1
1
1
1
1
1
1
1
1
1
1
1
1
1
1
1
1
1
1
1
1
1
1
1
1
1
1
1
1
1
1
1
1
1
1
1
1
1
1
1
1
1
1
1
1
1
1
1
1
1
1
1
1
1
1
1
1
1
1
1
1
1
1
1
1
1
1
1
1
1
1
1
1
1
1
1
1
1
1
1
1
1
1
1
1
1
1
1
1
1
1
1
13
24
27
31
35
38
40
42
44
46
48
50
52
52
54
55
56
58
58
60
60
60
62
62
62
64
64
64
64
64
64
64
64
64
64
64
64
64
64
64
65
70
72
73
73
73
73
71
71
71
71
70
69
69
69
67
67
65
64
63
63
57
56
56
54
54
54
54
54
53
52
52
50
49
47
47
47
47
47
47
46
46
46
46
47
47
47
48
49
53
56
60
64
70
76
85
122
141
157
169
260
274
287
301
323
343
355
369
412
418
426
461
468
471
474
473
465
464
470
475
480
484
490
495
431
432
431
429
428
427
426
425
424
399
397
395
393
395
381
378
376
374
371
368
346
148
145
143
141
139
137
134
132
130
128
126
124
122
120
119
118
118
117
116
116
114
114
114
114
114
113
113
113
112
112
112
112
112
112
111
111
111
111
111
111
112
110
110
110
110
110
110
110
110
110
110
110
110
110
110
110
110
109
109
109
108
108
108
108
109
109
109
109
109
109
109
109
111
111
111
111
111
112
113
113
114
114
115
115
116
116
116
117
117
118
118
119
119
119
120
120
121
121
123
124
125
126
127
129
129
131
131
133
133
133
133
135
135
135
135
135
135
135
135
135
135
135
135
134
134
134
134
134
134
134
134
134
134
134
135
135
135
135
135
137
137
137
138
138
139
140
140
140
141
142
142
143
143
143
144
145
145
145
147
147
147
147
147
147
147
147
147
147
147
147
147
147
147
147
147
147
147
145
145
145
145
145
145
145
143
143
143
142
142
141
141
141
140
140
139
139
138
138
137
137
137
137
136
135
135
135
134
134
133
133
132
132
132
130
130
128
128
128
127
127
125
125
125
124
124
123
123
123
123
123
122
122
121
121
121
121
120
120
120
120
119
119
118
118
118
118
117
117
117
117
116
116
116
116
116
116
115
115
115
115
115
115
115
115
115
115
115
115
115
115
115
115
114
113
113
113
113
113
113
113
113
113
113
113
113
113
113
113
113
113
113
113
113
114
114
114
114
114
114
114
114
114
114
114
114
114
114
114
114
114
114
114
114
114
114
115
114
114
114
114
114
114
113
113
113
113
113
113
112
112
112
111
111
111
110
110
110
110
110
109
108
108
108
108
108
107
107
106
106
106
106
105
105
105
105
104
104
103
103
103
102
102
101
101
101
100
100
99
99
99
98
97
97
97
96
96
96
95
95
95
95
94
94
94
94
94
94
94
94
94
94
94
95
95
96
97
97
97
98
98
98
98
98
98
98
98
98
99
100
100
101
102
102
102
104
105
106
107
109
109
111
112
113
114
115
115
117
117
117
118
118
118
117
116
116
115
113
112
111
110
106
103
101
47
44
1
1
1
1
1
1
1
1
1
1
1
1
1
1
1
1
1
1
1
1
1
1
1
1
1
1
1
1
1
1
1
1
1
1
1
1
1
1
1
1
1
1
1
1
1
1
1
1
1
1
1
1
1
1
1
1
1
1
1
