# Vetor de dados - syn_f001466-3-Pre--front--vetorlinha.txt
# Total de elementos: 768
# Formato: um valor por linha
#==================================================

1
1
1
1
1
1
1
1
1
1
1
1
1
1
1
1
1
1
1
1
1
1
1
1
1
1
1
1
1
1
1
1
1
1
1
1
1
1
1
1
1
1
1
1
1
1
1
1
1
1
1
1
1
1
1
1
1
1
1
1
1
1
1
1
1
1
1
1
1
1
1
1
1
1
1
1
1
1
1
1
1
1
1
1
1
1
1
1
1
1
1
1
1
1
1
1
1
1
1
1
1
1
1
1
1
1
1
1
1
1
1
19
25
29
32
35
39
40
42
44
46
48
49
50
51
52
54
54
56
56
58
58
58
60
60
60
60
61
62
62
62
62
62
62
62
62
61
60
60
60
61
66
69
69
69
69
69
69
67
67
67
67
65
65
65
63
62
61
59
59
57
52
50
49
49
48
47
47
46
46
45
45
44
44
44
44
44
44
44
44
44
44
44
44
44
43
44
47
50
54
59
62
65
69
72
77
81
84
87
134
173
184
199
218
234
249
296
315
360
373
388
401
411
424
439
451
463
475
485
491
498
505
513
521
530
545
556
572
576
588
594
607
607
606
601
582
582
582
562
559
468
451
364
360
155
152
151
149
148
147
147
145
145
144
144
144
143
143
141
141
140
139
138
137
137
136
135
135
134
134
134
132
132
131
131
130
129
129
127
127
126
125
125
123
123
121
120
118
118
116
115
114
112
112
111
110
110
110
110
110
112
112
112
112
112
112
112
112
113
113
112
112
112
112
112
112
111
110
109
108
107
107
105
105
103
103
102
102
101
100
100
101
102
102
102
104
104
105
106
107
109
111
113
114
116
118
120
121
122
124
126
127
128
130
130
132
132
132
134
134
134
136
136
136
136
136
136
137
137
138
138
138
138
138
138
138
138
138
138
138
139
139
140
140
140
141
141
142
142
143
143
144
144
146
146
146
148
148
148
150
150
150
152
152
152
153
153
154
154
154
155
155
156
156
156
157
157
157
157
157
157
157
157
157
157
157
157
157
157
157
157
157
157
156
156
156
156
156
155
155
154
154
154
153
153
153
152
152
151
151
150
149
149
148
147
147
147
145
145
144
143
143
142
141
141
141
139
139
139
138
137
137
136
135
135
134
133
133
132
131
131
130
129
128
128
127
126
126
125
125
125
123
123
123
123
123
122
122
121
121
120
120
120
120
120
120
119
119
119
119
119
119
119
119
119
119
119
118
118
118
118
118
118
118
117
117
116
116
116
116
116
116
116
116
115
115
116
116
116
116
116
116
116
116
117
117
118
118
118
118
119
119
120
120
120
120
121
122
122
122
122
122
123
123
123
123
123
123
123
123
124
124
123
124
123
123
123
123
123
123
123
122
122
122
122
122
122
121
120
120
120
119
119
118
118
118
117
117
116
116
116
114
114
114
112
112
112
112
110
110
110
108
108
108
108
108
106
106
106
106
104
104
104
104
102
102
102
102
102
100
100
100
100
99
99
99
98
98
98
98
97
97
97
97
97
97
97
96
96
96
96
96
96
97
97
97
97
97
97
97
97
97
97
97
99
98
99
99
99
99
101
101
101
101
102
102
103
104
105
106
107
108
110
110
112
112
114
114
115
116
116
117
117
117
118
118
116
116
116
115
114
113
112
109
105
104
47
44
43
1
1
1
1
1
1
1
1
1
1
1
1
1
1
1
1
1
1
1
1
1
1
1
1
1
1
1
1
1
1
1
1
1
1
1
1
1
1
1
1
1
1
1
1
1
1
1
1
1
