# Vetor de dados - syn_f001595-3-Pre--left--vetorlinha.txt
# Total de elementos: 768
# Formato: um valor por linha
#==================================================

1
1
1
1
1
1
1
1
1
1
1
1
1
1
1
1
1
1
1
1
1
1
1
1
1
1
1
1
1
1
1
1
1
1
1
1
1
1
1
1
1
1
1
1
1
1
1
1
1
1
1
1
1
1
1
1
1
1
1
1
1
1
1
1
1
1
1
1
1
1
1
1
1
1
1
1
1
1
1
1
1
1
1
1
1
1
1
1
1
1
1
1
1
1
1
1
1
1
1
1
1
1
1
1
1
1
1
1
1
1
1
1
1
1
1
1
1
1
1
1
1
1
16
25
32
37
41
44
47
49
53
55
57
59
61
62
64
65
67
68
69
70
71
71
72
73
74
74
75
75
75
75
75
75
75
76
76
76
76
78
78
79
78
79
80
79
80
81
82
82
82
82
82
81
81
79
78
75
74
73
72
71
71
70
69
68
68
66
66
65
64
64
63
63
63
63
63
63
63
62
62
61
60
58
57
56
55
55
53
53
52
52
52
52
52
51
52
51
52
52
52
54
54
55
57
58
60
89
100
157
166
172
180
191
202
210
215
218
223
227
231
237
244
249
260
268
284
287
287
287
286
284
282
280
278
270
269
249
201
197
191
186
180
175
166
156
147
99
94
95
96
96
98
98
99
99
100
100
100
101
101
101
102
102
102
102
102
103
102
102
101
101
101
101
100
100
100
99
99
98
98
98
98
96
96
96
94
94
93
92
91
90
91
91
90
91
91
91
90
89
89
89
88
88
88
88
87
87
87
86
86
86
84
84
84
83
83
82
82
82
82
81
81
81
80
80
80
80
79
79
79
79
79
79
81
81
81
81
83
84
84
86
87
88
90
91
92
94
95
96
97
99
100
101
102
102
104
105
105
106
106
107
108
108
108
109
109
110
111
112
112
112
112
113
113
113
113
113
113
113
112
112
112
112
112
112
112
112
112
111
110
110
110
110
109
108
108
107
106
106
104
104
103
101
101
98
98
98
97
97
96
97
96
95
95
94
94
93
92
91
91
91
89
88
87
87
87
87
87
86
86
86
87
86
86
87
87
87
87
87
87
88
88
88
88
88
89
88
88
88
88
88
88
88
87
88
88
88
88
87
87
86
86
86
85
85
85
85
84
84
83
83
83
81
81
81
81
80
79
79
78
77
77
77
75
75
75
74
73
72
72
70
70
69
69
67
67
66
65
65
63
63
62
62
61
60
59
58
58
57
57
56
56
56
55
55
55
53
54
53
54
54
54
54
54
54
55
54
54
54
54
54
54
54
54
54
54
54
54
55
54
54
54
54
53
53
52
53
53
52
52
52
53
53
52
52
52
52
51
51
52
52
52
53
53
53
53
53
54
54
53
53
53
53
54
54
54
53
53
53
53
53
53
52
51
51
51
51
51
50
50
50
49
49
49
48
47
47
47
47
45
45
45
45
44
43
43
42
42
42
40
40
40
40
38
38
38
38
38
37
37
36
37
37
37
36
37
38
38
39
40
40
42
43
45
48
51
53
55
57
59
61
63
67
70
72
75
75
77
78
78
81
80
80
80
80
40
40
42
44
45
47
50
52
53
56
59
62
66
70
73
76
78
81
83
85
86
88
88
87
85
82
80
75
64
56
51
47
41
38
1
1
1
1
1
1
1
1
1
1
1
1
1
1
1
1
1
1
1
1
1
1
1
1
1
1
1
1
1
1
1
1
1
1
1
1
1
1
1
1
1
1
1
1
1
1
1
1
1
1
1
1
1
1
1
1
1
1
