# Vetor de dados - syn_f001546-3-Pre--front--vetorcoluna.txt
# Total de elementos: 1024
# Formato: um valor por linha
#==================================================

1
1
1
1
1
1
1
1
1
1
1
1
1
1
1
1
1
1
1
1
1
1
1
1
1
1
1
1
1
1
1
1
1
1
1
1
1
1
1
1
1
1
1
1
1
1
1
1
1
1
1
1
1
1
1
1
1
1
1
1
1
1
1
1
1
1
1
1
1
1
1
1
1
1
1
1
1
1
1
1
1
1
1
1
1
1
1
1
1
1
1
1
1
1
1
1
1
1
1
1
1
1
1
1
1
1
1
1
1
1
1
1
1
1
1
1
1
1
1
1
1
1
1
1
1
1
1
1
1
1
1
1
1
1
1
1
1
1
1
1
1
1
1
1
1
1
1
1
1
1
1
1
1
1
1
1
1
1
1
1
1
1
1
1
1
1
1
1
1
1
1
1
1
1
1
1
1
1
1
1
1
1
1
1
1
1
1
1
1
1
1
1
1
1
1
1
1
1
1
1
1
1
1
1
1
1
1
1
1
1
1
1
1
1
1
1
1
1
1
1
1
1
1
1
1
1
1
1
1
1
1
1
1
1
1
10
10
10
10
10
10
10
10
10
10
10
10
10
12
10
12
12
12
16
18
18
20
20
20
20
20
19
19
19
18
18
18
20
19
19
19
19
19
19
21
21
21
21
22
21
21
21
21
22
21
21
20
21
20
20
21
20
20
20
20
20
20
20
20
20
20
20
20
21
21
21
21
21
22
22
22
22
23
23
23
23
24
25
25
25
25
25
25
27
27
27
27
27
27
29
29
29
29
29
29
31
31
31
31
31
31
31
31
32
32
32
33
33
33
33
33
33
34
34
34
34
34
34
34
34
34
34
34
34
34
34
34
34
33
33
33
33
33
33
33
32
32
32
32
32
32
32
32
32
32
32
32
32
32
32
32
32
32
32
32
32
32
33
33
33
33
33
33
33
33
33
33
33
34
34
34
34
34
34
34
34
34
34
34
34
34
34
34
34
34
34
35
35
35
36
36
36
36
37
38
38
38
40
40
41
41
42
43
44
47
51
55
57
58
59
60
62
63
65
67
68
70
72
74
76
78
277
280
375
378
381
383
387
390
394
399
403
472
473
473
474
475
475
476
476
475
476
477
477
478
478
479
478
478
547
522
512
482
476
471
466
460
454
448
407
405
402
400
397
393
388
379
372
346
332
324
326
333
339
346
372
389
393
398
400
401
404
406
451
456
461
467
471
476
484
488
553
553
481
482
481
481
480
479
479
478
479
479
478
477
476
476
475
473
473
407
402
398
394
390
386
383
378
375
372
289
74
72
70
69
65
59
57
56
55
54
52
49
48
47
46
45
44
44
43
43
42
41
41
41
40
39
38
38
38
37
37
37
36
35
35
35
35
34
34
34
34
34
34
34
34
34
34
34
34
33
33
33
33
33
33
33
32
32
32
32
32
32
32
32
32
32
31
31
31
31
31
31
31
31
31
31
31
31
32
32
32
32
32
32
32
32
32
32
32
32
33
33
33
33
33
33
33
33
33
34
34
34
34
34
34
34
34
34
34
34
33
33
33
33
33
33
33
32
32
32
32
32
31
31
31
31
31
30
30
30
30
29
29
29
29
28
28
27
27
26
26
26
26
25
25
25
25
24
24
24
23
22
22
22
22
22
22
21
20
20
20
20
19
19
19
19
19
20
18
18
19
20
19
20
21
20
21
21
20
21
21
21
21
21
21
21
21
22
22
22
22
22
22
23
23
23
24
24
24
25
25
25
25
25
25
24
24
22
17
17
17
17
17
17
17
17
17
17
17
17
17
17
17
17
17
17
17
17
1
1
1
1
1
1
1
1
1
1
1
1
1
1
1
1
1
1
1
1
1
1
1
1
1
1
1
1
1
1
1
1
1
1
1
1
1
1
1
1
1
1
1
1
1
1
1
1
1
1
1
1
1
1
1
1
1
1
1
1
1
1
1
1
1
1
1
1
1
1
1
1
1
1
1
1
1
1
1
1
1
1
1
1
1
1
1
1
1
1
1
1
1
1
1
1
1
1
1
1
1
1
1
1
1
1
1
1
1
1
1
1
1
1
1
1
1
1
1
1
1
1
1
1
1
1
1
1
1
1
1
1
1
1
1
1
1
1
1
1
1
1
1
1
1
1
1
1
1
1
1
1
1
1
1
1
1
1
1
1
1
1
1
1
1
1
1
1
1
1
1
1
1
1
1
1
1
1
1
1
1
1
1
1
1
1
1
1
1
1
1
1
1
1
1
1
1
1
1
1
1
1
1
1
1
1
1
1
1
1
1
1
1
1
1
1
1
1
1
1
1
1
1
1
1
1
1
1
1
1
1
1
1
1
1
