# Vetor de dados - syn_f004545-1-Pre--front--vetorlinha.txt
# Total de elementos: 768
# Formato: um valor por linha
#==================================================

1
1
1
1
1
1
1
1
1
1
1
1
1
1
1
1
1
1
1
1
1
1
1
1
1
1
1
1
1
1
1
1
1
1
1
1
1
1
1
1
1
1
1
1
1
1
1
1
1
1
1
1
1
1
1
1
1
1
1
1
1
1
1
1
1
1
1
1
1
1
1
1
1
1
1
1
1
1
1
1
1
1
1
1
1
1
1
1
1
1
1
1
1
1
1
1
1
1
1
1
1
1
1
1
1
1
1
1
1
1
1
1
1
1
1
1
1
1
1
1
1
1
1
1
1
8
21
25
29
33
37
39
41
43
45
47
49
51
51
53
53
55
57
57
59
59
59
61
61
61
62
63
63
63
63
63
63
63
63
63
63
63
63
62
62
64
69
70
70
70
70
70
70
70
68
68
68
68
66
66
65
64
62
62
61
59
54
53
52
52
51
51
49
49
47
47
46
46
45
45
45
46
46
46
46
46
45
46
46
47
49
53
58
64
68
72
78
85
89
94
117
127
158
169
179
280
296
314
337
402
422
432
442
452
462
475
490
513
532
536
541
544
549
552
555
545
542
554
561
574
575
574
491
483
477
465
435
400
392
383
169
159
154
150
147
146
144
144
142
142
141
140
139
139
137
136
136
134
134
133
133
132
131
132
131
131
131
131
131
131
130
130
130
130
129
129
128
128
127
127
126
125
125
123
123
121
121
120
118
118
117
115
114
113
112
110
109
109
109
108
108
108
108
108
108
108
108
108
108
108
108
109
109
109
110
110
110
110
110
110
111
111
111
111
111
111
111
110
110
110
110
110
110
109
109
109
111
111
112
113
113
113
115
115
116
116
117
118
118
118
120
120
120
120
121
121
121
122
122
123
123
123
124
124
124
124
125
125
126
126
126
126
126
126
126
127
127
127
128
128
128
128
128
128
129
129
129
129
129
129
129
129
129
130
130
130
130
131
131
131
131
131
131
131
131
131
131
131
131
132
132
131
132
131
131
131
131
131
131
131
131
131
131
131
130
129
129
129
129
129
129
129
129
128
127
127
127
127
127
127
126
125
125
125
125
123
123
123
123
121
121
121
121
121
120
120
120
119
119
119
119
118
118
117
116
116
116
115
114
114
113
112
112
111
110
110
109
108
107
107
107
106
105
105
104
104
103
103
102
102
102
101
101
101
100
100
100
100
100
100
100
100
100
100
100
100
100
100
100
100
99
99
99
99
99
99
99
99
99
99
99
100
100
100
100
100
100
100
101
101
102
102
102
103
104
104
104
105
106
106
106
106
106
107
108
108
108
108
107
108
107
107
107
107
108
107
108
107
107
107
107
107
107
107
105
105
105
105
105
105
104
103
103
103
103
102
101
101
101
100
100
100
99
99
98
98
98
97
97
96
96
96
96
95
94
94
94
94
94
93
92
92
92
92
92
91
90
90
90
90
90
88
88
88
88
88
87
86
86
86
86
86
85
84
84
84
84
84
84
84
84
84
86
86
86
86
86
86
86
86
86
86
86
86
86
87
87
88
89
89
89
90
91
91
92
93
94
95
96
98
99
100
101
101
102
103
103
103
103
104
104
103
102
102
102
102
102
99
98
95
94
90
41
40
37
1
1
1
1
1
1
1
1
1
1
1
1
1
1
1
1
1
1
1
1
1
1
1
1
1
1
1
1
1
1
1
1
1
1
1
1
1
1
1
1
1
1
1
1
1
1
1
1
1
1
1
1
1
1
1
1
1
1
1
1
1
1
1
