# Vetor de dados - syn_f002051-2-Pre--left--vetorlinha.txt
# Total de elementos: 768
# Formato: um valor por linha
#==================================================

1
1
1
1
1
1
1
1
1
1
1
1
1
1
1
1
1
1
1
1
1
1
1
1
1
1
1
1
1
1
1
1
1
1
1
1
1
1
1
1
1
1
1
1
1
1
1
1
1
1
1
1
1
1
1
1
1
1
1
1
1
1
1
1
1
1
1
1
1
1
1
1
1
1
1
1
1
1
1
1
1
1
1
1
1
1
1
1
1
1
1
1
1
1
1
1
1
1
1
1
1
1
1
1
1
1
1
1
1
1
1
13
24
30
36
41
44
47
50
53
55
57
59
61
63
64
66
67
68
70
70
72
72
73
74
75
75
76
77
76
77
77
77
77
78
78
78
79
79
80
80
81
82
81
82
83
83
83
84
85
85
86
85
85
84
82
79
76
74
73
73
72
70
69
69
68
68
67
66
66
67
67
67
67
66
67
66
65
64
62
60
58
56
54
53
53
53
53
54
54
54
55
54
55
55
55
56
56
56
57
58
58
59
60
61
61
63
67
72
79
87
167
173
178
184
189
194
199
204
210
214
221
226
231
235
240
245
250
257
263
267
277
284
291
303
303
303
303
303
301
297
295
286
284
203
196
189
165
101
101
102
102
103
103
104
104
104
105
105
105
105
106
106
106
106
106
106
105
105
106
106
105
105
104
104
104
103
103
103
101
100
100
98
97
97
97
96
97
97
96
97
97
96
96
96
96
95
95
94
94
93
93
93
93
93
93
93
93
94
93
93
93
93
93
93
93
93
93
93
94
94
93
93
94
94
93
93
94
93
93
93
93
93
92
92
92
93
94
95
96
97
98
98
100
100
101
101
103
104
105
105
106
107
108
108
108
110
110
110
112
112
112
112
113
113
113
113
114
114
115
115
115
115
115
114
115
114
114
114
114
114
114
113
113
113
112
111
111
111
110
110
108
108
108
107
107
106
104
104
103
103
101
100
99
98
97
95
94
92
92
92
91
91
90
90
89
89
88
88
87
87
86
85
84
84
83
83
82
82
81
81
81
80
80
80
79
79
79
79
79
79
79
78
78
79
79
79
79
79
79
79
78
78
78
78
78
79
79
79
79
78
78
78
78
78
78
77
77
77
77
77
77
75
75
75
75
75
75
74
73
73
73
73
71
71
71
71
69
69
69
69
67
67
67
67
65
65
65
64
63
63
62
62
61
60
60
59
59
58
58
57
57
57
56
56
56
55
55
55
55
55
55
56
56
57
57
58
58
59
60
60
61
61
62
62
61
62
62
62
62
62
62
62
62
62
62
61
60
60
60
60
59
59
58
58
58
57
57
56
57
56
55
55
55
55
54
54
54
54
54
54
54
54
54
54
54
53
53
53
52
52
52
52
52
53
52
52
52
52
52
52
51
51
51
51
51
50
50
50
50
50
50
49
49
48
48
48
48
47
46
46
46
45
45
44
44
44
42
42
42
42
41
40
40
40
39
39
39
38
38
38
38
38
37
37
37
37
37
37
36
36
36
36
37
38
39
40
41
42
45
46
48
50
52
54
56
57
59
61
62
66
72
74
76
79
80
81
81
81
82
83
85
84
84
85
85
85
83
55
56
58
60
63
66
68
71
73
76
78
83
85
87
88
90
90
91
90
89
89
87
85
72
61
56
52
47
46
44
41
1
1
1
1
1
1
1
1
1
1
1
1
1
1
1
1
1
1
1
1
1
1
1
1
1
1
1
1
1
1
1
1
1
1
1
1
1
1
1
1
1
1
1
1
1
1
1
1
1
