# Vetor de dados - syn_f004430-1-Pre--front--vetorlinha.txt
# Total de elementos: 768
# Formato: um valor por linha
#==================================================

1
1
1
1
1
1
1
1
1
1
1
1
1
1
1
1
1
1
1
1
1
1
1
1
1
1
1
1
1
1
1
1
1
1
1
1
1
1
1
1
1
1
1
1
1
1
1
1
1
1
1
1
1
1
1
1
1
1
1
1
1
1
1
1
1
1
1
1
1
1
1
1
1
1
1
1
1
1
1
1
1
1
1
1
1
1
1
1
1
1
1
1
1
1
1
1
1
1
1
1
1
1
1
1
1
1
1
1
1
1
1
1
1
1
1
1
1
1
1
1
1
1
1
1
1
12
22
26
29
33
36
38
40
42
44
46
47
48
50
50
52
54
54
55
56
56
57
58
58
58
59
59
60
60
60
60
60
60
59
58
58
58
58
63
66
67
67
67
67
67
66
65
65
65
63
63
63
61
60
59
58
57
52
50
48
48
47
47
46
46
46
45
45
45
45
45
45
45
45
44
44
43
44
44
44
44
45
46
255
272
322
324
327
329
332
332
345
354
357
357
364
370
375
380
384
389
394
401
405
408
410
412
415
417
421
422
423
425
425
424
421
419
417
418
411
407
407
410
410
412
411
398
381
376
375
372
348
349
349
149
146
145
144
142
141
141
139
138
136
135
134
132
130
129
127
126
125
125
125
124
124
124
124
124
124
124
124
124
124
123
122
122
122
122
121
120
120
119
118
118
116
114
114
112
111
111
110
110
111
111
112
112
112
112
112
112
112
112
112
112
112
112
112
112
112
112
112
112
112
113
114
114
114
114
114
114
114
114
114
114
114
114
114
114
114
115
116
117
117
119
120
121
122
124
125
127
128
129
130
132
134
134
134
136
136
138
138
139
140
140
140
142
142
142
142
142
142
143
143
143
143
143
143
142
142
142
142
142
142
142
142
142
142
142
142
142
142
142
142
142
142
143
143
143
144
144
144
145
145
146
146
146
146
146
146
146
146
146
146
146
146
146
147
147
147
147
147
146
146
145
145
145
145
145
145
143
143
143
143
143
143
142
142
141
141
141
140
140
140
139
139
139
138
138
138
138
137
137
136
136
136
136
135
134
134
134
134
132
132
132
132
130
130
130
128
128
128
127
126
126
125
124
124
123
123
122
122
122
121
121
120
120
120
119
119
118
118
118
118
118
116
116
116
116
115
114
114
114
113
113
112
112
112
112
112
112
111
110
110
110
110
110
110
110
110
110
110
110
109
109
109
108
108
108
108
108
108
108
108
109
109
109
109
109
109
110
110
110
110
110
112
112
112
112
112
113
114
114
114
114
114
114
115
116
116
116
116
116
116
116
116
116
116
116
116
116
116
115
115
115
115
115
115
115
115
113
113
113
113
113
113
113
111
111
111
111
111
111
109
109
109
109
109
109
107
107
107
107
107
107
105
105
105
105
105
103
103
103
103
103
102
101
101
101
101
99
99
99
99
99
98
97
97
97
97
96
96
95
95
95
95
95
95
95
95
95
95
95
95
95
95
95
95
95
95
96
95
95
95
95
95
95
95
95
96
96
96
98
98
98
99
100
101
101
103
103
105
105
107
108
109
110
111
111
111
113
113
113
113
114
114
114
113
113
114
113
112
111
110
104
101
45
43
38
29
1
1
1
1
1
1
1
1
1
1
1
1
1
1
1
1
1
1
1
1
1
1
1
1
1
1
1
1
1
1
1
1
1
1
1
1
1
1
1
1
1
1
1
1
1
1
1
1
1
1
1
1
1
1
1
1
1
1
1
1
1
1
1
