# Vetor de dados - syn_f002943-0-Pre--left--vetorlinha.txt
# Total de elementos: 768
# Formato: um valor por linha
#==================================================

1
1
1
1
1
1
1
1
1
1
1
1
1
1
1
1
1
1
1
1
1
1
1
1
1
1
1
1
1
1
1
1
1
1
1
1
1
1
1
1
1
1
1
1
1
1
1
1
1
1
1
1
1
1
1
1
1
1
1
1
1
1
1
1
1
1
1
1
1
1
1
1
1
1
1
1
1
1
1
1
1
1
1
1
1
1
1
1
1
1
1
1
1
1
1
1
1
1
1
1
1
1
1
1
1
1
1
1
1
1
1
1
1
1
1
1
1
1
1
1
1
1
1
8
22
29
34
38
42
45
48
50
52
54
56
58
60
61
63
64
65
66
67
68
69
69
70
71
71
71
71
71
71
71
72
72
72
73
73
73
74
74
75
75
75
76
77
77
78
78
79
79
79
78
78
76
73
71
70
69
68
67
67
66
65
64
64
63
62
62
61
61
61
61
61
61
61
60
59
58
57
55
53
52
50
48
48
47
47
47
47
47
47
47
47
48
47
48
48
49
50
159
168
212
219
231
241
260
278
279
279
279
278
277
275
273
266
265
265
249
247
236
202
199
195
192
188
183
179
175
170
163
157
152
144
123
115
112
108
104
99
94
90
91
92
92
94
94
95
95
95
95
96
96
96
96
96
97
96
96
96
96
96
95
96
96
96
96
96
95
95
95
94
93
93
92
90
90
89
88
87
86
85
84
84
82
82
82
83
83
82
83
83
84
84
85
84
85
85
85
85
86
85
86
86
86
86
85
86
85
86
86
86
85
86
86
86
85
86
86
86
86
86
86
85
85
86
86
86
86
85
86
86
86
86
86
87
88
88
89
89
90
90
92
92
93
93
95
95
96
97
97
98
98
99
99
100
100
101
101
102
102
103
102
103
103
103
103
103
103
104
103
103
104
104
103
103
104
104
104
103
103
103
103
103
102
102
102
102
102
101
101
100
99
99
99
97
97
96
95
95
95
94
94
94
93
94
93
92
92
91
91
91
90
89
89
88
87
86
84
83
83
83
82
82
82
81
81
80
80
80
79
79
79
79
79
79
79
78
78
78
77
77
77
77
77
77
77
77
76
76
76
76
76
76
76
75
75
75
75
74
74
74
74
73
73
73
73
71
71
71
70
70
70
69
69
69
69
68
67
67
66
66
66
65
65
64
63
63
63
62
61
60
60
60
59
59
58
58
57
56
56
55
55
55
54
54
55
55
54
55
56
55
56
56
57
56
57
57
58
57
57
57
57
57
57
56
57
56
56
55
56
55
55
56
55
55
54
54
53
53
53
53
52
52
51
51
51
50
50
50
50
50
50
50
50
50
49
50
50
50
50
50
50
49
49
49
49
49
50
50
49
49
49
49
49
48
47
47
47
47
47
46
46
46
46
46
46
44
44
44
44
44
43
42
42
42
42
42
41
40
40
40
39
39
39
38
38
37
37
37
37
37
36
35
35
35
36
36
36
35
36
36
36
37
38
38
39
40
41
44
45
47
49
52
54
56
58
61
65
69
72
73
75
77
78
79
80
82
84
84
84
84
84
84
42
43
45
48
50
51
53
55
59
62
65
70
72
75
78
81
82
84
86
87
88
86
85
83
81
78
68
60
55
51
44
41
34
1
1
1
1
1
1
1
1
1
1
1
1
1
1
1
1
1
1
1
1
1
1
1
1
1
1
1
1
1
1
1
1
1
1
1
1
1
1
1
1
1
1
1
1
1
1
1
1
1
1
1
1
1
1
1
1
1
1
1
1
