# Vetor de dados - syn_f001937-0-Pre--front--vetorcoluna.txt
# Total de elementos: 1024
# Formato: um valor por linha
#==================================================

1
1
1
1
1
1
1
1
1
1
1
1
1
1
1
1
1
1
1
1
1
1
1
1
1
1
1
1
1
1
1
1
1
1
1
1
1
1
1
1
1
1
1
1
1
1
1
1
1
1
1
1
1
1
1
1
1
1
1
1
1
1
1
1
1
1
1
1
1
1
1
1
1
1
1
1
1
1
1
1
1
1
1
1
1
1
1
1
1
1
1
1
1
1
1
1
1
1
1
1
1
1
1
1
1
1
1
1
1
1
1
1
1
1
1
1
1
1
1
1
1
1
1
1
1
1
1
1
1
1
1
1
1
1
1
1
1
1
1
1
1
1
1
1
1
1
1
1
1
1
1
1
1
1
1
1
1
1
1
1
1
1
1
1
1
1
1
1
1
1
1
1
1
1
1
1
1
1
1
1
1
1
1
1
1
1
1
1
1
1
1
1
1
1
1
1
1
1
1
1
1
1
1
1
1
1
1
1
1
1
1
1
1
1
1
1
1
1
1
1
1
1
1
1
1
1
1
1
1
1
1
1
1
1
1
1
1
1
1
1
1
1
1
1
1
1
1
1
1
1
1
1
1
1
1
20
20
20
19
19
19
19
19
19
19
19
19
19
19
20
20
20
20
20
20
20
21
21
21
21
22
21
21
21
21
21
22
22
22
22
23
23
23
23
23
23
23
23
23
22
22
22
22
21
21
21
21
20
20
20
20
20
20
20
20
21
21
21
21
22
22
22
22
22
23
23
23
24
24
24
24
25
25
25
25
26
27
27
27
27
28
28
28
28
28
29
29
29
29
29
30
30
30
30
30
30
30
30
31
31
31
31
31
31
32
32
32
31
31
31
31
31
31
30
30
30
30
30
29
29
29
29
28
28
28
28
27
27
27
27
27
27
27
27
27
27
27
27
26
27
27
27
27
27
27
27
27
27
27
27
27
27
27
27
28
28
28
28
27
27
27
27
28
28
28
28
28
29
29
29
29
29
30
30
30
31
31
32
32
32
33
33
35
36
37
39
41
43
45
46
48
49
50
51
52
53
54
56
57
59
60
62
65
69
264
268
274
281
377
382
387
392
396
401
469
471
472
472
472
473
474
474
474
473
472
472
474
474
474
475
476
476
554
555
554
479
475
472
469
466
463
458
424
422
418
415
409
395
389
368
362
355
348
338
334
343
349
356
362
372
388
410
414
417
419
422
455
461
465
469
472
477
481
560
560
560
559
558
557
555
553
475
475
475
474
474
474
473
473
474
474
472
471
471
404
398
392
387
382
378
287
283
278
270
265
67
64
62
60
58
56
55
53
52
51
50
47
46
44
43
41
40
38
38
37
36
35
35
35
34
33
33
33
32
32
31
31
30
30
30
29
29
30
29
29
29
29
29
29
29
29
29
29
29
29
29
29
28
28
28
28
28
28
28
28
28
28
27
27
27
27
27
27
27
27
27
27
27
27
27
28
28
28
28
28
28
28
29
29
29
30
30
30
31
31
31
31
31
31
30
30
31
31
31
31
31
31
31
31
31
31
31
31
31
29
29
29
29
29
29
29
29
27
27
27
27
27
27
27
27
27
25
25
25
25
25
24
24
23
23
23
23
22
22
22
22
21
21
21
21
21
21
19
19
19
19
19
19
19
18
18
18
18
18
18
18
18
18
17
17
17
17
17
18
18
17
18
19
20
20
19
19
20
20
20
19
19
19
19
20
18
18
18
18
18
18
18
19
18
18
19
19
19
20
20
20
20
19
18
16
9
9
9
9
9
9
9
9
9
9
8
8
8
8
8
8
8
8
8
8
8
1
1
1
1
1
1
1
1
1
1
1
1
1
1
1
1
1
1
1
1
1
1
1
1
1
1
1
1
1
1
1
1
1
1
1
1
1
1
1
1
1
1
1
1
1
1
1
1
1
1
1
1
1
1
1
1
1
1
1
1
1
1
1
1
1
1
1
1
1
1
1
1
1
1
1
1
1
1
1
1
1
1
1
1
1
1
1
1
1
1
1
1
1
1
1
1
1
1
1
1
1
1
1
1
1
1
1
1
1
1
1
1
1
1
1
1
1
1
1
1
1
1
1
1
1
1
1
1
1
1
1
1
1
1
1
1
1
1
1
1
1
1
1
1
1
1
1
1
1
1
1
1
1
1
1
1
1
1
1
1
1
1
1
1
1
1
1
1
1
1
1
1
1
1
1
1
1
1
1
1
1
1
1
1
1
1
1
1
1
1
1
1
1
1
1
1
1
1
1
1
1
1
1
1
1
1
1
1
1
1
1
1
1
1
1
1
1
1
1
1
1
1
1
1
1
1
1
1
1
1
1
1
1
