# Vetor de dados - syn_f004327-0-Pre--front--vetorcoluna.txt
# Total de elementos: 1024
# Formato: um valor por linha
#==================================================

1
1
1
1
1
1
1
1
1
1
1
1
1
1
1
1
1
1
1
1
1
1
1
1
1
1
1
1
1
1
1
1
1
1
1
1
1
1
1
1
1
1
1
1
1
1
1
1
1
1
1
1
1
1
1
1
1
1
1
1
1
1
1
1
1
1
1
1
1
1
1
1
1
1
1
1
1
1
1
1
1
1
1
1
1
1
1
1
1
1
1
1
1
1
1
1
1
1
1
1
1
1
1
1
1
1
1
1
1
1
1
1
1
1
1
1
1
1
1
1
1
1
1
1
1
1
1
1
1
1
1
1
1
1
1
1
1
1
1
1
1
1
1
1
1
1
1
1
1
1
1
1
1
1
1
1
1
1
1
1
1
1
1
1
1
1
1
1
1
1
1
1
1
1
1
1
1
1
1
1
1
1
1
1
1
1
1
1
1
1
1
1
1
1
1
1
1
1
1
1
1
1
1
1
1
1
1
1
1
1
1
1
1
1
1
1
1
1
1
1
1
1
1
1
1
1
1
12
12
12
13
13
13
13
13
13
13
13
13
13
12
12
12
12
13
13
13
13
13
20
20
21
21
21
21
21
21
21
21
20
20
20
20
19
18
18
18
18
19
19
19
19
20
20
20
19
21
20
19
19
20
19
18
18
18
18
17
17
17
17
18
18
18
18
18
18
18
18
19
19
19
19
20
21
21
21
21
21
21
22
22
22
23
23
23
23
23
24
24
24
24
24
24
26
26
26
26
27
27
27
27
27
29
29
29
29
29
29
30
30
30
30
30
31
31
31
31
31
32
32
32
32
32
32
32
32
32
32
32
32
32
32
32
32
32
32
31
30
30
30
30
30
30
30
29
29
29
29
29
29
29
28
28
28
28
28
28
28
28
28
28
28
29
29
29
29
29
29
30
30
30
30
31
31
31
31
31
31
31
32
33
33
33
33
34
34
34
34
35
35
35
35
36
36
36
37
37
38
38
38
39
39
39
39
41
41
41
42
42
42
43
44
45
46
47
48
49
50
51
52
53
54
55
56
58
60
62
63
68
75
81
270
274
277
280
283
288
292
298
372
379
385
392
398
404
410
480
481
481
481
482
483
483
482
483
482
484
484
486
486
487
488
487
487
563
489
486
482
479
476
472
468
426
422
418
415
405
393
380
374
370
365
360
356
351
345
337
340
353
358
362
366
371
376
386
407
416
419
422
425
429
469
473
477
480
483
486
491
570
490
490
489
488
487
485
485
485
485
485
485
483
482
483
482
482
481
478
406
401
396
389
384
378
372
298
292
287
284
280
277
274
271
60
59
58
57
56
56
55
54
53
52
51
49
48
47
46
45
43
42
42
41
41
39
39
39
38
37
37
36
35
35
35
35
34
34
33
33
32
32
32
32
32
32
31
31
31
31
30
30
30
30
30
30
30
29
28
28
28
28
28
28
28
28
28
28
28
28
28
28
28
28
28
28
28
28
28
28
29
29
29
30
30
30
30
30
30
30
31
32
32
32
32
32
32
32
32
32
32
32
32
32
32
32
32
32
32
32
31
31
31
30
30
30
30
30
29
29
29
29
29
28
28
27
27
27
27
27
27
27
26
25
25
25
25
25
25
25
24
24
23
23
23
23
23
22
22
22
22
21
21
21
21
21
21
21
20
20
19
19
18
18
18
18
18
18
18
17
17
17
17
18
17
18
18
20
18
19
19
20
20
19
19
19
19
20
18
18
18
18
18
18
18
18
18
18
19
19
20
18
18
18
18
18
18
18
16
10
10
10
9
9
8
8
8
8
8
8
8
8
8
8
8
8
8
8
8
8
2
1
1
1
1
1
1
1
1
1
1
1
1
1
1
1
1
1
1
1
1
1
1
1
1
1
1
1
1
1
1
1
1
1
1
1
1
1
1
1
1
1
1
1
1
1
1
1
1
1
1
1
1
1
1
1
1
1
1
1
1
1
1
1
1
1
1
1
1
1
1
1
1
1
1
1
1
1
1
1
1
1
1
1
1
1
1
1
1
1
1
1
1
1
1
1
1
1
1
1
1
1
1
1
1
1
1
1
1
1
1
1
1
1
1
1
1
1
1
1
1
1
1
1
1
1
1
1
1
1
1
1
1
1
1
1
1
1
1
1
1
1
1
1
1
1
1
1
1
1
1
1
1
1
1
1
1
1
1
1
1
1
1
1
1
1
1
1
1
1
1
1
1
1
1
1
1
1
1
1
1
1
1
1
1
1
1
1
1
1
1
1
1
1
1
1
1
1
1
1
1
1
1
1
1
1
1
1
1
1
1
1
1
1
1
1
1
1
1
1
1
1
1
1
1
1
