# Vetor de dados - syn_f004522-2-Pre--front--vetorcoluna.txt
# Total de elementos: 1024
# Formato: um valor por linha
#==================================================

1
1
1
1
1
1
1
1
1
1
1
1
1
1
1
1
1
1
1
1
1
1
1
1
1
1
1
1
1
1
1
1
1
1
1
1
1
1
1
1
1
1
1
1
1
1
1
1
1
1
1
1
1
1
1
1
1
1
1
1
1
1
1
1
1
1
1
1
1
1
1
1
1
1
1
1
1
1
1
1
1
1
1
1
1
1
1
1
1
1
1
1
1
1
1
1
1
1
1
1
1
1
1
1
1
1
1
1
1
1
1
1
1
1
1
1
1
1
1
1
1
1
1
1
1
1
1
1
1
1
1
1
1
1
1
1
1
1
1
1
1
1
1
1
1
1
1
1
1
1
1
1
1
1
1
1
1
1
1
1
1
1
1
1
1
1
1
1
1
1
1
1
1
1
1
1
1
1
1
1
1
1
1
1
1
1
1
1
1
1
1
1
1
1
1
1
1
1
1
1
1
1
1
1
1
1
1
1
1
1
1
1
1
1
1
1
1
1
1
9
12
12
12
12
12
12
12
12
12
12
12
12
12
12
12
12
12
12
12
12
12
12
17
18
20
20
20
20
20
19
19
21
20
19
19
19
20
19
19
19
20
20
20
20
21
21
21
22
22
22
22
22
22
22
22
21
22
21
21
21
19
20
20
19
19
20
20
20
20
21
21
21
21
21
23
23
23
23
23
24
25
25
25
26
26
26
27
28
28
28
29
29
29
30
31
31
31
31
32
32
32
32
32
33
34
34
34
34
35
35
35
35
35
35
36
36
37
37
37
37
37
37
37
38
39
39
39
39
39
40
40
40
40
41
41
41
41
41
42
42
42
42
42
42
42
42
42
41
41
41
41
41
41
41
41
41
41
41
41
41
41
42
42
41
41
41
41
41
41
41
42
42
42
42
42
42
42
43
43
43
43
43
43
44
44
44
44
44
44
44
45
45
45
45
45
45
45
46
46
46
46
46
47
47
47
47
47
48
47
47
47
47
48
48
48
48
49
49
49
49
49
49
49
50
50
50
51
52
54
56
58
60
62
288
292
296
301
314
395
399
402
405
408
411
415
418
421
492
493
493
493
493
495
496
497
497
498
498
498
497
498
499
501
501
502
503
504
503
503
502
471
537
518
514
511
507
503
500
496
493
488
484
478
470
441
436
432
428
426
424
421
391
378
372
367
372
379
390
418
424
425
427
430
434
437
444
474
481
487
491
496
500
504
508
512
515
518
520
540
467
505
506
506
507
506
504
504
503
502
501
500
499
499
500
500
499
499
498
498
498
498
497
423
419
415
412
408
406
403
399
396
392
315
299
292
70
71
71
68
65
63
61
58
56
55
54
53
52
52
51
49
49
48
48
48
47
46
46
45
45
45
45
45
44
43
43
43
43
43
43
43
43
43
43
43
43
43
43
42
42
42
42
42
42
42
42
42
42
41
41
41
41
40
40
40
40
40
39
39
39
39
39
39
39
39
40
40
40
40
40
40
40
40
39
40
40
40
40
40
40
41
41
41
41
41
41
41
41
41
40
40
41
40
40
40
40
39
39
39
39
38
38
38
38
38
37
36
36
36
36
36
36
35
34
34
34
34
34
33
33
32
32
32
32
31
31
30
30
30
29
29
29
29
29
27
27
27
27
26
26
26
26
25
24
24
24
24
24
24
24
24
23
23
23
23
23
23
23
23
23
22
22
22
22
22
22
21
21
21
22
21
21
22
22
21
21
21
21
21
20
20
20
20
20
20
20
19
19
19
19
20
20
21
21
19
20
20
20
20
19
19
19
18
16
1
1
1
1
1
1
1
1
1
1
1
1
1
1
1
1
1
1
1
1
1
1
1
1
1
1
1
1
1
1
1
1
1
1
1
1
1
1
1
1
1
1
1
1
1
1
1
1
1
1
1
1
1
1
1
1
1
1
1
1
1
1
1
1
1
1
1
1
1
1
1
1
1
1
1
1
1
1
1
1
1
1
1
1
1
1
1
1
1
1
1
1
1
1
1
1
1
1
1
1
1
1
1
1
1
1
1
1
1
1
1
1
1
1
1
1
1
1
1
1
1
1
1
1
1
1
1
1
1
1
1
1
1
1
1
1
1
1
1
1
1
1
1
1
1
1
1
1
1
1
1
1
1
1
1
1
1
1
1
1
1
1
1
1
1
1
1
1
1
1
1
1
1
1
1
1
1
1
1
1
1
1
1
1
1
1
1
1
1
1
1
1
1
1
1
1
1
1
1
1
1
1
1
1
1
1
1
1
1
1
1
1
1
1
1
1
1
1
1
1
1
1
1
1
1
1
1
1
1
1
1
1
1
1
1
1
1
1
1
1
