# Vetor de dados - syn_f001091-0-Pre--left--vetorlinha.txt
# Total de elementos: 768
# Formato: um valor por linha
#==================================================

1
1
1
1
1
1
1
1
1
1
1
1
1
1
1
1
1
1
1
1
1
1
1
1
1
1
1
1
1
1
1
1
1
1
1
1
1
1
1
1
1
1
1
1
1
1
1
1
1
1
1
1
1
1
1
1
1
1
1
1
1
1
1
1
1
1
1
1
1
1
1
1
1
1
1
1
1
1
1
1
1
1
1
1
1
1
1
1
1
1
1
1
1
1
1
1
1
1
1
1
1
1
1
1
1
1
1
1
1
1
1
1
1
1
1
1
1
1
8
23
29
35
39
44
46
49
52
54
56
58
60
62
64
65
67
68
69
70
71
72
73
74
74
75
76
76
76
76
76
76
76
76
76
77
77
77
77
79
79
79
80
81
81
82
83
84
83
84
84
84
83
82
80
79
77
77
76
75
74
74
73
71
70
70
70
68
68
66
66
66
65
65
65
65
65
64
64
63
62
61
60
58
57
56
55
54
53
52
53
52
52
52
52
53
52
53
52
53
53
53
54
55
54
55
56
56
56
57
57
57
57
60
64
67
71
74
78
82
87
147
155
161
166
172
176
180
185
190
197
203
212
218
225
229
233
235
237
240
244
249
253
257
260
264
270
276
281
286
294
296
295
296
295
292
289
100
99
100
101
100
100
100
100
100
100
100
100
100
101
101
101
101
101
100
100
100
99
99
98
98
97
97
96
95
95
94
93
92
91
90
90
91
91
90
91
90
90
90
89
90
89
89
89
89
89
88
88
88
88
88
88
88
87
88
88
87
87
86
87
87
86
86
87
86
86
86
86
86
86
86
86
86
86
88
88
88
88
88
89
89
88
89
89
90
90
90
91
91
92
92
93
93
93
95
95
95
96
96
96
96
97
96
96
96
96
97
97
96
96
97
97
96
96
96
97
96
96
96
95
96
96
95
95
95
94
95
94
94
94
93
93
92
92
92
91
91
90
90
88
88
88
88
88
88
87
88
88
88
88
87
87
88
88
87
87
87
86
86
86
86
85
84
84
83
82
82
81
81
80
80
79
79
79
78
78
77
77
77
76
75
75
74
74
74
74
74
72
72
72
72
72
72
71
70
70
70
70
69
69
69
69
68
68
68
68
68
67
67
67
67
67
66
67
67
66
66
66
66
66
65
65
65
65
64
64
63
63
62
62
62
62
61
61
61
61
59
59
58
58
58
57
57
57
55
55
55
55
54
54
54
54
53
53
53
53
53
53
53
52
53
53
53
54
54
54
55
55
54
54
54
54
53
54
53
53
53
53
52
51
52
51
50
50
49
49
49
48
47
47
46
45
45
44
43
44
44
44
43
43
43
43
43
44
44
44
44
44
44
44
44
44
43
43
43
43
43
44
43
43
43
43
43
42
42
42
42
42
41
41
41
41
40
40
40
39
39
39
39
39
37
37
37
37
37
37
37
35
35
35
35
35
35
34
33
33
33
33
33
32
32
32
32
32
32
33
33
33
34
34
33
34
34
35
36
37
38
39
41
44
45
47
50
53
55
56
58
61
64
68
70
71
74
76
77
78
80
83
85
86
85
85
86
86
83
50
53
56
59
63
67
71
74
77
80
82
84
85
86
88
88
89
88
86
85
82
81
76
62
55
48
42
39
35
1
1
1
1
1
1
1
1
1
1
1
1
1
1
1
1
1
1
1
1
1
1
1
1
1
1
1
1
1
1
1
1
1
1
1
1
1
1
1
1
1
1
1
1
1
1
1
1
1
1
1
1
1
1
1
