# Vetor de dados - syn_f004394-0-Pre--front--vetorcoluna.txt
# Total de elementos: 1024
# Formato: um valor por linha
#==================================================

1
1
1
1
1
1
1
1
1
1
1
1
1
1
1
1
1
1
1
1
1
1
1
1
1
1
1
1
1
1
1
1
1
1
1
1
1
1
1
1
1
1
1
1
1
1
1
1
1
1
1
1
1
1
1
1
1
1
1
1
1
1
1
1
1
1
1
1
1
1
1
1
1
1
1
1
1
1
1
1
1
1
1
1
1
1
1
1
1
1
1
1
1
1
1
1
1
1
1
1
1
1
1
1
1
1
1
1
1
1
1
1
1
1
1
1
1
1
1
1
1
1
1
1
1
1
1
1
1
1
1
1
1
1
1
1
1
1
1
1
1
1
1
1
1
1
1
1
1
1
1
1
1
1
1
1
1
1
1
1
1
1
1
1
1
1
1
1
1
1
1
1
1
1
1
1
1
1
1
1
1
1
1
1
1
1
1
1
1
1
1
1
1
1
1
1
1
1
1
1
1
1
1
1
1
1
1
1
1
1
1
1
1
1
1
1
1
1
1
1
1
1
1
1
1
1
1
1
1
1
1
1
1
1
1
1
1
1
1
1
1
20
20
20
20
20
20
20
20
20
20
20
20
20
20
20
20
20
21
21
21
21
21
21
21
22
22
22
22
22
22
22
23
23
23
23
23
23
23
23
1
1
1
1
23
23
23
23
23
23
23
24
24
24
24
24
24
24
24
24
24
24
24
24
24
24
25
25
25
25
25
25
25
25
25
25
25
26
26
26
26
27
27
27
27
27
28
28
28
29
29
30
30
30
30
30
31
31
31
31
32
33
33
33
33
33
34
34
34
34
34
34
35
35
35
35
35
35
36
36
36
36
36
34
34
34
34
34
34
34
33
33
33
33
33
33
33
33
33
33
33
33
34
34
34
34
34
34
34
34
34
35
35
35
35
35
35
35
35
35
36
36
36
36
36
36
36
37
37
38
38
38
38
38
38
38
38
38
38
38
39
39
39
40
40
40
41
41
41
42
42
42
44
44
44
45
45
46
48
48
49
50
51
52
53
54
55
56
57
58
58
58
59
60
284
289
295
318
379
387
393
399
404
410
415
492
493
493
493
494
496
496
496
496
496
495
494
496
497
499
499
501
501
502
501
500
500
570
547
537
503
498
493
488
483
478
474
467
441
437
435
434
431
430
426
424
416
403
394
386
379
374
379
384
389
395
404
417
423
426
429
432
433
436
438
467
475
482
487
491
496
500
505
509
539
573
574
499
500
501
500
500
499
498
498
496
495
496
497
496
497
497
496
495
496
495
495
494
418
413
408
403
395
388
383
376
320
304
294
287
61
59
58
57
56
55
54
54
52
51
50
49
48
47
46
46
45
44
44
44
43
42
42
42
42
41
41
41
40
40
40
40
39
39
39
39
39
38
39
39
39
39
38
38
38
38
38
38
37
37
37
37
37
36
35
35
35
35
35
35
35
34
34
33
33
33
33
33
33
32
32
32
32
32
32
33
33
32
32
32
32
32
32
33
33
34
34
34
34
35
35
35
35
35
35
35
35
35
35
35
35
35
35
35
35
35
35
34
34
34
34
34
33
33
33
33
33
32
32
31
31
30
30
30
30
30
29
29
29
29
28
28
28
28
27
27
26
26
25
25
25
25
24
24
24
24
24
22
22
22
22
22
22
21
21
21
20
20
20
19
18
18
18
18
18
18
17
17
16
16
16
16
17
16
17
17
18
17
18
20
18
19
20
20
19
19
20
20
19
19
20
20
20
20
20
20
21
21
21
22
22
22
23
23
23
23
23
23
23
23
23
22
16
16
16
16
16
16
16
16
16
16
16
16
16
16
16
16
17
16
16
16
16
1
1
1
1
1
1
1
1
1
1
1
1
1
1
1
1
1
1
1
1
1
1
1
1
1
1
1
1
1
1
1
1
1
1
1
1
1
1
1
1
1
1
1
1
1
1
1
1
1
1
1
1
1
1
1
1
1
1
1
1
1
1
1
1
1
1
1
1
1
1
1
1
1
1
1
1
1
1
1
1
1
1
1
1
1
1
1
1
1
1
1
1
1
1
1
1
1
1
1
1
1
1
1
1
1
1
1
1
1
1
1
1
1
1
1
1
1
1
1
1
1
1
1
1
1
1
1
1
1
1
1
1
1
1
1
1
1
1
1
1
1
1
1
1
1
1
1
1
1
1
1
1
1
1
1
1
1
1
1
1
1
1
1
1
1
1
1
1
1
1
1
1
1
1
1
1
1
1
1
1
1
1
1
1
1
1
1
1
1
1
1
1
1
1
1
1
1
1
1
1
1
1
1
1
1
1
1
1
1
1
1
1
1
1
1
1
1
1
1
1
1
