# Vetor de dados - syn_f001909-1-Pre--front--vetorlinha.txt
# Total de elementos: 768
# Formato: um valor por linha
#==================================================

1
1
1
1
1
1
1
1
1
1
1
1
1
1
1
1
1
1
1
1
1
1
1
1
1
1
1
1
1
1
1
1
1
1
1
1
1
1
1
1
1
1
1
1
1
1
1
1
1
1
1
1
1
1
1
1
1
1
1
1
1
1
1
1
1
1
1
1
1
1
1
1
1
1
1
1
1
1
1
1
1
1
1
1
1
1
1
1
1
1
1
1
1
1
1
1
1
1
1
1
1
1
1
1
1
1
20
24
28
32
36
38
40
42
44
46
48
49
51
52
53
54
55
57
57
57
59
59
60
61
61
61
61
62
62
62
62
62
62
62
61
61
61
61
61
66
69
70
70
70
70
70
69
68
68
68
67
66
66
65
63
62
61
60
58
53
51
49
49
49
47
47
47
48
48
48
47
46
46
46
46
46
46
46
46
46
46
46
46
46
46
47
47
50
53
57
61
64
68
74
157
169
279
392
410
453
487
498
510
526
542
585
617
617
616
615
615
614
610
596
571
563
568
569
569
569
568
567
414
403
391
380
370
359
345
336
326
287
269
243
222
194
169
161
158
155
154
153
152
150
149
148
148
147
146
145
143
142
141
139
137
135
134
133
131
130
129
127
127
126
125
124
123
123
123
121
121
121
119
119
118
117
116
116
114
114
113
112
111
110
108
108
106
106
107
106
106
106
107
107
106
106
106
106
106
106
106
106
104
104
104
104
104
103
103
103
103
103
103
103
103
103
103
103
103
103
104
104
104
105
106
106
106
106
106
106
106
106
106
105
105
105
105
105
105
105
107
107
108
109
110
111
112
113
114
115
117
117
119
119
120
120
121
121
122
122
122
123
123
124
124
124
125
125
125
125
125
125
125
125
125
125
126
126
126
126
126
126
127
127
127
128
128
128
128
128
129
130
130
130
130
130
131
132
132
132
133
133
133
134
135
135
135
135
135
135
135
135
136
137
137
137
137
137
137
137
137
137
137
137
137
136
135
135
135
135
135
135
135
135
135
134
134
133
133
133
133
133
132
132
132
131
131
131
130
130
130
130
130
129
129
129
129
129
128
128
128
128
127
127
127
127
126
126
126
126
124
124
124
124
124
123
123
122
122
122
121
121
120
120
120
120
119
118
118
118
117
116
116
116
115
115
115
115
114
114
113
113
113
113
113
113
113
113
113
113
113
113
113
113
113
113
113
113
113
113
113
113
113
113
113
113
113
113
113
113
113
113
113
113
112
111
111
111
111
111
111
111
111
111
111
111
110
110
110
110
110
110
110
111
111
112
112
112
112
112
112
112
112
113
113
113
114
113
114
114
114
114
114
114
114
115
115
115
115
115
115
115
115
115
115
114
114
114
114
113
113
113
113
113
113
113
113
111
111
111
111
111
110
110
109
109
109
109
108
108
107
107
107
106
106
106
105
105
104
104
104
104
103
102
102
102
102
101
100
100
100
100
100
98
98
98
98
98
97
96
96
96
96
95
94
94
94
94
92
92
92
92
92
92
92
91
91
91
91
91
91
92
92
92
93
93
93
94
93
94
94
94
94
94
93
94
95
95
95
96
97
97
98
99
99
101
101
103
103
105
106
107
108
109
109
111
111
113
113
114
114
114
114
114
114
114
114
114
114
111
110
108
106
103
99
43
1
1
1
1
1
1
1
1
1
1
1
1
1
1
1
1
1
1
1
1
1
1
1
1
1
1
1
1
1
1
1
1
1
1
1
1
1
1
1
1
1
1
1
1
1
1
