# Vetor de dados - syn_f000468-1-Pre--front--vetorcoluna.txt
# Total de elementos: 1024
# Formato: um valor por linha
#==================================================

1
1
1
1
1
1
1
1
1
1
1
1
1
1
1
1
1
1
1
1
1
1
1
1
1
1
1
1
1
1
1
1
1
1
1
1
1
1
1
1
1
1
1
1
1
1
1
1
1
1
1
1
1
1
1
1
1
1
1
1
1
1
1
1
1
1
1
1
1
1
1
1
1
1
1
1
1
1
1
1
1
1
1
1
1
1
1
1
1
1
1
1
1
1
1
1
1
1
1
1
1
1
1
1
1
1
1
1
1
1
1
1
1
1
1
1
1
1
1
1
1
1
1
1
1
1
1
1
1
1
1
1
1
1
1
1
1
1
1
1
1
1
1
1
1
1
1
1
1
1
1
1
1
1
1
1
1
1
1
1
1
1
1
1
1
1
1
1
1
1
1
1
1
1
1
1
1
1
1
1
1
1
1
1
1
1
1
1
1
1
1
1
1
1
1
1
1
1
1
1
1
1
1
1
1
1
1
1
1
1
1
1
1
1
1
1
1
1
1
1
1
8
9
9
9
10
10
10
10
10
9
9
9
9
9
9
9
9
9
9
9
9
9
12
17
18
18
18
18
19
19
18
20
19
19
18
18
19
18
18
18
18
19
19
19
20
20
20
19
21
21
20
21
21
20
19
20
20
18
18
17
17
18
17
17
17
17
17
17
18
18
18
20
19
19
19
19
19
19
21
21
21
21
22
22
22
23
23
23
23
24
25
25
25
25
25
26
26
26
26
28
28
28
29
29
29
29
30
30
30
30
30
30
31
31
31
31
31
32
32
32
32
32
33
33
33
33
33
33
33
33
33
33
33
33
33
33
33
33
33
33
33
33
33
33
33
33
33
32
32
32
32
32
32
32
32
32
32
32
32
32
32
33
33
33
33
32
32
32
32
32
32
33
33
34
34
34
34
34
33
33
35
34
35
35
35
34
34
35
35
35
35
35
35
35
36
36
36
36
36
37
37
37
37
37
38
38
38
38
39
39
39
39
40
40
40
40
41
41
41
41
42
42
43
43
44
45
46
48
51
53
54
286
289
293
296
301
390
394
398
402
407
411
415
420
424
494
494
495
495
496
495
496
495
495
496
496
498
498
498
498
498
498
497
494
471
427
422
496
493
491
488
485
481
477
472
432
429
425
423
419
416
410
399
394
384
377
370
364
358
351
353
358
363
370
378
386
390
397
415
420
424
427
431
435
476
481
485
488
491
494
497
500
504
431
497
498
500
500
500
500
500
499
498
498
497
498
497
498
496
496
495
495
495
493
417
413
410
405
401
397
393
389
385
298
292
287
283
64
62
60
59
58
57
55
54
52
50
49
48
47
46
45
45
44
44
43
43
42
41
41
41
40
40
39
39
38
38
38
38
38
37
36
36
36
36
36
36
36
36
36
36
35
35
35
35
35
35
35
33
33
33
33
33
33
33
33
33
32
32
32
32
32
32
32
32
32
32
32
33
33
33
33
33
33
33
33
33
33
33
33
34
35
35
35
35
35
35
35
35
35
35
36
36
36
36
36
35
35
35
35
35
35
34
34
33
33
33
33
33
32
32
32
32
32
32
32
31
30
30
30
30
30
30
30
29
29
29
28
28
28
27
27
27
27
26
26
26
26
25
25
24
24
24
24
24
24
23
23
23
23
22
22
22
22
22
22
22
22
22
22
22
22
22
22
22
22
22
22
22
22
22
22
22
22
22
22
21
21
21
21
20
20
21
21
19
20
20
20
20
20
19
19
19
19
19
19
20
18
18
18
19
19
20
20
20
19
19
19
18
18
18
17
16
1
1
1
1
1
1
1
1
1
1
1
1
1
1
1
1
1
1
1
1
1
1
1
1
1
1
1
1
1
1
1
1
1
1
1
1
1
1
1
1
1
1
1
1
1
1
1
1
1
1
1
1
1
1
1
1
1
1
1
1
1
1
1
1
1
1
1
1
1
1
1
1
1
1
1
1
1
1
1
1
1
1
1
1
1
1
1
1
1
1
1
1
1
1
1
1
1
1
1
1
1
1
1
1
1
1
1
1
1
1
1
1
1
1
1
1
1
1
1
1
1
1
1
1
1
1
1
1
1
1
1
1
1
1
1
1
1
1
1
1
1
1
1
1
1
1
1
1
1
1
1
1
1
1
1
1
1
1
1
1
1
1
1
1
1
1
1
1
1
1
1
1
1
1
1
1
1
1
1
1
1
1
1
1
1
1
1
1
1
1
1
1
1
1
1
1
1
1
1
1
1
1
1
1
1
1
1
1
1
1
1
1
1
1
1
1
1
1
1
1
1
1
1
1
1
1
1
1
1
1
1
1
1
1
1
1
1
1
1
1
