# Vetor de dados - syn_f002446-3-Pre--front--vetorlinha.txt
# Total de elementos: 768
# Formato: um valor por linha
#==================================================

1
1
1
1
1
1
1
1
1
1
1
1
1
1
1
1
1
1
1
1
1
1
1
1
1
1
1
1
1
1
1
1
1
1
1
1
1
1
1
1
1
1
1
1
1
1
1
1
1
1
1
1
1
1
1
1
1
1
1
1
1
1
1
1
1
1
1
1
1
1
1
1
1
1
1
1
1
1
1
1
1
1
1
1
1
1
1
1
1
1
1
1
1
1
1
1
1
1
1
1
1
1
1
1
1
1
1
1
1
1
1
1
1
1
1
1
8
21
26
29
33
36
38
40
42
44
46
48
49
50
52
53
54
55
56
57
57
58
59
60
60
61
61
61
62
62
62
62
62
62
62
62
61
61
61
62
66
69
70
70
70
70
70
69
68
68
68
67
66
66
66
64
62
62
60
59
55
52
50
50
49
48
48
48
47
47
47
47
47
47
47
47
47
47
47
47
47
48
48
49
52
54
57
61
65
68
72
77
81
84
129
166
179
192
282
299
336
406
448
456
464
474
484
494
507
517
527
552
568
573
580
585
590
602
608
610
599
595
598
599
598
597
592
570
497
492
488
482
475
388
371
332
316
298
256
219
199
173
170
166
165
163
162
161
160
159
159
157
157
157
155
155
153
153
151
150
149
147
146
145
143
143
141
140
139
138
136
136
134
134
132
132
131
129
129
127
127
125
125
123
123
122
121
121
119
119
117
117
115
114
113
113
112
112
112
112
112
112
112
112
112
112
112
112
112
112
111
111
110
110
110
110
110
110
110
110
110
110
111
111
112
112
112
112
112
113
114
114
115
115
116
117
118
118
118
119
120
120
121
122
123
123
124
125
125
126
126
127
128
128
128
130
130
130
131
131
131
131
131
132
133
133
133
133
133
133
131
131
131
132
132
132
132
132
132
132
134
134
134
134
134
134
136
136
136
136
136
137
138
138
139
139
140
141
141
141
143
143
143
145
145
145
145
145
146
146
146
147
147
148
148
148
148
148
149
149
149
149
149
149
149
148
148
148
148
148
148
148
148
148
148
148
148
148
148
148
148
148
147
147
147
146
146
146
146
146
145
145
145
144
144
143
143
143
143
142
142
141
141
140
139
139
139
138
137
137
137
136
135
135
135
134
133
133
133
132
131
131
130
129
129
127
127
126
125
124
123
123
121
121
119
119
118
117
116
115
115
113
113
113
111
111
111
111
111
111
111
111
111
110
110
110
110
110
110
110
109
109
109
109
109
109
109
109
109
109
110
110
111
111
112
112
112
113
114
114
115
116
116
116
117
118
118
118
119
120
120
120
120
120
121
122
122
122
122
122
122
122
122
122
122
122
122
122
122
122
122
122
122
122
122
121
121
120
120
120
120
119
118
118
118
117
117
117
116
116
115
115
114
114
113
113
112
112
111
111
110
110
109
109
108
108
107
106
106
106
106
104
104
104
104
102
102
102
102
101
100
100
100
100
98
98
98
98
97
96
96
96
95
95
95
94
94
94
94
94
94
94
94
95
96
96
96
97
97
97
97
97
97
97
96
96
96
96
96
97
98
98
98
99
100
100
102
102
104
105
106
107
108
110
111
112
112
113
114
115
116
116
116
117
116
116
115
115
114
114
113
110
109
107
104
101
99
92
43
1
1
1
1
1
1
1
1
1
1
1
1
1
1
1
1
1
1
1
1
1
1
1
1
1
1
1
1
1
1
1
1
1
1
1
1
1
1
1
1
1
1
1
1
1
1
1
1
1
1
1
1
1
