# Vetor de dados - syn_f004158-2-Pre--front--vetorlinha.txt
# Total de elementos: 768
# Formato: um valor por linha
#==================================================

1
1
1
1
1
1
1
1
1
1
1
1
1
1
1
1
1
1
1
1
1
1
1
1
1
1
1
1
1
1
1
1
1
1
1
1
1
1
1
1
1
1
1
1
1
1
1
1
1
1
1
1
1
1
1
1
1
1
1
1
1
1
1
1
1
1
1
1
1
1
1
1
1
1
1
1
1
1
1
1
1
1
1
1
1
1
1
1
1
1
1
1
1
1
1
1
1
1
1
1
1
1
1
1
18
25
28
32
36
40
42
44
46
48
50
51
52
53
55
56
57
58
59
60
61
61
62
63
63
64
64
64
65
65
65
65
65
65
65
65
65
64
64
64
64
66
70
72
72
72
72
72
72
72
71
70
70
70
68
68
68
66
65
64
63
62
59
55
54
54
53
52
52
52
51
51
50
49
48
47
46
45
45
45
45
45
45
46
46
46
46
47
48
48
49
50
51
54
57
62
65
69
73
78
83
89
138
182
303
348
363
391
478
496
549
571
576
580
585
591
596
601
604
609
611
612
613
612
610
607
591
518
517
513
509
505
502
497
416
405
393
379
338
325
311
298
250
219
206
182
178
174
171
170
168
167
167
165
164
163
162
162
160
160
160
158
158
156
154
153
152
151
149
147
147
146
145
144
142
142
141
141
140
139
139
138
137
137
137
136
135
135
134
133
133
132
131
130
129
128
128
126
126
124
123
123
121
121
119
118
116
115
115
116
116
116
116
116
117
118
118
118
118
118
119
119
120
120
120
120
120
120
120
119
119
119
119
119
118
118
118
118
118
118
119
119
120
121
122
123
124
125
126
127
128
130
130
131
133
133
135
135
135
137
137
137
139
139
139
139
139
139
139
139
139
139
138
137
137
137
137
136
136
136
136
136
136
135
135
135
135
135
135
135
135
135
135
136
136
136
136
137
138
138
138
138
140
140
140
140
142
142
142
142
144
144
144
145
146
146
146
147
148
148
148
148
148
149
150
150
150
150
150
151
151
151
151
151
151
151
151
151
151
151
151
151
151
151
151
151
151
151
151
151
150
150
150
150
150
150
150
150
150
148
148
148
148
148
147
146
146
146
146
146
144
144
144
144
142
142
142
141
140
140
140
139
138
138
137
137
136
135
135
134
133
133
132
131
130
130
129
128
128
126
126
125
124
124
123
122
122
121
120
120
120
120
119
118
118
118
117
117
117
117
116
116
116
116
115
115
115
115
115
114
114
114
114
114
114
114
113
113
112
112
112
112
112
112
112
112
112
112
112
114
114
114
114
114
114
114
115
116
116
116
117
118
118
118
118
120
120
120
120
120
122
122
122
122
122
124
124
124
124
124
124
124
124
124
124
124
124
124
124
124
124
124
124
124
124
123
123
123
123
122
122
122
122
121
120
120
120
120
120
120
119
118
118
118
118
117
116
116
116
116
115
115
114
114
114
113
113
112
112
112
111
111
110
110
110
110
109
109
108
108
108
108
107
107
107
106
106
106
105
105
105
104
104
104
103
103
103
103
103
102
102
101
101
101
101
101
101
101
102
102
102
102
102
102
103
103
103
103
103
103
103
103
104
104
104
106
106
106
108
108
110
111
112
113
114
115
116
117
118
119
119
120
121
121
122
122
122
122
122
120
120
120
119
118
115
113
111
106
105
50
48
43
1
1
1
1
1
1
1
1
1
1
1
1
1
1
1
1
1
1
1
1
1
1
1
1
1
1
1
1
1
1
1
1
1
1
1
1
1
1
1
1
1
1
