# Vetor de dados - syn_f001318-0-Pre--left--vetorlinha.txt
# Total de elementos: 768
# Formato: um valor por linha
#==================================================

1
1
1
1
1
1
1
1
1
1
1
1
1
1
1
1
1
1
1
1
1
1
1
1
1
1
1
1
1
1
1
1
1
1
1
1
1
1
1
1
1
1
1
1
1
1
1
1
1
1
1
1
1
1
1
1
1
1
1
1
1
1
1
1
1
1
1
1
1
1
1
1
1
1
1
1
1
1
1
1
1
1
1
1
1
1
1
1
1
1
1
1
1
1
1
1
1
1
1
1
1
1
1
1
1
1
1
1
1
1
1
1
1
1
1
1
1
1
1
1
1
1
19
27
33
37
42
45
47
51
53
55
57
59
61
62
65
65
67
68
69
70
71
71
73
73
74
75
75
75
75
75
75
75
76
76
77
77
77
78
78
78
79
79
80
80
81
81
82
82
83
83
82
82
81
79
77
74
72
71
71
70
69
68
67
66
66
66
64
63
63
62
62
62
62
62
62
62
61
60
59
58
55
52
50
49
48
48
48
48
47
48
47
47
47
48
47
47
48
50
50
51
52
52
53
53
54
56
60
65
71
76
83
149
155
160
166
172
177
183
190
196
205
212
218
223
227
232
237
242
248
254
258
266
272
278
285
292
292
292
292
291
288
285
276
275
176
164
157
94
95
96
96
97
97
98
97
97
98
98
98
98
97
97
97
97
97
97
95
95
95
94
93
93
93
92
91
90
90
88
87
86
85
84
83
82
82
82
82
82
81
82
82
82
83
82
82
82
83
83
83
83
82
82
83
83
83
83
82
82
81
82
82
82
81
81
81
81
81
80
80
80
80
80
79
79
79
79
79
79
78
78
77
77
78
78
79
79
80
81
81
83
84
86
86
88
88
89
89
90
91
91
92
92
92
93
93
94
94
94
95
95
95
96
96
96
96
96
96
96
97
97
97
97
97
97
97
98
97
97
97
97
97
97
97
96
96
95
95
96
95
95
94
94
93
92
91
91
90
90
91
91
90
90
90
91
91
91
91
90
90
90
90
89
90
90
89
89
89
88
88
87
86
86
85
84
84
83
82
81
81
80
79
79
78
77
77
76
76
76
75
75
75
75
75
75
74
74
74
74
73
73
73
73
73
73
72
72
72
72
72
71
70
70
70
70
69
69
69
69
68
68
68
68
67
67
67
67
66
66
65
65
65
64
64
64
64
63
63
62
62
61
61
61
61
60
60
60
60
59
59
59
59
58
58
58
58
57
58
58
58
57
57
57
57
57
57
58
58
57
58
58
58
58
59
58
58
58
57
57
57
56
56
56
56
55
55
55
55
55
55
55
54
53
53
53
53
52
51
51
50
50
49
49
50
49
49
49
48
48
48
48
48
48
48
47
47
47
47
46
47
47
47
47
46
46
46
46
45
45
45
45
45
44
44
44
44
44
43
43
43
42
42
41
41
41
41
40
40
40
40
40
39
38
38
38
38
38
38
38
37
37
37
36
36
36
37
37
37
38
38
38
39
39
39
39
39
40
41
42
43
44
44
45
47
48
50
52
54
56
58
59
61
63
67
71
73
74
75
77
78
80
80
82
83
83
83
83
84
84
80
55
57
59
63
65
68
70
73
75
78
81
84
85
86
87
88
89
88
88
86
85
83
79
60
52
48
44
41
39
1
1
1
1
1
1
1
1
1
1
1
1
1
1
1
1
1
1
1
1
1
1
1
1
1
1
1
1
1
1
1
1
1
1
1
1
1
1
1
1
1
1
1
1
1
1
1
1
1
1
1
1
1
1
1
1
1
1
