# Vetor de dados - syn_f001109-1-Pre--front--vetorcoluna.txt
# Total de elementos: 1024
# Formato: um valor por linha
#==================================================

1
1
1
1
1
1
1
1
1
1
1
1
1
1
1
1
1
1
1
1
1
1
1
1
1
1
1
1
1
1
1
1
1
1
1
1
1
1
1
1
1
1
1
1
1
1
1
1
1
1
1
1
1
1
1
1
1
1
1
1
1
1
1
1
1
1
1
1
1
1
1
1
1
1
1
1
1
1
1
1
1
1
1
1
1
1
1
1
1
1
1
1
1
1
1
1
1
1
1
1
1
1
1
1
1
1
1
1
1
1
1
1
1
1
1
1
1
1
1
1
1
1
1
1
1
1
1
1
1
1
1
1
1
1
1
1
1
1
1
1
1
1
1
1
1
1
1
1
1
1
1
1
1
1
1
1
1
1
1
1
1
1
1
1
1
1
1
1
1
1
1
1
1
1
1
1
1
1
1
1
1
1
1
1
1
1
1
1
1
1
1
1
1
1
1
1
1
1
1
1
1
1
1
1
1
1
1
1
1
1
1
1
1
1
1
1
1
1
5
8
8
8
8
8
9
9
9
9
9
9
9
8
8
9
9
9
9
10
10
10
10
10
12
18
19
20
20
20
21
21
20
20
19
21
21
20
20
19
19
21
20
20
20
19
21
21
21
21
21
22
22
22
22
22
22
21
22
22
21
21
21
20
20
19
19
19
20
20
19
19
19
21
21
21
22
22
22
22
23
24
24
24
24
25
25
25
26
26
27
27
27
27
27
28
28
28
29
29
29
29
30
31
31
31
31
31
32
32
33
33
33
33
34
35
35
35
35
36
36
36
37
37
37
37
37
37
37
38
39
39
39
39
39
39
39
39
39
39
39
39
39
39
39
39
39
39
39
39
38
38
38
38
38
38
38
38
38
39
39
39
40
40
40
40
40
40
40
40
41
41
41
41
41
41
41
42
42
42
42
42
42
42
44
44
44
44
44
45
45
45
45
45
46
46
46
46
46
46
46
47
47
47
47
47
46
46
46
46
46
46
46
46
46
46
46
45
45
45
45
45
44
44
44
44
45
47
52
57
260
263
266
268
270
273
276
279
282
287
291
298
376
380
384
387
391
395
399
404
475
478
479
481
481
481
480
483
483
484
484
484
484
486
487
488
488
488
489
489
488
559
559
496
491
487
483
479
475
471
466
463
456
448
439
430
422
419
416
413
411
409
406
401
385
376
370
374
381
388
403
407
410
411
412
415
416
419
423
431
439
448
456
461
465
471
475
478
483
487
415
479
482
482
483
483
483
482
482
480
480
479
478
478
479
478
477
476
476
477
477
477
476
405
400
395
391
387
383
380
376
299
293
288
285
281
278
275
273
271
268
266
263
67
65
63
60
56
54
49
47
45
46
46
45
45
45
45
45
45
45
45
45
44
44
44
44
44
44
44
44
44
44
44
43
43
43
43
43
43
42
42
42
41
41
41
41
41
41
41
40
40
40
40
39
39
39
39
39
39
39
39
38
38
38
38
38
39
39
39
39
39
38
38
38
39
39
39
39
39
39
39
39
40
40
40
39
39
40
40
40
39
39
39
39
39
38
38
38
38
38
37
37
37
37
37
37
36
36
36
36
36
35
35
35
34
34
34
34
34
33
32
32
32
32
31
31
31
31
31
31
30
30
30
30
29
29
29
28
28
27
27
27
27
27
27
27
27
27
27
27
27
27
27
27
27
27
27
27
26
26
26
26
25
25
25
25
25
24
24
24
24
24
23
23
23
23
23
23
22
22
22
22
22
22
22
21
21
21
21
21
21
21
21
21
21
20
20
20
20
20
20
20
21
20
1
1
1
1
1
1
1
1
1
1
1
1
1
1
1
1
1
1
1
1
1
1
1
1
1
1
1
1
1
1
1
1
1
1
1
1
1
1
1
1
1
1
1
1
1
1
1
1
1
1
1
1
1
1
1
1
1
1
1
1
1
1
1
1
1
1
1
1
1
1
1
1
1
1
1
1
1
1
1
1
1
1
1
1
1
1
1
1
1
1
1
1
1
1
1
1
1
1
1
1
1
1
1
1
1
1
1
1
1
1
1
1
1
1
1
1
1
1
1
1
1
1
1
1
1
1
1
1
1
1
1
1
1
1
1
1
1
1
1
1
1
1
1
1
1
1
1
1
1
1
1
1
1
1
1
1
1
1
1
1
1
1
1
1
1
1
1
1
1
1
1
1
1
1
1
1
1
1
1
1
1
1
1
1
1
1
1
1
1
1
1
1
1
1
1
1
1
1
1
1
1
1
1
1
1
1
1
1
1
1
1
1
1
1
1
1
1
1
1
1
1
1
1
1
1
1
1
1
1
1
1
1
1
1
1
1
1
1
1
1
1
