# Vetor de dados - syn_f002014-3-Pre--front--vetorlinha.txt
# Total de elementos: 768
# Formato: um valor por linha
#==================================================

1
1
1
1
1
1
1
1
1
1
1
1
1
1
1
1
1
1
1
1
1
1
1
1
1
1
1
1
1
1
1
1
1
1
1
1
1
1
1
1
1
1
1
1
1
1
1
1
1
1
1
1
1
1
1
1
1
1
1
1
1
1
1
1
1
1
1
1
1
1
1
1
1
1
1
1
1
1
1
1
1
1
1
1
1
1
1
1
1
1
1
1
1
1
1
1
1
1
1
1
1
1
1
1
1
1
1
1
1
1
1
1
1
1
1
1
1
1
1
1
1
1
1
1
1
1
1
1
1
1
1
1
5
20
26
30
33
37
40
42
44
46
48
50
52
52
54
55
56
58
59
59
60
61
61
62
63
63
64
64
64
64
64
64
64
64
64
64
64
63
63
63
66
70
71
72
72
71
71
70
70
69
69
68
68
67
66
66
64
62
62
60
57
54
53
53
53
52
51
51
50
49
48
47
46
46
46
46
45
45
46
45
45
45
45
45
46
47
49
51
56
61
248
261
269
277
287
337
365
369
372
375
376
377
374
368
368
381
433
442
448
453
456
460
462
409
409
408
409
410
410
409
407
407
406
403
398
382
381
380
380
380
382
385
386
388
391
377
371
367
366
363
360
341
341
162
159
156
155
154
153
152
152
152
152
152
150
150
150
148
148
147
146
146
145
145
144
144
143
143
141
141
140
140
138
137
136
135
134
132
130
129
127
124
122
118
117
116
116
116
115
115
115
115
115
115
114
114
113
113
112
112
111
110
110
110
108
108
107
107
105
105
105
104
102
102
102
100
100
100
98
98
98
97
97
97
97
97
97
96
97
97
98
99
100
101
103
103
105
105
107
107
109
109
110
111
111
112
113
113
113
114
114
115
115
115
116
116
116
116
116
116
116
116
115
115
115
115
115
115
115
115
115
115
115
115
115
116
116
116
116
116
116
116
116
118
118
118
119
119
120
121
121
121
123
123
123
125
125
125
125
127
127
127
127
129
129
129
129
129
130
131
131
131
131
131
131
131
131
131
131
132
132
132
132
131
132
132
131
131
131
131
131
131
131
131
131
131
131
131
131
130
130
130
129
129
129
128
128
128
127
126
126
125
125
124
123
123
123
121
121
120
119
118
118
117
116
115
114
113
112
111
111
109
109
107
107
107
105
105
103
103
103
103
101
101
101
101
101
100
100
99
99
100
100
99
99
99
99
99
99
99
99
99
98
98
98
98
98
98
98
99
99
99
99
100
101
101
101
103
103
103
104
105
105
105
106
107
107
108
109
109
109
111
111
111
111
112
113
113
113
113
113
113
113
113
113
114
113
113
113
113
113
113
113
113
112
112
112
111
110
110
110
109
108
108
108
108
106
106
106
104
104
104
103
102
102
102
100
100
100
99
98
98
97
96
96
95
94
94
93
92
92
91
91
90
90
89
88
88
87
87
86
86
86
85
85
84
84
84
84
83
83
83
83
84
84
85
85
86
86
86
87
87
87
87
85
85
85
85
86
86
87
88
88
88
90
90
91
92
93
95
95
97
98
99
100
101
101
102
103
103
103
103
103
102
102
101
101
101
100
99
98
95
91
88
42
1
1
1
1
1
1
1
1
1
1
1
1
1
1
1
1
1
1
1
1
1
1
1
1
1
1
1
1
1
1
1
1
1
1
1
1
1
1
1
1
1
1
1
1
1
1
1
1
1
1
1
1
1
1
1
1
1
1
1
1
1
1
1
1
1
1
1
1
1
1
1
