# Vetor de dados - syn_f002527-2-Pre--left--vetorlinha.txt
# Total de elementos: 768
# Formato: um valor por linha
#==================================================

1
1
1
1
1
1
1
1
1
1
1
1
1
1
1
1
1
1
1
1
1
1
1
1
1
1
1
1
1
1
1
1
1
1
1
1
1
1
1
1
1
1
1
1
1
1
1
1
1
1
1
1
1
1
1
1
1
1
1
1
1
1
1
1
1
1
1
1
1
1
1
1
1
1
1
1
1
1
1
1
1
1
1
1
1
1
1
1
1
1
1
1
1
1
1
1
1
1
1
1
1
1
1
1
1
1
1
1
1
1
1
1
1
1
1
1
1
1
1
1
1
1
1
14
25
31
36
40
44
47
50
52
54
57
59
61
62
64
65
66
67
68
70
70
71
72
73
73
73
74
74
74
74
75
75
75
75
75
75
76
76
76
76
77
78
78
79
80
80
81
81
81
79
79
76
74
73
71
72
71
69
68
67
67
67
66
66
64
64
64
64
64
64
64
64
63
62
62
60
56
51
51
50
49
50
49
50
49
50
50
51
51
52
52
53
53
54
55
55
55
56
55
56
60
64
71
78
85
93
100
108
115
162
167
172
178
182
185
190
195
200
205
212
223
228
233
235
238
241
245
248
253
258
261
265
271
277
282
286
293
300
301
300
300
298
295
292
99
99
100
100
100
100
100
100
100
99
99
99
99
98
99
99
98
99
97
97
97
97
96
96
95
95
93
93
93
92
91
90
90
88
88
89
89
89
90
90
90
90
90
91
91
91
90
91
91
90
90
89
89
89
88
88
88
88
87
87
87
86
86
86
86
85
85
85
83
83
83
83
85
86
87
87
88
90
90
91
93
93
94
96
95
96
97
97
98
98
99
101
101
101
102
102
103
103
104
104
104
105
105
106
106
106
107
107
107
107
107
108
108
108
108
108
108
108
108
108
108
108
108
107
107
107
106
105
105
105
105
104
104
103
102
102
101
101
100
98
97
96
94
94
94
93
93
93
92
92
92
91
90
90
90
89
89
88
87
86
86
85
84
83
82
82
81
81
80
80
80
80
79
79
79
79
79
79
78
78
78
78
78
78
78
78
78
77
76
76
76
76
76
76
76
75
75
74
74
74
74
73
73
72
72
72
71
71
71
70
69
69
69
69
68
68
67
67
66
66
66
66
65
64
64
64
63
63
63
62
62
60
60
60
59
59
58
58
57
57
55
55
54
53
53
52
52
51
52
51
51
51
50
50
50
49
49
50
49
49
49
49
50
50
49
50
50
50
50
51
51
50
51
51
52
51
51
52
52
52
51
51
51
51
50
51
50
49
50
49
49
48
49
48
48
47
47
47
47
47
47
47
47
47
47
47
47
47
47
47
47
48
48
48
48
48
49
49
49
49
49
49
49
48
48
48
48
48
48
48
48
48
47
47
47
47
47
47
46
45
45
45
45
44
43
43
43
43
43
41
41
41
41
41
39
39
39
39
39
37
37
37
37
37
37
36
35
35
35
35
35
35
35
35
35
35
36
36
36
37
37
36
37
38
38
39
39
41
43
45
47
49
53
55
57
60
64
67
70
72
75
78
80
81
83
85
87
88
88
87
88
88
87
51
55
58
61
65
68
71
74
77
80
84
87
88
92
93
92
91
89
87
84
80
68
62
56
50
44
41
34
1
1
1
1
1
1
1
1
1
1
1
1
1
1
1
1
1
1
1
1
1
1
1
1
1
1
1
1
1
1
1
1
1
1
1
1
1
1
1
1
1
1
1
1
1
1
1
1
1
1
1
1
1
1
1
1
1
1
1
1
