# Vetor de dados - syn_f000078-2-Pre--left--vetorlinha.txt
# Total de elementos: 768
# Formato: um valor por linha
#==================================================

1
1
1
1
1
1
1
1
1
1
1
1
1
1
1
1
1
1
1
1
1
1
1
1
1
1
1
1
1
1
1
1
1
1
1
1
1
1
1
1
1
1
1
1
1
1
1
1
1
1
1
1
1
1
1
1
1
1
1
1
1
1
1
1
1
1
1
1
1
1
1
1
1
1
1
1
1
1
1
1
1
1
1
1
1
1
1
1
1
1
1
1
1
1
1
1
1
1
1
1
1
1
1
1
1
1
1
1
1
1
1
1
1
1
1
1
1
1
1
1
1
1
1
1
1
1
1
8
22
30
36
40
44
47
50
53
55
57
59
61
63
64
67
68
69
70
71
72
73
73
75
75
75
76
76
77
77
77
77
77
78
78
78
78
79
80
80
81
81
82
83
84
84
84
85
85
84
84
84
82
80
78
76
75
74
73
72
72
70
70
69
68
68
67
67
66
66
65
66
65
65
65
65
64
64
63
62
60
59
57
56
55
54
53
54
53
54
53
53
54
55
55
55
56
57
58
58
59
60
163
169
175
183
193
214
219
223
230
239
247
261
272
285
286
285
285
284
282
281
278
271
271
269
252
249
206
203
198
194
190
186
181
175
167
157
149
120
113
106
100
101
102
103
104
105
104
105
105
106
106
106
107
107
107
106
106
107
107
107
107
107
106
106
107
107
107
106
106
106
106
106
105
105
104
104
102
102
101
101
100
98
98
99
98
99
98
98
98
98
97
98
98
97
96
97
96
96
95
95
94
94
94
94
93
93
92
92
91
91
91
90
90
89
89
89
87
87
86
86
85
85
85
85
84
85
85
86
86
86
87
87
88
88
89
88
89
90
91
92
92
93
94
94
95
95
97
97
97
99
99
99
100
101
101
101
102
103
103
103
103
103
105
105
105
105
105
105
105
105
105
105
103
103
103
103
103
102
102
101
100
100
99
99
98
97
97
96
94
94
92
92
90
88
87
86
85
84
82
81
80
79
79
78
77
76
76
76
75
75
75
75
75
75
75
75
75
75
75
76
76
76
76
76
76
76
76
76
76
77
77
77
77
77
76
76
76
76
76
76
76
76
76
76
74
74
74
74
74
74
74
73
73
73
73
73
73
73
72
72
71
71
71
71
71
70
70
70
70
69
68
68
68
68
68
67
67
66
65
65
65
65
63
63
63
62
62
62
60
60
60
59
59
59
58
58
57
57
56
56
56
55
55
55
55
54
54
55
54
54
55
54
55
55
54
55
54
55
54
55
54
54
54
53
54
53
52
53
52
52
52
51
50
50
50
50
49
49
49
49
49
49
49
49
49
49
49
48
48
48
48
48
48
49
49
49
49
49
49
50
50
50
50
50
49
49
49
49
49
49
49
49
49
48
47
47
47
47
47
47
47
45
45
45
45
45
43
43
43
43
42
41
41
41
40
40
40
40
38
38
38
38
38
37
37
36
36
36
35
35
35
35
36
36
37
36
36
37
38
38
39
41
42
44
46
48
51
54
56
59
61
63
66
70
72
73
75
76
78
81
83
83
82
82
82
83
74
50
54
59
63
66
71
73
75
79
81
83
84
85
87
88
89
87
86
84
82
80
74
62
54
50
47
45
38
1
1
1
1
1
1
1
1
1
1
1
1
1
1
1
1
1
1
1
1
1
1
1
1
1
1
1
1
1
1
1
1
1
1
1
1
1
1
1
1
1
1
1
1
1
1
1
1
1
1
1
1
1
1
1
1
1
1
1
1
1
1
1
1
