# Vetor de dados - syn_f001862-3-Pre--front--vetorcoluna.txt
# Total de elementos: 1024
# Formato: um valor por linha
#==================================================

1
1
1
1
1
1
1
1
1
1
1
1
1
1
1
1
1
1
1
1
1
1
1
1
1
1
1
1
1
1
1
1
1
1
1
1
1
1
1
1
1
1
1
1
1
1
1
1
1
1
1
1
1
1
1
1
1
1
1
1
1
1
1
1
1
1
1
1
1
1
1
1
1
1
1
1
1
1
1
1
1
1
1
1
1
1
1
1
1
1
1
1
1
1
1
1
1
1
1
1
1
1
1
1
1
1
1
1
1
1
1
1
1
1
1
1
1
1
1
1
1
1
1
1
1
1
1
1
1
1
1
1
1
1
1
1
1
1
1
1
1
1
1
1
1
1
1
1
1
1
1
1
1
1
1
1
1
1
1
1
1
1
1
1
1
1
1
1
1
1
1
1
1
1
1
1
1
1
1
1
1
1
1
1
1
1
1
1
1
1
1
1
1
1
1
1
1
1
1
1
1
1
1
1
1
1
1
1
1
1
1
1
1
1
1
1
1
1
1
1
1
1
1
1
1
1
1
1
1
1
1
1
1
1
1
1
1
1
1
1
1
1
1
1
1
1
1
1
1
1
1
1
1
22
22
22
22
22
22
22
22
22
22
22
22
22
22
22
22
22
22
22
22
22
23
23
23
23
23
23
23
23
24
24
24
24
24
24
24
25
25
25
25
25
25
25
25
25
25
25
25
25
25
25
25
25
25
25
25
25
25
25
25
26
27
27
28
28
28
28
29
29
29
30
30
30
30
31
31
31
32
32
33
33
33
33
33
33
34
34
34
34
34
35
35
35
35
35
35
36
35
35
35
35
35
35
35
35
35
35
35
35
35
34
35
35
35
34
34
34
34
33
33
33
33
32
32
32
32
31
31
31
32
32
32
32
32
32
33
33
33
33
32
33
33
33
33
34
34
34
34
35
35
35
35
35
36
36
36
36
36
37
37
37
37
37
37
38
38
38
38
38
38
38
39
39
39
39
39
39
40
40
40
40
42
42
43
44
44
45
46
48
51
55
58
59
58
61
63
65
72
77
81
83
85
257
260
262
264
266
268
270
271
273
276
280
368
371
374
378
382
387
464
464
465
464
465
465
466
466
466
465
467
467
469
469
470
470
470
536
532
517
512
478
472
468
465
461
456
451
445
404
399
395
391
383
355
348
342
338
334
330
326
307
297
325
329
333
336
340
344
351
363
387
391
393
396
399
445
450
454
458
462
466
468
472
451
471
473
473
473
473
472
471
470
469
468
469
469
470
469
469
469
468
468
468
392
386
382
378
375
372
369
282
279
276
274
271
268
265
263
260
63
61
60
59
59
58
56
54
51
49
47
46
45
44
43
43
41
40
40
40
40
38
38
38
38
38
37
37
37
37
37
37
37
38
37
37
36
36
36
36
36
36
36
36
36
35
34
34
34
34
34
34
34
34
34
33
33
33
33
33
33
32
32
32
33
33
33
33
33
32
33
33
33
33
34
34
34
34
35
35
35
35
35
35
35
35
35
35
35
35
35
35
35
35
35
35
35
35
35
35
35
35
35
35
35
35
34
34
34
34
34
34
34
34
34
33
33
33
33
33
32
32
32
31
31
30
30
30
30
29
29
28
28
27
27
27
27
27
25
25
25
25
25
24
23
23
23
23
22
22
22
22
22
22
22
22
22
22
22
22
23
23
24
24
25
25
26
26
26
27
27
27
27
27
27
27
28
28
28
28
28
28
28
28
29
29
30
30
30
30
31
31
31
31
31
31
30
29
23
23
23
23
23
1
1
1
1
1
1
1
1
1
1
1
1
1
1
1
1
1
1
1
1
1
1
1
1
1
1
1
1
1
1
1
1
1
1
1
1
1
1
1
1
1
1
1
1
1
1
1
1
1
1
1
1
1
1
1
1
1
1
1
1
1
1
1
1
1
1
1
1
1
1
1
1
1
1
1
1
1
1
1
1
1
1
1
1
1
1
1
1
1
1
1
1
1
1
1
1
1
1
1
1
1
1
1
1
1
1
1
1
1
1
1
1
1
1
1
1
1
1
1
1
1
1
1
1
1
1
1
1
1
1
1
1
1
1
1
1
1
1
1
1
1
1
1
1
1
1
1
1
1
1
1
1
1
1
1
1
1
1
1
1
1
1
1
1
1
1
1
1
1
1
1
1
1
1
1
1
1
1
1
1
1
1
1
1
1
1
1
1
1
1
1
1
1
1
1
1
1
1
1
1
1
1
1
1
1
1
1
1
1
1
1
1
1
1
1
1
1
1
1
1
1
1
1
1
1
1
1
1
1
1
1
1
1
1
1
1
1
1
1
1
1
1
1
1
1
1
1
1
1
