# Vetor de dados - syn_f000086-3-Pre--front--vetorlinha.txt
# Total de elementos: 768
# Formato: um valor por linha
#==================================================

1
1
1
1
1
1
1
1
1
1
1
1
1
1
1
1
1
1
1
1
1
1
1
1
1
1
1
1
1
1
1
1
1
1
1
1
1
1
1
1
1
1
1
1
1
1
1
1
1
1
1
1
1
1
1
1
1
1
1
1
1
1
1
1
1
1
1
1
1
1
1
1
1
1
1
1
1
1
1
1
1
1
1
1
1
1
1
1
1
1
1
1
1
1
1
1
1
1
1
1
1
1
1
1
1
1
1
1
1
1
1
1
1
1
1
1
1
1
1
1
6
21
25
29
33
37
39
41
43
45
47
48
49
51
52
53
54
56
56
57
58
58
59
60
61
61
61
61
62
62
62
62
62
61
61
61
61
61
61
65
69
69
69
69
69
69
69
69
68
67
67
67
66
65
65
63
62
61
61
55
54
54
53
52
52
52
51
50
50
48
48
46
46
46
45
45
45
45
45
45
46
46
48
52
58
62
66
69
72
75
78
82
117
126
152
174
264
355
368
385
404
418
433
451
461
473
483
488
494
501
509
517
526
546
566
571
581
587
599
598
596
580
574
575
575
552
553
554
482
475
469
379
367
295
198
156
151
150
147
147
145
145
144
144
144
143
143
142
142
141
140
140
139
138
138
137
136
136
134
134
134
132
132
131
130
130
129
127
127
125
124
123
122
120
119
117
115
113
112
112
112
112
112
112
112
112
112
112
112
112
112
112
111
111
111
111
111
109
109
109
109
108
107
107
107
106
105
105
105
105
104
104
103
103
103
103
101
101
101
101
101
103
103
105
105
107
109
110
112
114
116
117
118
120
121
122
124
125
126
126
127
128
129
130
130
130
130
130
130
131
131
131
131
131
131
131
131
131
131
131
131
130
130
130
130
130
129
129
129
130
131
131
131
131
131
131
132
132
132
133
134
134
135
136
136
138
138
138
139
140
140
141
142
142
142
143
143
143
144
144
145
145
145
146
146
147
147
147
147
147
147
147
147
146
146
146
146
146
146
146
146
146
146
146
146
145
145
145
145
145
144
144
144
144
144
143
143
143
142
142
142
141
141
140
140
140
140
139
138
138
136
136
136
134
134
134
134
132
132
132
130
130
130
129
128
128
127
127
126
125
125
123
123
123
121
121
121
119
119
119
118
117
117
116
115
115
114
114
113
113
113
112
112
111
111
111
111
111
111
111
111
111
111
111
111
111
111
111
111
110
109
109
109
109
109
109
109
109
109
109
109
109
109
110
110
111
111
111
112
113
113
114
115
115
115
117
117
117
117
119
119
119
119
120
121
121
121
121
121
122
122
123
123
123
123
123
123
123
123
123
123
123
123
122
122
122
122
122
122
122
122
121
120
120
120
119
118
118
118
118
117
116
116
115
115
114
114
113
112
112
111
110
110
109
108
108
108
106
106
106
105
104
104
104
102
102
102
102
101
100
100
100
99
98
98
98
97
97
96
96
96
96
95
94
94
94
94
94
94
94
93
93
93
93
93
94
95
95
96
96
96
97
97
97
98
98
98
98
98
98
98
98
100
100
100
102
102
103
103
104
105
107
107
109
109
111
113
113
114
115
115
117
117
118
118
118
118
118
117
117
117
117
116
113
109
107
102
97
46
1
1
1
1
1
1
1
1
1
1
1
1
1
1
1
1
1
1
1
1
1
1
1
1
1
1
1
1
1
1
1
1
1
1
1
1
1
1
1
1
1
1
1
1
1
1
1
1
1
1
1
1
1
1
1
1
1
1
1
