# Vetor de dados - syn_f001684-3-Pre--front--vetorlinha.txt
# Total de elementos: 768
# Formato: um valor por linha
#==================================================

1
1
1
1
1
1
1
1
1
1
1
1
1
1
1
1
1
1
1
1
1
1
1
1
1
1
1
1
1
1
1
1
1
1
1
1
1
1
1
1
1
1
1
1
1
1
1
1
1
1
1
1
1
1
1
1
1
1
1
1
1
1
1
1
1
1
1
1
1
1
1
1
1
1
1
1
1
1
1
1
1
1
1
1
1
1
1
1
1
1
1
1
1
1
1
1
1
1
1
1
1
1
1
1
1
1
1
1
1
1
1
1
8
21
25
29
33
37
39
41
43
45
47
49
50
51
52
54
55
56
57
58
58
59
60
60
61
62
62
62
62
63
63
63
62
62
62
62
62
62
62
62
67
69
71
71
71
71
70
69
69
69
68
67
67
66
66
64
63
62
61
59
56
52
52
50
50
49
49
48
47
47
46
46
45
45
45
45
45
46
46
46
46
46
47
47
48
48
49
51
53
56
59
63
67
73
78
126
132
138
190
199
303
320
398
415
433
443
451
464
477
491
502
511
530
547
551
555
561
565
579
592
578
572
575
574
574
572
556
491
489
486
481
475
468
390
379
351
301
260
250
239
198
167
163
159
158
156
155
155
154
153
153
151
151
151
150
149
149
148
147
146
145
144
143
142
140
139
138
137
136
135
134
133
133
132
131
130
129
128
127
126
124
124
122
121
120
119
117
117
116
116
116
116
116
116
116
116
116
116
116
114
114
114
114
114
113
113
113
113
113
113
111
111
111
111
111
109
109
109
109
109
108
108
108
108
108
108
109
109
108
108
108
108
108
108
109
109
109
110
110
111
111
112
113
113
115
115
117
118
118
120
120
122
122
124
126
126
128
129
130
131
131
133
133
133
134
134
135
135
135
136
136
136
136
136
136
136
136
136
136
136
136
136
136
136
136
136
136
136
136
136
136
136
136
136
136
136
138
138
138
138
138
138
140
140
140
140
141
141
141
142
142
143
143
143
143
143
144
145
145
145
145
145
145
147
147
147
147
147
147
147
147
147
147
148
148
148
148
148
149
149
149
149
149
149
149
149
149
149
149
149
149
149
148
148
148
148
148
148
148
148
147
146
146
146
146
146
146
145
144
144
144
144
143
143
142
142
142
142
141
140
140
139
138
138
137
136
136
135
134
133
132
132
131
130
129
128
127
127
126
125
125
124
123
123
121
121
121
119
119
119
117
117
117
115
115
115
114
113
113
113
112
112
111
111
111
111
111
111
110
110
110
110
109
109
108
108
108
108
108
108
108
108
108
109
109
109
110
111
111
112
112
113
114
114
114
115
116
116
117
118
118
118
118
120
120
120
120
120
121
121
121
122
122
122
122
122
122
122
122
122
122
122
122
122
121
121
121
120
120
120
119
119
118
118
118
117
117
117
116
116
115
114
113
113
112
111
111
110
109
109
109
107
107
107
106
105
105
104
103
103
103
101
101
101
101
99
99
99
98
97
97
97
96
95
95
95
95
94
93
93
93
93
93
93
93
92
91
91
91
91
91
93
93
93
93
93
95
95
95
95
95
95
95
95
95
95
97
97
97
98
99
99
100
101
101
103
103
105
106
107
108
109
110
111
112
113
113
114
114
114
114
114
114
113
112
111
111
109
109
108
105
101
99
95
45
1
1
1
1
1
1
1
1
1
1
1
1
1
1
1
1
1
1
1
1
1
1
1
1
1
1
1
1
1
1
1
1
1
1
1
1
1
1
1
1
1
1
1
1
1
1
1
1
1
1
1
