# Vetor de dados - syn_f004787-1-Pre--front--vetorcoluna.txt
# Total de elementos: 1024
# Formato: um valor por linha
#==================================================

1
1
1
1
1
1
1
1
1
1
1
1
1
1
1
1
1
1
1
1
1
1
1
1
1
1
1
1
1
1
1
1
1
1
1
1
1
1
1
1
1
1
1
1
1
1
1
1
1
1
1
1
1
1
1
1
1
1
1
1
1
1
1
1
1
1
1
1
1
1
1
1
1
1
1
1
1
1
1
1
1
1
1
1
1
1
1
1
1
1
1
1
1
1
1
1
1
1
1
1
1
1
1
1
1
1
1
1
1
1
1
1
1
1
1
1
1
1
1
1
1
1
1
1
1
1
1
1
1
1
1
1
1
1
1
1
1
1
1
1
1
1
1
1
1
1
1
1
1
1
1
1
1
1
1
1
1
1
1
1
1
1
1
1
1
1
1
1
1
1
1
1
1
1
1
1
1
1
1
1
1
1
1
1
1
1
1
1
1
1
1
1
1
1
1
1
1
1
1
1
1
1
1
1
1
1
1
1
1
1
1
1
1
1
1
1
1
1
1
1
1
1
1
1
1
1
1
1
1
1
1
1
1
1
1
1
1
1
1
1
1
1
1
1
1
1
1
20
20
20
20
20
20
20
20
20
20
20
20
20
21
21
21
21
21
21
21
21
21
22
22
22
22
22
22
23
23
23
23
23
23
24
24
24
24
24
24
24
24
24
24
24
24
24
24
24
24
24
24
24
24
24
24
24
25
25
25
25
25
25
25
25
25
25
25
25
25
25
25
25
25
25
25
26
26
26
26
26
26
26
27
27
27
27
28
28
28
29
29
29
29
29
29
30
30
30
30
31
31
31
31
31
32
32
32
32
33
33
33
33
34
34
34
33
33
33
33
33
33
33
33
33
33
32
32
33
33
33
32
32
32
32
32
31
31
31
31
31
31
31
31
31
31
31
31
31
31
31
31
31
32
32
32
32
31
31
31
31
31
32
32
32
32
32
32
33
33
33
33
33
33
34
34
34
34
35
35
36
36
36
36
36
37
37
37
39
39
39
40
40
41
41
42
42
45
46
48
50
52
54
55
57
60
62
61
69
252
257
264
269
274
281
373
378
383
387
393
398
480
481
482
481
481
482
483
484
484
483
484
483
484
485
485
486
485
485
485
482
401
469
466
462
458
454
449
423
416
411
407
402
394
369
362
356
353
348
343
339
335
329
328
334
337
340
343
347
350
355
359
366
399
403
407
410
415
451
455
459
462
467
473
479
485
565
492
491
491
491
490
489
488
487
487
487
487
487
487
486
485
485
485
484
408
404
399
394
390
386
382
376
285
277
272
267
263
258
254
72
70
67
65
62
60
58
57
55
54
52
50
48
47
45
44
43
42
41
40
40
39
39
38
37
37
36
36
36
36
35
35
35
34
34
34
34
34
34
34
34
34
34
34
34
34
34
32
32
32
32
32
32
32
32
32
32
32
31
31
31
31
31
32
32
32
32
31
31
31
31
31
31
32
32
32
32
31
31
32
32
32
32
33
33
33
33
33
34
34
33
33
33
33
33
33
34
33
33
33
33
33
33
32
32
32
32
31
31
30
30
30
30
30
30
30
30
30
29
29
29
28
28
28
28
28
28
28
27
27
26
26
26
26
25
25
25
24
24
24
24
23
23
23
22
22
22
22
22
22
21
20
20
20
20
20
20
20
20
20
20
20
20
20
20
20
20
20
20
20
20
20
20
20
20
19
20
21
20
21
21
21
21
20
20
21
21
21
19
19
19
19
19
19
20
18
18
19
19
19
20
20
19
19
19
19
19
18
18
17
14
14
1
1
1
1
1
1
1
1
1
1
1
1
1
1
1
1
1
1
1
1
1
1
1
1
1
1
1
1
1
1
1
1
1
1
1
1
1
1
1
1
1
1
1
1
1
1
1
1
1
1
1
1
1
1
1
1
1
1
1
1
1
1
1
1
1
1
1
1
1
1
1
1
1
1
1
1
1
1
1
1
1
1
1
1
1
1
1
1
1
1
1
1
1
1
1
1
1
1
1
1
1
1
1
1
1
1
1
1
1
1
1
1
1
1
1
1
1
1
1
1
1
1
1
1
1
1
1
1
1
1
1
1
1
1
1
1
1
1
1
1
1
1
1
1
1
1
1
1
1
1
1
1
1
1
1
1
1
1
1
1
1
1
1
1
1
1
1
1
1
1
1
1
1
1
1
1
1
1
1
1
1
1
1
1
1
1
1
1
1
1
1
1
1
1
1
1
1
1
1
1
1
1
1
1
1
1
1
1
1
1
1
1
1
1
1
1
1
1
1
1
1
1
1
1
1
1
1
1
1
1
1
1
1
1
1
1
1
1
1
1
1
1
1
1
1
