# Vetor de dados - syn_f002787-0-Pre--front--vetorcoluna.txt
# Total de elementos: 1024
# Formato: um valor por linha
#==================================================

1
1
1
1
1
1
1
1
1
1
1
1
1
1
1
1
1
1
1
1
1
1
1
1
1
1
1
1
1
1
1
1
1
1
1
1
1
1
1
1
1
1
1
1
1
1
1
1
1
1
1
1
1
1
1
1
1
1
1
1
1
1
1
1
1
1
1
1
1
1
1
1
1
1
1
1
1
1
1
1
1
1
1
1
1
1
1
1
1
1
1
1
1
1
1
1
1
1
1
1
1
1
1
1
1
1
1
1
1
1
1
1
1
1
1
1
1
1
1
1
1
1
1
1
1
1
1
1
1
1
1
1
1
1
1
1
1
1
1
1
1
1
1
1
1
1
1
1
1
1
1
1
1
1
1
1
1
1
1
1
1
1
1
1
1
1
1
1
1
1
1
1
1
1
1
1
1
1
1
1
1
1
1
1
1
1
1
1
1
1
1
1
1
1
1
1
1
1
1
1
1
1
1
1
1
1
1
1
1
1
1
1
1
1
1
1
1
1
1
1
1
1
1
1
1
1
1
1
1
1
1
1
1
1
1
1
12
12
12
12
12
12
12
12
12
12
17
18
18
18
19
19
19
19
18
18
20
19
19
18
18
18
18
18
20
20
19
19
19
19
21
20
20
20
19
19
20
20
19
18
18
17
17
17
17
17
17
17
17
17
17
17
17
17
17
17
18
18
18
18
18
19
19
19
19
21
21
21
21
21
21
22
22
22
22
23
24
24
24
24
24
25
25
25
25
27
27
27
27
27
28
28
28
28
28
30
30
30
30
30
31
31
32
32
32
32
32
33
33
33
33
33
34
34
34
34
34
35
35
35
34
34
34
34
34
34
33
33
33
33
33
33
32
32
32
32
33
33
33
33
33
33
33
32
32
32
32
32
32
33
33
33
33
33
33
33
33
33
33
33
33
33
33
33
33
33
33
33
33
33
33
33
33
33
34
34
34
34
34
34
34
34
34
34
35
35
35
35
35
35
35
36
36
37
38
38
39
39
40
41
42
44
45
47
48
50
51
52
53
54
55
58
58
268
274
278
284
293
318
324
380
386
392
398
404
409
414
486
487
487
488
488
489
489
488
487
489
490
491
491
492
493
492
493
492
489
488
535
533
505
498
494
489
483
479
474
468
441
431
426
421
375
367
361
356
351
346
337
321
341
350
356
360
364
369
377
389
421
425
430
435
472
478
483
488
493
498
504
510
517
538
495
496
497
496
496
496
495
494
493
492
492
492
492
493
493
491
490
490
490
490
417
412
406
399
392
387
378
327
318
288
279
272
268
60
59
58
57
57
55
54
53
52
50
49
48
47
45
44
44
43
42
42
41
40
40
39
39
38
38
38
38
37
36
36
35
35
35
34
34
34
34
34
33
33
33
33
33
33
32
32
32
32
32
32
32
32
32
32
32
32
32
32
32
32
32
32
32
32
32
31
31
31
31
31
31
31
31
31
31
31
32
32
33
33
33
33
33
33
33
34
35
35
35
35
35
35
35
35
35
35
35
35
34
34
34
34
34
33
33
33
33
32
32
32
32
32
31
31
30
30
30
30
30
30
30
29
28
28
28
28
27
27
27
27
26
26
25
25
25
25
25
25
25
24
23
23
23
23
23
23
22
22
21
21
21
21
21
19
19
19
19
19
19
19
19
20
20
18
18
18
18
18
18
18
17
18
18
18
20
18
19
20
21
20
20
21
21
20
20
21
21
21
19
19
20
20
20
18
19
19
19
20
20
21
19
20
21
21
21
19
19
19
19
19
18
17
12
12
12
12
12
12
12
12
12
12
12
12
12
12
12
12
12
12
12
12
12
9
1
1
1
1
1
1
1
1
1
1
1
1
1
1
1
1
1
1
1
1
1
1
1
1
1
1
1
1
1
1
1
1
1
1
1
1
1
1
1
1
1
1
1
1
1
1
1
1
1
1
1
1
1
1
1
1
1
1
1
1
1
1
1
1
1
1
1
1
1
1
1
1
1
1
1
1
1
1
1
1
1
1
1
1
1
1
1
1
1
1
1
1
1
1
1
1
1
1
1
1
1
1
1
1
1
1
1
1
1
1
1
1
1
1
1
1
1
1
1
1
1
1
1
1
1
1
1
1
1
1
1
1
1
1
1
1
1
1
1
1
1
1
1
1
1
1
1
1
1
1
1
1
1
1
1
1
1
1
1
1
1
1
1
1
1
1
1
1
1
1
1
1
1
1
1
1
1
1
1
1
1
1
1
1
1
1
1
1
1
1
1
1
1
1
1
1
1
1
1
1
1
1
1
1
1
1
1
1
1
1
1
1
1
1
1
1
1
1
1
1
1
1
1
1
1
