# Vetor de dados - syn_f000954-2-Pre--left--vetorlinha.txt
# Total de elementos: 768
# Formato: um valor por linha
#==================================================

1
1
1
1
1
1
1
1
1
1
1
1
1
1
1
1
1
1
1
1
1
1
1
1
1
1
1
1
1
1
1
1
1
1
1
1
1
1
1
1
1
1
1
1
1
1
1
1
1
1
1
1
1
1
1
1
1
1
1
1
1
1
1
1
1
1
1
1
1
1
1
1
1
1
1
1
1
1
1
1
1
1
1
1
1
1
1
1
1
1
1
1
1
1
1
1
1
1
1
1
1
1
1
1
1
1
1
1
1
1
1
1
1
1
1
1
1
1
1
1
1
1
1
1
1
1
1
1
1
20
27
34
38
43
47
50
53
55
57
59
61
63
65
66
68
70
70
72
72
74
74
76
76
77
77
78
78
78
78
78
78
79
80
80
80
80
80
81
80
81
82
82
83
83
83
84
85
85
85
85
84
84
82
80
78
76
76
75
75
74
74
72
72
72
71
71
70
70
70
70
70
71
71
71
71
70
70
69
68
65
63
61
60
59
57
57
56
56
55
55
56
55
56
57
57
59
60
60
173
183
210
216
220
224
228
235
242
249
257
272
291
293
293
292
293
291
290
288
286
278
277
276
273
255
249
235
210
205
201
197
194
190
186
180
174
168
161
155
149
141
129
122
116
110
110
111
111
112
113
113
114
114
114
115
115
115
115
114
114
114
114
115
115
115
115
115
114
114
114
114
114
114
113
112
111
110
109
109
107
107
106
107
107
107
108
107
107
108
108
107
108
108
107
107
106
107
107
106
106
107
106
106
106
106
105
105
106
106
105
106
106
106
106
106
106
106
107
107
107
106
106
106
106
105
105
105
105
105
103
103
104
104
103
104
103
104
104
105
104
106
106
107
109
109
110
110
111
112
113
113
114
115
115
115
117
117
117
117
117
118
118
119
119
119
119
120
120
120
120
120
121
121
120
121
121
121
120
120
120
120
120
119
119
119
119
118
117
117
116
116
115
114
114
113
111
111
110
109
108
106
105
103
102
98
96
95
94
93
92
91
90
90
88
89
88
87
87
86
86
86
85
85
85
84
83
83
83
83
83
83
83
83
83
83
83
82
83
83
82
82
82
82
81
81
81
80
80
80
80
80
79
79
79
79
78
78
78
78
78
77
77
76
75
75
75
75
74
74
74
73
73
73
71
71
70
70
70
69
69
68
68
67
67
65
65
64
64
63
63
62
62
60
60
60
59
59
58
57
57
57
57
57
55
55
55
55
56
55
55
56
55
55
56
55
56
56
55
56
55
55
55
55
54
55
54
54
54
54
54
54
54
53
53
52
52
52
53
52
52
52
52
52
52
52
52
52
52
52
52
52
53
53
53
53
53
53
54
54
54
54
54
53
53
53
53
53
53
53
52
52
52
52
52
51
51
50
50
50
49
49
49
48
48
47
47
47
47
45
45
45
45
44
43
43
43
42
42
42
41
41
40
40
40
40
40
39
39
39
39
40
40
40
40
41
41
42
41
41
43
44
46
47
49
51
55
57
60
71
75
76
77
79
80
82
84
84
85
86
86
87
87
86
86
86
48
49
51
54
58
61
64
69
73
76
79
81
82
85
87
90
89
89
88
87
85
83
80
74
65
60
54
50
44
40
37
25
1
1
1
1
1
1
1
1
1
1
1
1
1
1
1
1
1
1
1
1
1
1
1
1
1
1
1
1
1
1
1
1
1
1
1
1
1
1
1
1
1
1
1
1
1
1
1
1
1
1
1
1
1
1
1
1
1
1
1
1
1
1
