# Vetor de dados - syn_f003638-3-Pre--left--vetorlinha.txt
# Total de elementos: 768
# Formato: um valor por linha
#==================================================

1
1
1
1
1
1
1
1
1
1
1
1
1
1
1
1
1
1
1
1
1
1
1
1
1
1
1
1
1
1
1
1
1
1
1
1
1
1
1
1
1
1
1
1
1
1
1
1
1
1
1
1
1
1
1
1
1
1
1
1
1
1
1
1
1
1
1
1
1
1
1
1
1
1
1
1
1
1
1
1
1
1
1
1
1
1
1
1
1
1
1
1
1
1
1
1
1
1
1
1
1
1
1
1
1
1
1
1
1
1
1
1
1
1
1
1
1
1
1
1
1
1
1
1
1
1
1
1
1
1
18
26
33
36
41
44
47
50
52
54
57
58
60
62
64
64
66
66
68
68
70
70
71
72
72
72
73
73
73
73
73
74
75
75
75
75
74
75
75
76
75
76
77
77
78
78
79
78
79
78
79
78
77
76
74
71
70
68
67
67
66
66
64
63
63
63
63
62
61
60
61
60
60
60
61
60
58
57
41
41
41
41
42
41
41
42
41
41
42
42
42
42
43
44
44
45
45
45
48
52
56
60
69
83
90
96
103
151
157
161
165
168
173
177
182
186
192
199
207
211
215
219
223
227
232
237
241
248
256
261
267
277
278
278
278
277
275
271
263
262
182
79
79
79
80
80
81
81
81
81
82
82
82
82
81
81
81
81
81
81
81
81
81
81
81
80
79
79
79
78
78
77
76
75
75
75
75
75
75
74
74
74
73
72
72
72
72
70
70
70
69
69
68
67
67
66
65
65
64
63
63
61
60
59
59
58
57
57
57
55
55
55
55
55
54
54
54
54
54
54
56
56
56
56
57
58
59
59
60
62
63
64
65
67
68
68
69
70
72
73
74
75
75
76
77
78
78
79
79
80
81
81
82
82
82
82
83
83
83
83
84
84
84
84
84
84
84
85
85
85
86
86
87
87
87
88
88
89
88
88
89
89
89
90
89
89
90
90
90
89
89
90
90
90
89
89
89
89
88
88
88
87
88
87
87
86
86
85
85
84
83
83
82
81
81
80
80
80
79
79
79
79
80
80
80
80
80
80
81
81
81
81
80
81
81
81
81
81
81
82
81
81
81
81
81
81
81
80
79
79
79
79
79
79
79
79
79
78
78
77
77
77
77
76
75
75
75
75
74
73
73
72
72
71
71
70
70
69
68
68
67
66
65
65
64
62
62
61
61
60
59
59
58
56
56
55
55
54
54
53
53
52
52
53
53
53
54
54
54
55
55
55
56
56
56
56
56
57
57
57
57
56
57
57
57
57
56
56
56
55
55
55
55
54
54
55
54
54
55
55
55
55
55
55
55
55
55
55
55
55
54
54
54
54
54
54
55
55
55
56
56
56
56
56
56
56
55
55
55
55
55
55
55
55
55
55
54
54
53
53
53
53
52
52
51
51
50
50
50
49
49
48
47
47
47
46
46
44
44
44
43
43
43
42
42
41
41
40
40
40
39
39
40
40
39
39
39
40
41
40
41
42
43
45
45
47
50
54
56
58
60
61
64
68
70
75
76
79
82
83
84
84
84
84
78
45
48
51
53
56
61
65
70
73
75
78
81
83
85
89
89
89
88
86
84
84
82
77
63
53
44
35
1
1
1
1
1
1
1
1
1
1
1
1
1
1
1
1
1
1
1
1
1
1
1
1
1
1
1
1
1
1
1
1
1
1
1
1
1
1
1
1
1
1
1
1
1
1
1
1
1
1
1
1
1
1
1
1
1
1
1
1
1
1
1
1
1
1
