# Vetor de dados - syn_f001318-0-Pre--front--vetorlinha.txt
# Total de elementos: 768
# Formato: um valor por linha
#==================================================

1
1
1
1
1
1
1
1
1
1
1
1
1
1
1
1
1
1
1
1
1
1
1
1
1
1
1
1
1
1
1
1
1
1
1
1
1
1
1
1
1
1
1
1
1
1
1
1
1
1
1
1
1
1
1
1
1
1
1
1
1
1
1
1
1
1
1
1
1
1
1
1
1
1
1
1
1
1
1
1
1
1
1
1
1
1
1
1
1
1
1
1
1
1
1
1
1
1
1
1
1
1
1
1
1
1
1
1
1
1
1
1
1
1
1
1
1
1
1
1
1
1
10
22
26
30
33
37
39
41
43
45
47
48
50
51
52
54
54
56
56
58
58
58
60
60
60
60
61
61
61
62
62
61
61
61
61
60
60
60
61
65
67
69
69
69
69
69
67
67
67
66
65
65
64
63
61
61
59
59
56
50
50
50
50
49
48
48
47
46
45
44
44
44
44
44
44
43
43
43
43
43
43
43
42
41
42
43
44
46
49
52
55
60
67
83
94
124
135
145
273
288
301
320
331
345
359
431
471
476
481
487
493
497
501
504
497
500
508
513
518
521
525
530
463
462
464
466
469
472
468
462
459
455
419
404
372
360
355
352
244
153
148
145
143
141
140
138
136
135
134
133
131
129
127
125
125
123
121
121
119
119
117
117
117
115
115
115
114
114
114
114
113
113
113
113
112
112
112
112
112
111
110
110
109
108
107
107
106
106
106
105
105
106
106
106
106
106
108
108
108
108
108
108
107
107
107
107
107
107
107
107
107
107
107
107
107
107
107
107
107
107
108
108
109
109
108
108
108
108
106
106
106
106
107
107
107
107
108
109
109
110
112
113
115
116
117
119
121
121
123
125
125
127
127
129
129
130
131
131
131
132
133
133
133
134
134
134
134
134
134
134
134
134
134
134
134
134
134
135
136
136
136
136
136
137
138
138
139
139
140
140
141
141
142
142
143
144
144
145
146
146
147
147
147
147
147
148
148
148
148
148
148
149
149
149
148
147
147
147
147
146
146
146
145
145
144
144
144
144
143
143
142
142
142
142
141
140
140
140
140
140
139
138
138
138
138
137
136
136
136
135
135
135
134
134
133
133
132
132
131
131
130
130
129
129
129
128
128
127
127
126
126
126
125
125
124
124
124
122
122
122
122
120
120
120
120
120
119
118
118
118
117
117
117
117
117
116
116
115
115
115
115
115
115
115
115
115
115
115
114
114
114
114
114
113
113
113
112
112
111
111
111
111
111
111
111
111
110
109
109
109
109
109
109
109
109
109
109
109
109
109
109
110
110
110
111
111
111
111
111
111
111
111
111
111
112
111
112
112
111
111
110
110
110
110
110
110
110
110
110
108
108
108
108
108
107
106
106
106
106
105
105
105
104
104
104
103
103
103
102
102
102
101
101
101
100
100
100
99
99
99
98
98
97
97
97
96
96
96
95
95
95
94
94
94
94
93
93
93
93
93
93
93
93
93
93
93
93
93
93
93
93
94
95
95
95
95
96
96
96
96
96
96
96
97
97
97
97
98
98
99
99
100
101
101
102
103
104
105
106
107
108
109
110
111
112
113
113
115
115
115
116
116
115
115
115
115
115
115
114
111
108
105
103
100
96
43
38
1
1
1
1
1
1
1
1
1
1
1
1
1
1
1
1
1
1
1
1
1
1
1
1
1
1
1
1
1
1
1
1
1
1
1
1
1
1
1
1
1
1
1
1
1
1
1
1
1
1
1
1
1
1
1
1
1
1
1
