# Vetor de dados - syn_f004360-0-Pre--front--vetorlinha.txt
# Total de elementos: 768
# Formato: um valor por linha
#==================================================

1
1
1
1
1
1
1
1
1
1
1
1
1
1
1
1
1
1
1
1
1
1
1
1
1
1
1
1
1
1
1
1
1
1
1
1
1
1
1
1
1
1
1
1
1
1
1
1
1
1
1
1
1
1
1
1
1
1
1
1
1
1
1
1
1
1
1
1
1
1
1
1
1
1
1
1
1
1
1
1
1
1
1
1
1
1
1
1
1
1
1
1
1
1
1
1
1
1
1
1
1
1
1
1
1
1
1
1
1
1
1
16
24
27
31
35
39
41
43
45
47
49
49
51
52
53
54
56
57
58
59
60
60
61
62
62
62
63
63
64
64
64
64
64
64
64
64
63
63
62
62
63
68
71
72
72
72
72
71
71
71
70
69
69
69
68
67
66
65
64
63
62
60
56
53
53
53
52
51
51
50
49
49
48
48
46
47
48
47
46
46
46
46
46
46
46
46
46
46
46
46
47
47
51
56
61
66
72
77
99
120
271
284
295
312
341
350
360
372
384
413
475
481
485
490
494
497
499
493
491
494
504
510
514
515
518
522
459
458
458
457
456
455
457
457
460
463
458
447
430
421
411
383
360
359
357
243
160
157
155
153
151
150
148
146
145
144
142
140
139
137
136
135
135
133
133
133
132
132
132
132
132
132
132
132
132
132
132
132
132
132
132
132
132
130
130
129
128
127
127
125
123
123
121
119
118
117
117
117
116
116
116
116
116
116
116
116
116
116
116
116
116
116
116
116
116
116
116
116
116
117
118
118
118
120
120
122
123
124
125
126
127
127
128
129
129
130
130
130
130
129
129
129
128
127
127
128
128
128
128
128
128
129
130
130
130
132
132
132
134
134
134
135
135
136
136
136
136
137
136
136
136
136
136
136
136
136
136
136
135
135
134
134
134
134
134
134
134
134
134
135
135
135
135
135
135
136
137
137
137
138
138
138
139
139
139
139
139
139
140
140
141
141
141
141
140
140
140
140
140
140
140
140
140
140
140
138
138
138
138
138
137
137
136
136
136
136
135
135
135
134
133
133
133
133
131
131
131
131
130
130
129
129
129
129
128
128
128
127
127
127
126
126
126
125
125
124
124
124
124
123
123
122
122
122
121
121
121
120
120
120
120
119
119
119
118
118
117
117
117
117
117
117
116
116
116
116
116
115
115
115
115
115
115
115
115
115
115
115
115
115
115
115
115
115
115
115
115
115
115
115
115
115
115
115
115
115
115
115
114
113
113
113
113
113
113
114
114
114
114
114
114
114
114
114
114
114
116
116
116
116
116
116
118
118
118
118
118
118
120
120
120
120
120
120
120
120
120
120
120
120
120
120
121
121
120
120
120
120
120
120
120
119
118
118
118
118
118
118
116
116
116
116
116
115
114
114
114
114
113
112
112
112
112
112
110
110
110
110
109
108
108
108
108
107
106
106
106
106
105
105
104
104
104
103
103
102
102
101
101
101
101
100
100
100
99
99
99
99
98
98
98
98
98
98
98
98
98
98
98
98
98
98
99
100
100
100
100
100
100
100
100
100
100
100
101
101
101
102
103
103
103
104
105
106
107
108
108
110
111
111
113
114
115
115
116
117
118
118
119
119
119
119
119
119
117
116
114
113
111
109
107
52
51
48
47
1
1
1
1
1
1
1
1
1
1
1
1
1
1
1
1
1
1
1
1
1
1
1
1
1
1
1
1
1
1
1
1
1
1
1
1
1
1
1
1
1
1
1
1
1
1
1
1
1
1
1
1
