# Vetor de dados - syn_f002668-0-Pre--front--vetorcoluna.txt
# Total de elementos: 1024
# Formato: um valor por linha
#==================================================

1
1
1
1
1
1
1
1
1
1
1
1
1
1
1
1
1
1
1
1
1
1
1
1
1
1
1
1
1
1
1
1
1
1
1
1
1
1
1
1
1
1
1
1
1
1
1
1
1
1
1
1
1
1
1
1
1
1
1
1
1
1
1
1
1
1
1
1
1
1
1
1
1
1
1
1
1
1
1
1
1
1
1
1
1
1
1
1
1
1
1
1
1
1
1
1
1
1
1
1
1
1
1
1
1
1
1
1
1
1
1
1
1
1
1
1
1
1
1
1
1
1
1
1
1
1
1
1
1
1
1
1
1
1
1
1
1
1
1
1
1
1
1
1
1
1
1
1
1
1
1
1
1
1
1
1
1
1
1
1
1
1
1
1
1
1
1
1
1
1
1
1
1
1
1
1
1
1
1
1
1
1
1
1
1
1
1
1
1
1
1
1
1
1
1
1
1
1
1
1
1
1
1
1
1
1
1
1
1
1
1
1
1
1
1
1
1
1
1
1
1
1
1
1
1
1
1
1
1
1
1
1
1
1
1
1
1
1
1
1
1
1
1
1
1
1
1
1
1
1
1
18
19
20
19
19
19
19
19
19
19
19
19
19
18
18
18
18
20
20
20
20
20
20
20
20
20
20
19
19
21
21
20
20
20
19
19
19
19
19
19
19
19
19
19
19
19
19
19
20
20
20
19
19
20
20
21
21
21
22
22
22
23
23
23
23
24
24
24
25
26
26
26
26
26
27
27
27
27
27
29
29
29
29
29
30
30
30
30
30
30
31
31
31
31
31
32
33
33
33
33
33
33
33
33
34
33
33
33
34
34
34
34
34
35
35
34
34
34
34
34
34
33
34
34
34
34
33
33
33
33
33
33
33
32
32
33
32
32
32
32
32
32
32
32
33
33
33
32
32
33
33
33
33
34
34
34
34
35
35
35
35
35
36
36
36
36
36
36
37
37
37
38
38
38
38
38
38
38
40
40
40
40
41
41
41
42
42
43
44
45
48
49
50
52
54
55
57
59
60
62
82
85
230
236
241
243
246
249
252
254
257
261
266
271
364
370
375
380
385
457
458
459
459
459
459
460
462
461
462
461
461
462
462
464
464
465
465
533
532
514
461
458
456
454
451
448
446
441
438
398
396
393
390
387
353
347
342
338
331
310
297
296
323
329
333
337
340
347
382
387
389
392
434
438
440
443
446
449
452
455
460
462
464
465
466
524
459
460
461
460
460
459
459
459
457
457
458
458
459
459
459
458
458
458
458
384
380
375
371
367
279
273
268
264
260
257
254
251
247
244
75
69
65
61
58
56
54
53
51
50
49
47
45
45
44
43
43
41
41
41
41
40
39
39
39
39
38
38
38
38
37
37
37
37
36
36
36
35
35
35
34
34
34
34
34
34
33
33
33
33
32
32
32
31
31
31
31
31
31
31
31
31
31
31
31
31
31
31
31
31
31
31
32
32
32
33
33
33
33
34
34
34
34
34
34
34
34
35
35
34
34
34
34
34
34
34
34
33
33
33
33
33
33
33
32
32
32
31
31
31
31
31
30
30
30
30
30
30
29
29
29
29
29
28
28
28
28
27
26
26
26
26
26
26
25
25
24
24
24
23
23
22
22
22
22
22
21
21
21
21
19
19
19
18
18
18
18
18
18
17
17
18
18
18
17
18
18
19
20
19
19
20
21
21
20
20
21
21
21
19
19
19
20
20
20
18
19
19
19
19
20
21
21
21
21
21
22
22
22
21
21
21
20
12
12
12
12
12
12
12
12
12
12
12
12
12
12
12
12
12
12
12
12
12
12
9
1
1
1
1
1
1
1
1
1
1
1
1
1
1
1
1
1
1
1
1
1
1
1
1
1
1
1
1
1
1
1
1
1
1
1
1
1
1
1
1
1
1
1
1
1
1
1
1
1
1
1
1
1
1
1
1
1
1
1
1
1
1
1
1
1
1
1
1
1
1
1
1
1
1
1
1
1
1
1
1
1
1
1
1
1
1
1
1
1
1
1
1
1
1
1
1
1
1
1
1
1
1
1
1
1
1
1
1
1
1
1
1
1
1
1
1
1
1
1
1
1
1
1
1
1
1
1
1
1
1
1
1
1
1
1
1
1
1
1
1
1
1
1
1
1
1
1
1
1
1
1
1
1
1
1
1
1
1
1
1
1
1
1
1
1
1
1
1
1
1
1
1
1
1
1
1
1
1
1
1
1
1
1
1
1
1
1
1
1
1
1
1
1
1
1
1
1
1
1
1
1
1
1
1
1
1
1
1
1
1
1
1
1
1
1
1
1
1
1
1
1
1
1
1
1
1
1
