# Vetor de dados - syn_f004348-3-Pre--front--vetorlinha.txt
# Total de elementos: 768
# Formato: um valor por linha
#==================================================

1
1
1
1
1
1
1
1
1
1
1
1
1
1
1
1
1
1
1
1
1
1
1
1
1
1
1
1
1
1
1
1
1
1
1
1
1
1
1
1
1
1
1
1
1
1
1
1
1
1
1
1
1
1
1
1
1
1
1
1
1
1
1
1
1
1
1
1
1
1
1
1
1
1
1
1
1
1
1
1
1
1
1
1
1
1
1
1
1
1
1
1
1
1
1
1
1
1
1
1
1
1
1
1
1
1
1
1
1
1
1
1
1
1
1
1
1
1
1
1
1
1
1
1
1
1
1
1
1
1
1
1
1
1
1
1
16
23
28
32
36
38
40
42
44
46
48
50
51
52
53
54
55
57
57
58
59
59
60
61
61
61
62
62
62
62
62
62
62
62
62
61
61
61
62
67
69
70
70
70
69
69
68
68
67
67
66
65
65
64
63
61
60
60
58
52
51
50
50
49
49
48
48
47
46
45
45
45
45
45
45
45
45
44
44
44
45
45
47
51
56
60
64
69
74
77
82
99
114
158
263
274
291
379
395
417
426
439
452
461
471
482
507
526
533
540
553
566
565
562
547
541
543
542
525
520
522
458
453
448
441
372
354
312
300
284
261
203
190
163
156
153
150
148
147
146
145
145
144
143
143
142
142
142
140
139
138
137
136
135
134
133
132
132
131
130
129
129
127
127
126
124
124
123
122
122
121
120
120
118
118
117
116
115
114
114
112
111
109
108
107
106
104
104
104
104
104
105
106
106
106
106
106
107
107
106
106
106
106
106
106
106
106
105
105
105
105
105
105
105
103
103
103
102
101
101
100
100
100
101
101
102
103
104
105
106
107
109
110
111
112
114
114
116
116
116
117
118
118
119
119
120
121
121
121
121
121
122
122
123
123
124
124
124
124
124
124
124
124
124
124
124
124
124
124
125
125
125
125
126
127
127
127
127
128
129
129
130
130
130
131
132
132
132
132
132
133
134
134
134
134
134
134
136
136
136
136
136
136
136
136
136
136
136
136
135
135
135
135
135
135
135
136
136
136
135
135
134
134
134
134
134
134
134
133
132
132
132
132
132
131
131
131
130
130
129
129
129
129
127
127
127
127
125
125
125
125
124
123
123
123
122
121
121
121
120
119
118
117
117
115
115
113
113
111
111
111
109
109
107
107
107
106
105
105
105
104
104
104
104
104
104
104
104
104
104
104
104
104
104
103
103
102
102
102
102
102
102
102
102
102
102
102
102
103
103
104
104
104
105
106
106
107
107
108
108
109
109
110
110
111
111
112
112
112
112
113
113
113
114
114
114
114
114
114
115
115
114
114
114
114
114
114
113
113
113
113
113
112
112
111
111
110
110
109
109
109
108
107
107
106
105
105
104
104
103
102
102
101
101
100
100
99
98
98
97
97
96
96
95
95
94
94
93
93
92
92
91
90
90
90
90
88
88
88
88
87
87
86
86
86
86
86
85
86
86
86
86
87
87
87
87
87
88
88
88
88
88
88
88
89
89
89
91
91
91
93
93
95
95
97
97
99
99
101
102
103
103
105
105
106
106
107
107
107
107
107
105
104
101
100
97
94
41
40
1
1
1
1
1
1
1
1
1
1
1
1
1
1
1
1
1
1
1
1
1
1
1
1
1
1
1
1
1
1
1
1
1
1
1
1
1
1
1
1
1
1
1
1
1
1
1
1
1
1
1
1
1
1
1
1
1
1
1
1
1
1
1
1
1
1
1
1
1
1
1
1
1
