# Vetor de dados - syn_f001365-1-Pre--left--vetorlinha.txt
# Total de elementos: 768
# Formato: um valor por linha
#==================================================

1
1
1
1
1
1
1
1
1
1
1
1
1
1
1
1
1
1
1
1
1
1
1
1
1
1
1
1
1
1
1
1
1
1
1
1
1
1
1
1
1
1
1
1
1
1
1
1
1
1
1
1
1
1
1
1
1
1
1
1
1
1
1
1
1
1
1
1
1
1
1
1
1
1
1
1
1
1
1
1
1
1
1
1
1
1
1
1
1
1
1
1
1
1
1
1
1
1
1
1
1
1
1
1
1
1
1
1
1
1
1
1
1
1
1
1
1
1
1
1
21
27
34
39
43
46
49
52
54
56
58
60
62
63
65
67
68
69
70
71
72
73
74
74
75
76
76
76
76
76
76
76
77
77
77
77
77
78
77
77
78
78
79
79
79
80
81
81
82
82
82
82
80
80
77
76
74
73
73
73
72
71
70
69
69
69
68
66
65
65
65
64
64
64
64
64
63
62
61
60
58
57
55
53
51
51
51
49
50
50
50
50
51
51
52
53
53
54
55
56
55
172
184
203
211
216
222
227
234
243
252
266
277
292
292
293
292
292
290
288
286
279
278
277
260
259
215
212
209
204
199
196
192
188
183
180
173
164
158
151
136
130
120
114
109
104
104
105
106
106
107
107
108
108
109
109
109
108
109
109
109
109
108
108
108
108
107
107
107
107
105
105
105
103
103
103
102
101
100
100
98
98
97
97
95
95
95
95
96
95
96
96
96
96
96
97
96
96
97
96
96
95
96
95
95
94
95
95
94
94
93
94
94
94
93
93
93
93
93
93
92
92
92
91
91
91
91
91
91
92
92
93
94
95
96
97
98
98
100
100
102
102
104
104
104
106
106
108
108
110
111
111
113
114
115
115
116
117
118
118
119
119
120
120
120
121
121
122
122
122
123
123
123
123
123
123
124
123
123
123
123
123
123
122
123
122
122
122
122
122
121
121
120
120
119
119
118
117
117
116
115
114
113
112
113
113
112
112
112
111
111
111
110
110
110
109
110
109
109
108
108
107
107
106
105
105
104
104
103
102
101
100
99
99
98
98
97
97
96
95
95
95
95
95
95
95
95
95
94
94
94
93
93
92
92
92
92
92
90
90
90
90
89
89
89
89
89
88
88
88
87
87
86
86
85
85
85
85
84
84
83
83
83
81
81
81
80
80
79
79
79
77
77
77
76
76
74
74
74
73
73
71
71
70
70
70
68
68
67
67
66
65
64
64
63
63
63
62
62
62
60
61
61
60
61
60
61
60
61
62
61
61
60
60
60
59
59
59
58
59
58
59
58
58
57
58
57
56
56
55
55
55
55
54
54
53
53
53
53
53
53
53
53
53
53
53
53
54
54
54
54
54
55
55
54
54
54
54
55
55
55
55
54
54
54
54
54
54
54
53
53
53
53
53
53
52
52
51
51
51
51
51
50
50
50
49
49
49
48
47
47
47
47
47
45
45
45
45
44
43
44
44
44
43
43
44
44
44
44
45
45
46
46
48
48
50
51
53
55
57
58
60
65
68
70
73
75
75
77
79
81
81
82
82
83
83
83
82
83
83
44
45
47
49
50
53
55
58
61
64
66
70
72
73
75
78
81
84
88
87
86
84
83
79
74
66
60
55
51
46
41
37
31
31
1
1
1
1
1
1
1
1
1
1
1
1
1
1
1
1
1
1
1
1
1
1
1
1
1
1
1
1
1
1
1
1
1
1
1
1
1
1
1
1
1
1
1
1
1
1
1
1
1
1
1
1
1
1
