# Vetor de dados - syn_f004429-2-Pre--front--vetorlinha.txt
# Total de elementos: 768
# Formato: um valor por linha
#==================================================

1
1
1
1
1
1
1
1
1
1
1
1
1
1
1
1
1
1
1
1
1
1
1
1
1
1
1
1
1
1
1
1
1
1
1
1
1
1
1
1
1
1
1
1
1
1
1
1
1
1
1
1
1
1
1
1
1
1
1
1
1
1
1
1
1
1
1
1
1
1
1
1
1
1
1
1
1
1
1
1
1
1
1
1
1
1
1
1
1
1
1
1
1
1
1
1
1
1
1
1
1
1
1
1
1
1
1
1
1
1
1
1
1
1
1
1
1
1
4
18
24
28
32
36
39
41
43
45
47
49
50
51
53
53
55
57
57
57
59
59
59
61
61
61
62
62
62
62
63
62
62
62
62
62
61
61
61
63
68
70
70
70
70
70
70
68
68
68
66
66
66
66
64
62
62
61
60
55
52
51
51
51
51
50
49
49
48
47
45
45
45
45
45
45
45
45
45
44
44
44
44
44
44
44
44
44
45
47
51
55
58
68
73
116
127
233
252
276
312
320
328
335
343
353
367
402
427
436
477
482
486
489
490
483
478
481
488
494
499
503
508
513
443
441
438
434
431
427
380
377
376
354
351
354
358
361
365
372
372
371
371
369
368
365
138
136
136
135
134
133
132
130
130
128
127
125
124
123
121
121
119
118
117
116
115
114
113
112
111
110
109
109
107
107
105
105
104
103
102
101
100
100
99
98
98
98
98
98
98
98
97
97
97
97
97
97
97
97
97
95
95
95
95
95
95
95
95
95
94
94
95
94
94
93
93
93
93
93
93
94
94
94
95
95
95
96
96
97
97
98
98
99
99
100
100
101
102
102
104
104
105
107
107
108
109
109
110
110
112
112
112
114
114
114
114
114
115
115
116
116
116
117
117
117
117
118
118
118
118
119
120
120
120
120
121
122
122
122
123
124
124
125
126
126
127
127
128
129
129
130
130
131
131
132
133
133
133
134
134
135
135
135
137
137
137
137
137
137
137
137
137
137
137
137
137
137
137
137
137
137
137
137
137
137
137
136
136
136
136
136
136
136
136
136
136
135
134
134
134
134
134
134
133
133
132
132
132
132
132
131
131
130
130
130
130
129
129
129
128
128
127
127
127
127
127
125
125
125
125
125
123
123
122
122
121
120
120
120
118
118
118
117
116
116
116
115
114
114
114
113
113
113
112
112
112
111
111
111
111
111
111
111
110
110
110
110
110
110
110
110
110
110
109
108
108
108
108
108
107
107
107
108
108
108
108
108
108
109
109
109
110
110
111
111
112
112
112
112
114
114
114
114
114
116
116
116
116
116
116
117
117
117
117
117
117
117
117
118
118
118
118
117
117
117
117
117
117
117
117
117
117
117
117
116
116
115
115
115
115
115
114
113
113
113
113
112
111
111
111
111
109
109
109
109
108
107
107
107
106
106
105
105
104
104
103
103
102
102
102
101
100
100
100
99
98
98
98
97
96
96
96
96
94
94
94
94
94
92
92
92
92
92
91
90
90
90
90
90
90
90
90
90
90
91
91
92
92
92
92
92
92
92
93
94
94
94
96
96
97
98
99
99
101
102
103
104
105
106
107
108
109
109
111
111
111
111
112
110
110
110
109
109
109
108
106
104
102
100
98
93
90
39
1
1
1
1
1
1
1
1
1
1
1
1
1
1
1
1
1
1
1
1
1
1
1
1
1
1
1
1
1
1
1
1
1
1
1
1
1
1
1
1
1
1
1
1
1
1
1
1
1
1
1
1
1
1
1
1
