# Vetor de dados - syn_f004469-0-Pre--left--vetorlinha.txt
# Total de elementos: 768
# Formato: um valor por linha
#==================================================

1
1
1
1
1
1
1
1
1
1
1
1
1
1
1
1
1
1
1
1
1
1
1
1
1
1
1
1
1
1
1
1
1
1
1
1
1
1
1
1
1
1
1
1
1
1
1
1
1
1
1
1
1
1
1
1
1
1
1
1
1
1
1
1
1
1
1
1
1
1
1
1
1
1
1
1
1
1
1
1
1
1
1
1
1
1
1
1
1
1
1
1
1
1
1
1
1
1
1
1
1
1
1
1
1
1
1
1
1
1
1
1
1
1
1
1
1
1
1
20
28
34
39
43
47
50
52
55
57
59
61
63
65
66
68
70
70
71
72
74
74
75
76
77
77
78
78
78
78
78
78
79
79
79
80
80
81
81
81
82
83
83
84
85
86
86
86
87
87
86
86
85
84
81
79
77
75
74
73
72
71
70
68
67
67
66
65
64
64
63
62
62
62
62
62
62
61
61
60
59
55
48
47
46
46
45
45
45
45
45
44
45
45
44
45
45
45
45
46
45
45
46
45
45
45
45
45
45
47
50
54
57
62
65
69
74
79
146
153
160
165
170
176
183
190
200
215
218
221
224
227
231
235
240
246
250
255
264
269
275
284
284
285
285
283
281
278
270
151
87
87
88
88
89
89
89
89
89
89
89
90
90
89
89
89
89
89
88
88
88
88
87
87
86
86
86
85
85
84
84
82
82
81
81
79
78
78
76
75
74
75
75
75
75
76
75
76
76
76
76
76
76
77
76
76
76
77
77
77
77
78
78
78
78
78
78
79
79
79
78
79
78
79
79
79
79
80
80
80
80
79
80
80
80
79
79
80
80
80
81
80
81
81
81
82
82
82
83
83
83
84
84
85
86
87
88
88
89
89
91
91
91
92
92
92
93
92
92
92
92
92
92
92
92
91
92
91
91
92
91
91
91
91
91
90
90
91
90
90
90
89
89
88
88
88
88
87
87
87
86
86
87
87
87
86
87
87
87
87
87
87
87
87
87
87
87
87
86
87
87
87
86
86
86
86
86
85
85
84
83
81
80
79
79
78
77
77
76
75
75
74
73
73
73
72
72
72
71
70
69
69
69
68
68
68
66
66
66
66
66
66
65
65
64
64
64
63
63
63
63
62
62
62
62
61
61
61
61
60
60
60
60
59
59
59
59
58
58
58
58
57
57
57
57
56
56
56
56
55
55
55
55
55
55
54
54
54
54
54
54
53
53
53
53
53
53
53
54
54
54
55
55
56
56
55
56
56
57
58
58
57
58
57
57
56
57
56
56
56
55
54
55
54
53
53
53
52
51
50
50
49
49
48
47
46
45
45
46
46
45
44
44
44
44
44
44
43
43
43
43
44
43
43
43
43
43
42
42
42
42
42
42
41
41
41
41
41
41
40
40
40
40
40
40
39
39
39
39
39
38
38
38
38
38
38
37
37
37
37
36
36
36
36
36
35
35
35
35
35
35
35
34
34
34
34
34
34
34
34
33
33
33
33
34
35
36
36
37
39
41
42
45
47
49
52
54
56
59
61
64
68
70
70
73
73
75
78
81
82
86
87
88
88
87
87
87
62
64
67
71
74
78
81
84
86
88
90
90
91
90
88
88
84
83
81
58
48
42
40
38
1
1
1
1
1
1
1
1
1
1
1
1
1
1
1
1
1
1
1
1
1
1
1
1
1
1
1
1
1
1
1
1
1
1
1
1
1
1
1
1
1
1
1
1
1
1
1
1
1
1
1
1
1
1
1
1
1
1
