# Vetor de dados - syn_f002516-3-Pre--front--vetorlinha.txt
# Total de elementos: 768
# Formato: um valor por linha
#==================================================

1
1
1
1
1
1
1
1
1
1
1
1
1
1
1
1
1
1
1
1
1
1
1
1
1
1
1
1
1
1
1
1
1
1
1
1
1
1
1
1
1
1
1
1
1
1
1
1
1
1
1
1
1
1
1
1
1
1
1
1
1
1
1
1
1
1
1
1
1
1
1
1
1
1
1
1
1
1
1
1
1
1
1
1
1
1
1
1
1
1
1
1
1
1
1
1
1
1
1
1
1
1
1
1
1
1
1
1
1
1
1
1
1
1
1
1
1
1
1
1
1
1
1
1
1
1
1
1
1
1
1
1
1
1
1
1
1
1
1
1
1
1
1
1
18
24
27
31
35
37
39
41
43
45
47
48
49
50
52
53
54
55
56
56
58
58
58
59
60
60
60
60
60
60
60
60
60
60
60
60
59
59
64
66
68
68
68
68
68
66
66
66
65
64
64
64
62
62
60
59
58
55
52
51
51
51
50
50
49
48
48
46
46
45
45
45
44
44
44
43
43
43
43
43
43
43
44
45
48
52
55
58
62
65
73
233
245
288
299
306
331
347
402
446
450
455
459
464
469
474
473
466
465
470
474
477
481
486
489
438
444
449
456
451
444
438
424
416
399
370
367
361
355
346
263
164
154
150
146
143
142
141
141
139
139
139
138
138
138
137
136
136
135
134
134
132
132
132
131
130
129
129
127
126
125
124
122
122
120
120
118
118
116
115
114
112
112
110
108
106
105
103
103
102
102
101
101
101
100
99
99
99
99
98
98
97
97
97
96
96
96
94
94
94
93
92
91
90
89
87
87
86
85
85
84
86
86
87
88
88
90
92
93
94
94
96
96
98
98
98
99
100
101
101
102
103
103
104
105
105
106
107
108
109
110
110
111
111
112
113
113
113
113
113
114
114
114
114
114
114
114
114
116
116
116
116
116
117
117
118
119
119
119
121
121
122
123
123
125
125
126
127
127
128
129
129
130
131
131
132
133
133
134
134
135
136
136
137
136
136
136
135
135
135
135
135
135
135
135
135
135
135
135
135
135
135
135
135
133
133
133
133
133
133
133
132
131
131
131
131
129
129
129
129
127
127
127
125
125
125
125
123
123
123
123
121
121
120
119
119
117
117
116
115
115
113
112
111
109
109
108
108
107
107
106
106
105
105
105
104
104
103
103
103
103
103
103
103
103
103
102
102
102
102
101
101
101
101
101
101
101
101
101
101
101
101
101
101
102
102
102
103
104
104
105
105
106
107
107
108
109
109
110
111
111
112
112
113
113
114
114
114
115
115
116
116
116
116
116
116
116
116
116
116
116
116
116
116
116
116
116
115
115
114
114
113
113
112
112
111
111
110
110
109
109
108
107
107
106
106
105
104
104
103
102
102
101
100
100
99
98
98
98
96
96
96
94
94
94
92
92
92
90
90
90
88
88
88
87
86
86
86
86
86
86
86
84
84
84
84
84
84
85
85
86
85
85
85
85
85
85
85
85
85
86
86
87
88
88
89
90
91
91
92
93
95
95
96
97
98
98
98
99
100
100
100
100
101
101
102
102
101
101
101
100
97
91
43
42
1
1
1
1
1
1
1
1
1
1
1
1
1
1
1
1
1
1
1
1
1
1
1
1
1
1
1
1
1
1
1
1
1
1
1
1
1
1
1
1
1
1
1
1
1
1
1
1
1
1
1
1
1
1
1
1
1
1
1
1
1
1
1
1
1
1
1
1
1
1
1
1
1
1
1
1
1
1
1
