# Vetor de dados - syn_f002142-1-Pre--left--vetorlinha.txt
# Total de elementos: 768
# Formato: um valor por linha
#==================================================

1
1
1
1
1
1
1
1
1
1
1
1
1
1
1
1
1
1
1
1
1
1
1
1
1
1
1
1
1
1
1
1
1
1
1
1
1
1
1
1
1
1
1
1
1
1
1
1
1
1
1
1
1
1
1
1
1
1
1
1
1
1
1
1
1
1
1
1
1
1
1
1
1
1
1
1
1
1
1
1
1
1
1
1
1
1
1
1
1
1
1
1
1
1
1
1
1
1
1
1
1
1
1
1
1
1
1
1
1
1
1
1
1
1
1
1
1
1
1
1
1
1
1
1
1
1
1
1
1
1
1
1
1
16
24
31
36
40
43
46
49
51
53
56
58
59
61
63
64
66
66
68
68
70
70
71
72
73
73
73
73
74
74
74
74
74
75
75
75
75
76
76
76
77
77
78
78
78
79
79
79
80
79
80
79
79
78
76
74
71
69
68
68
68
67
67
65
65
64
64
64
63
62
62
61
61
60
60
60
61
61
60
60
59
57
54
49
47
47
46
47
47
48
49
50
50
51
52
53
54
56
60
65
71
77
149
155
159
165
169
176
185
210
218
221
225
227
232
236
242
248
252
256
266
273
279
291
292
293
293
292
291
288
286
276
276
274
198
192
186
179
167
99
100
101
101
102
102
103
104
104
104
104
104
104
104
104
104
104
104
103
103
103
103
103
103
103
103
102
100
100
99
99
99
98
99
99
100
99
100
100
100
100
101
100
100
100
100
99
98
99
98
98
97
98
98
98
98
98
98
98
98
98
99
99
98
98
98
98
98
98
98
98
98
98
99
100
99
99
99
98
98
98
99
99
100
101
102
103
104
105
105
106
108
108
109
109
110
110
111
112
112
113
113
114
114
115
115
114
115
115
115
116
116
115
115
115
115
115
115
114
114
114
113
113
113
112
112
111
111
110
110
109
108
108
107
106
105
104
102
102
101
102
101
101
100
100
101
100
100
100
99
99
98
97
96
96
94
94
93
92
92
91
90
89
87
87
86
87
86
86
86
85
84
84
83
83
83
83
83
83
83
82
82
82
81
81
81
81
81
81
81
80
80
80
79
79
78
78
78
78
78
77
77
77
77
76
76
76
76
75
75
75
75
74
74
73
73
72
72
72
71
71
71
70
70
69
69
68
68
67
67
66
66
66
65
65
64
64
64
63
63
62
61
61
61
60
60
60
60
59
59
60
60
60
60
60
59
59
59
59
59
59
60
59
60
60
60
59
58
58
57
56
56
56
55
56
55
55
55
55
55
55
54
54
53
53
52
52
52
52
52
52
52
52
52
51
51
51
52
52
52
52
53
53
53
53
53
53
52
52
53
53
53
53
53
53
53
52
52
52
52
52
52
52
51
51
50
50
50
50
50
49
49
48
48
48
48
48
48
47
46
46
46
46
46
46
45
44
44
44
44
43
43
43
42
42
42
41
41
41
41
41
41
41
40
40
40
40
40
40
40
41
40
41
42
42
43
46
47
49
53
57
59
63
66
70
75
77
79
82
83
86
89
90
90
89
89
88
89
89
81
50
53
56
60
64
68
72
76
79
84
88
91
94
96
97
96
96
95
94
91
90
89
87
82
68
58
48
39
34
1
1
1
1
1
1
1
1
1
1
1
1
1
1
1
1
1
1
1
1
1
1
1
1
1
1
1
1
1
1
1
1
1
1
1
1
1
1
1
1
1
1
1
1
1
1
1
1
1
1
1
1
1
1
1
1
1
1
1
1
1
1
1
1
1
1
1
