# Vetor de dados - syn_f003880-3-Pre--front--vetorcoluna.txt
# Total de elementos: 1024
# Formato: um valor por linha
#==================================================

1
1
1
1
1
1
1
1
1
1
1
1
1
1
1
1
1
1
1
1
1
1
1
1
1
1
1
1
1
1
1
1
1
1
1
1
1
1
1
1
1
1
1
1
1
1
1
1
1
1
1
1
1
1
1
1
1
1
1
1
1
1
1
1
1
1
1
1
1
1
1
1
1
1
1
1
1
1
1
1
1
1
1
1
1
1
1
1
1
1
1
1
1
1
1
1
1
1
1
1
1
1
1
1
1
1
1
1
1
1
1
1
1
1
1
1
1
1
1
1
1
1
1
1
1
1
1
1
1
1
1
1
1
1
1
1
1
1
1
1
1
1
1
1
1
1
1
1
1
1
1
1
1
1
1
1
1
1
1
1
1
1
1
1
1
1
1
1
1
1
1
1
1
1
1
1
1
1
1
1
1
1
1
1
1
1
1
1
1
1
1
1
1
1
1
1
1
1
1
1
1
1
1
1
1
1
1
1
1
1
1
1
1
1
1
1
1
1
1
1
1
1
18
18
20
20
20
20
21
21
20
20
19
21
21
20
20
19
19
21
21
21
20
21
22
22
22
22
23
22
22
23
23
23
23
24
24
24
25
25
25
26
26
26
26
27
27
27
27
27
27
28
28
28
28
28
28
29
29
29
29
29
30
30
30
30
30
31
31
31
31
31
32
32
32
32
32
32
33
33
33
33
33
34
34
34
34
34
34
34
34
35
35
35
35
35
36
36
36
36
36
36
36
36
37
37
37
37
37
37
37
37
37
37
37
37
37
38
38
38
38
38
38
38
37
37
37
37
37
37
37
37
37
37
36
35
35
35
35
35
34
34
34
34
34
34
34
33
33
34
34
34
34
34
35
35
36
36
36
36
36
37
37
37
37
38
39
39
39
39
39
39
39
39
40
40
40
40
40
40
40
40
40
40
40
40
40
40
40
40
40
40
40
40
40
41
41
41
41
41
42
43
43
43
44
44
44
44
45
46
46
47
47
48
48
49
50
48
50
53
57
60
62
69
72
74
77
286
289
291
293
295
298
300
302
304
305
308
408
411
415
418
422
426
429
433
438
506
507
509
510
510
510
510
511
511
512
511
512
511
513
513
515
515
517
518
517
517
589
588
588
549
524
520
516
512
509
505
500
496
489
439
435
432
428
421
407
397
380
371
363
354
354
360
365
369
375
383
393
403
427
431
434
438
489
496
500
505
508
512
515
519
523
525
530
549
512
516
517
518
518
518
518
517
516
515
514
515
516
515
516
515
514
513
514
514
513
510
510
433
429
424
421
417
414
410
407
309
305
301
299
296
293
290
288
285
282
80
77
72
67
64
63
61
57
55
54
53
51
50
50
49
49
47
47
46
45
45
44
44
43
43
43
42
41
41
41
40
40
40
40
40
40
41
40
40
40
40
40
40
40
40
40
40
40
40
39
39
39
39
39
39
39
39
38
38
38
38
38
37
37
37
37
36
36
36
36
36
35
34
34
34
34
34
34
34
34
34
34
34
34
35
35
35
35
35
35
36
36
36
36
36
36
36
36
36
36
37
38
38
38
37
38
38
38
38
38
38
37
37
37
37
36
36
36
36
36
36
36
36
36
36
35
35
35
35
35
35
34
34
34
34
34
34
33
33
33
33
31
31
31
31
31
30
30
30
30
29
29
29
28
27
27
27
27
26
26
26
26
25
24
24
24
24
23
23
23
23
23
23
22
22
22
22
23
23
23
22
22
23
22
23
23
23
24
23
23
23
23
23
22
22
23
23
22
22
22
22
21
21
21
21
20
21
21
21
22
21
21
22
22
21
21
21
21
21
21
21
20
17
10
10
12
12
12
12
9
9
9
9
10
10
9
9
9
9
9
9
8
9
9
8
8
5
1
1
1
1
1
1
1
1
1
1
1
1
1
1
1
1
1
1
1
1
1
1
1
1
1
1
1
1
1
1
1
1
1
1
1
1
1
1
1
1
1
1
1
1
1
1
1
1
1
1
1
1
1
1
1
1
1
1
1
1
1
1
1
1
1
1
1
1
1
1
1
1
1
1
1
1
1
1
1
1
1
1
1
1
1
1
1
1
1
1
1
1
1
1
1
1
1
1
1
1
1
1
1
1
1
1
1
1
1
1
1
1
1
1
1
1
1
1
1
1
1
1
1
1
1
1
1
1
1
1
1
1
1
1
1
1
1
1
1
1
1
1
1
1
1
1
1
1
1
1
1
1
1
1
1
1
1
1
1
1
1
1
1
1
1
1
1
1
1
1
1
1
1
1
1
1
1
1
1
1
1
1
1
1
1
1
1
1
1
1
1
1
1
1
1
1
1
1
1
1
