# Vetor de dados - syn_f004739-1-Pre--front--vetorcoluna.txt
# Total de elementos: 1024
# Formato: um valor por linha
#==================================================

1
1
1
1
1
1
1
1
1
1
1
1
1
1
1
1
1
1
1
1
1
1
1
1
1
1
1
1
1
1
1
1
1
1
1
1
1
1
1
1
1
1
1
1
1
1
1
1
1
1
1
1
1
1
1
1
1
1
1
1
1
1
1
1
1
1
1
1
1
1
1
1
1
1
1
1
1
1
1
1
1
1
1
1
1
1
1
1
1
1
1
1
1
1
1
1
1
1
1
1
1
1
1
1
1
1
1
1
1
1
1
1
1
1
1
1
1
1
1
1
1
1
1
1
1
1
1
1
1
1
1
1
1
1
1
1
1
1
1
1
1
1
1
1
1
1
1
1
1
1
1
1
1
1
1
1
1
1
1
1
1
1
1
1
1
1
1
1
1
1
1
1
1
1
1
1
1
1
1
1
1
1
1
1
1
1
1
1
1
1
1
1
1
1
1
1
1
1
1
1
1
1
1
1
1
1
1
1
1
1
1
1
1
1
1
1
1
1
1
1
1
1
1
1
1
1
1
1
1
1
1
1
1
1
1
1
1
1
1
1
1
1
1
1
1
1
1
1
1
1
1
1
1
1
1
1
1
1
1
1
1
1
1
1
1
1
1
1
1
1
1
1
1
1
1
1
1
1
1
1
1
1
1
1
1
1
1
1
1
1
1
1
1
1
1
1
1
1
1
1
1
1
1
1
1
1
32
32
32
32
32
33
33
33
33
33
33
33
33
33
33
33
33
33
33
33
33
33
33
33
33
33
33
33
33
33
33
33
34
34
34
34
34
34
34
34
34
34
34
34
34
34
34
34
34
33
33
33
33
33
33
33
32
32
32
32
32
32
32
31
31
31
31
30
30
30
30
29
29
29
29
29
28
28
28
28
28
28
28
28
27
27
27
27
27
27
27
27
27
27
27
28
28
28
28
28
28
28
28
29
29
29
29
29
30
30
30
30
30
31
31
32
32
32
32
33
33
33
33
34
34
34
35
36
36
36
37
38
38
38
39
40
41
42
45
47
49
51
53
54
55
56
58
60
61
62
63
64
281
284
288
292
296
301
380
387
396
403
410
420
492
493
494
493
494
495
495
495
495
494
494
494
495
496
497
497
498
499
498
498
497
429
497
491
485
479
473
438
433
429
425
418
368
360
356
350
346
342
338
334
329
321
322
333
336
340
344
348
352
357
361
369
412
418
424
427
476
482
488
496
505
510
514
577
500
501
501
500
499
499
498
498
496
496
497
497
498
498
497
497
497
496
495
495
422
417
411
405
399
394
389
383
299
294
289
285
62
60
59
58
57
56
54
53
51
49
47
46
45
43
42
42
41
41
40
39
39
38
38
38
36
36
36
35
35
35
33
33
33
33
32
32
32
32
30
30
30
30
30
30
29
29
28
28
28
28
27
27
27
27
27
27
27
27
26
26
26
26
26
26
26
26
25
25
25
25
25
26
26
26
26
27
27
27
27
27
28
28
28
28
28
29
29
29
30
30
30
30
30
31
31
31
31
31
31
30
30
29
29
29
29
29
29
30
30
29
29
29
29
29
29
28
28
28
28
28
27
27
27
27
27
25
25
25
25
24
24
24
24
23
23
23
23
23
22
22
22
22
22
21
21
21
21
21
20
20
19
19
19
19
19
18
18
18
17
17
17
17
17
17
17
17
17
17
17
17
17
17
18
17
18
19
18
19
20
20
19
19
20
20
19
19
19
20
18
18
18
18
18
18
18
18
19
19
18
19
19
19
20
18
18
18
18
18
17
10
10
9
9
9
9
9
9
8
8
8
8
8
8
8
9
9
9
8
8
8
8
1
1
1
1
1
1
1
1
1
1
1
1
1
1
1
1
1
1
1
1
1
1
1
1
1
1
1
1
1
1
1
1
1
1
1
1
1
1
1
1
1
1
1
1
1
1
1
1
1
1
1
1
1
1
1
1
1
1
1
1
1
1
1
1
1
1
1
1
1
1
1
1
1
1
1
1
1
1
1
1
1
1
1
1
1
1
1
1
1
1
1
1
1
1
1
1
1
1
1
1
1
1
1
1
1
1
1
1
1
1
1
1
1
1
1
1
1
1
1
1
1
1
1
1
1
1
1
1
1
1
1
1
1
1
1
1
1
1
1
1
1
1
1
1
1
1
1
1
1
1
1
1
1
1
1
1
1
1
1
1
1
1
1
1
1
1
1
1
1
1
1
1
1
1
1
1
1
1
1
1
1
1
1
1
1
1
1
1
1
1
1
1
1
1
1
1
1
1
1
1
1
1
1
1
1
1
1
1
1
1
1
1
1
1
1
1
1
1
1
1
1
1
1
1
1
1
1
