# Vetor de dados - syn_f004783-2-Pre--front--vetorlinha.txt
# Total de elementos: 768
# Formato: um valor por linha
#==================================================

1
1
1
1
1
1
1
1
1
1
1
1
1
1
1
1
1
1
1
1
1
1
1
1
1
1
1
1
1
1
1
1
1
1
1
1
1
1
1
1
1
1
1
1
1
1
1
1
1
1
1
1
1
1
1
1
1
1
1
1
1
1
1
1
1
1
1
1
1
1
1
1
1
1
1
1
1
1
1
1
1
1
1
1
1
1
1
1
1
1
1
1
1
1
1
1
1
1
1
1
1
1
1
1
1
1
1
1
1
1
1
1
1
1
1
1
1
1
1
1
1
1
1
1
16
23
26
30
34
36
38
40
42
44
46
48
49
50
51
53
53
55
55
57
57
57
59
59
59
60
60
60
61
61
61
61
61
61
60
60
60
59
59
62
67
68
68
68
68
68
68
66
66
66
66
64
64
64
62
60
60
58
58
52
49
48
48
46
46
46
46
44
44
44
44
44
44
44
44
44
44
44
43
43
43
43
43
43
43
44
44
44
45
47
51
53
56
240
261
272
288
509
526
531
539
552
583
578
569
564
563
564
561
554
544
539
541
480
476
471
466
461
386
376
366
356
347
338
330
284
270
257
207
192
183
175
168
162
156
153
150
147
145
144
143
142
141
140
139
139
137
137
135
135
133
131
129
128
126
123
121
119
118
117
115
114
113
112
112
110
110
108
108
107
106
105
104
102
101
100
99
98
97
96
96
96
95
95
95
95
95
95
95
95
94
94
94
93
93
93
93
92
92
92
91
91
91
89
89
89
88
88
87
86
86
86
84
84
84
84
84
84
83
83
83
83
83
84
84
84
84
86
86
86
87
88
90
90
92
92
94
95
96
97
99
99
101
101
103
103
105
105
107
107
107
108
109
109
109
110
111
111
111
111
111
112
112
113
113
114
114
115
115
116
117
117
118
119
119
120
121
121
122
122
123
124
124
125
126
126
127
128
128
128
130
130
130
130
130
132
132
132
132
132
132
133
133
134
134
134
134
134
134
134
134
134
134
134
134
134
134
134
134
134
134
134
133
133
132
132
132
132
132
132
132
132
131
131
131
130
130
130
129
129
128
128
127
127
127
127
125
125
125
125
124
123
123
123
123
122
121
121
121
120
119
119
119
118
117
117
117
116
115
115
114
113
113
112
111
111
111
110
109
109
108
108
107
107
106
106
105
104
104
104
104
103
102
102
102
102
102
102
102
102
102
102
101
101
101
101
101
101
101
101
101
101
101
101
102
102
102
102
103
103
103
103
103
103
104
104
105
105
105
105
105
105
105
105
106
107
107
107
107
107
107
108
108
108
109
109
109
109
109
109
109
109
109
109
109
109
109
108
108
108
108
108
108
107
107
107
106
106
106
106
105
105
104
104
104
103
103
102
102
102
101
100
100
100
99
99
98
98
98
98
97
97
96
96
96
95
95
95
94
94
94
93
93
93
93
92
92
91
91
91
91
91
89
89
89
89
89
89
89
88
88
88
88
88
88
88
89
89
89
89
89
89
90
90
90
90
90
90
90
90
90
91
91
91
93
93
93
95
95
96
97
97
99
99
101
102
103
103
105
105
105
107
107
107
108
108
108
109
109
109
108
109
108
107
104
101
100
98
96
93
42
41
1
1
1
1
1
1
1
1
1
1
1
1
1
1
1
1
1
1
1
1
1
1
1
1
1
1
1
1
1
1
1
1
1
1
1
1
1
1
1
1
1
1
1
1
1
1
1
1
1
1
1
1
1
1
1
1
1
1
1
1
1
1
