# Vetor de dados - syn_f000830-0-Pre--front--vetorlinha.txt
# Total de elementos: 768
# Formato: um valor por linha
#==================================================

1
1
1
1
1
1
1
1
1
1
1
1
1
1
1
1
1
1
1
1
1
1
1
1
1
1
1
1
1
1
1
1
1
1
1
1
1
1
1
1
1
1
1
1
1
1
1
1
1
1
1
1
1
1
1
1
1
1
1
1
1
1
1
1
1
1
1
1
1
1
1
1
1
1
1
1
1
1
1
1
1
1
1
1
1
1
1
1
1
1
1
1
1
1
1
1
1
1
1
1
1
1
1
1
1
1
1
1
1
1
1
1
1
1
1
1
1
1
1
1
1
1
1
1
1
1
1
1
1
1
1
12
22
27
31
34
38
40
42
44
47
49
50
51
53
54
55
57
57
59
59
59
61
61
63
63
63
63
63
63
64
64
64
63
63
63
63
63
63
63
68
70
72
72
72
72
71
70
70
70
69
68
68
68
66
65
64
63
62
60
56
54
54
54
53
52
52
51
50
50
49
48
48
47
47
47
47
47
47
47
46
46
46
46
46
46
47
47
49
53
58
63
69
74
82
88
135
246
317
331
346
387
390
392
395
399
401
406
409
451
449
454
460
464
469
473
476
479
420
422
424
429
429
428
426
423
420
394
387
384
382
376
374
377
382
381
379
378
377
376
150
150
148
146
145
143
142
140
139
136
134
133
131
129
127
125
125
123
122
122
121
121
120
120
120
120
120
120
120
120
120
120
120
118
118
118
118
118
118
117
116
115
114
113
113
113
112
111
110
110
110
109
109
108
108
108
107
107
107
107
106
106
106
106
106
106
106
107
107
107
108
109
109
110
110
110
111
111
112
112
113
113
113
113
113
113
112
112
111
111
111
111
110
110
110
110
111
111
112
112
114
114
115
116
116
117
117
117
118
119
119
119
119
119
119
119
120
120
120
120
120
120
121
122
122
122
124
124
124
124
125
126
126
126
126
128
128
128
128
128
128
130
130
130
130
130
130
130
130
132
132
132
132
132
132
132
132
132
132
132
131
132
131
131
131
131
131
131
130
130
130
130
130
129
129
129
129
128
128
128
128
127
127
126
126
126
126
125
125
124
124
124
124
124
123
122
122
122
122
122
120
120
120
120
120
120
119
119
118
118
118
117
117
117
116
115
115
114
114
114
112
112
112
112
111
110
110
110
109
108
108
108
107
106
106
106
105
104
104
104
104
103
103
102
102
102
102
101
100
100
100
100
100
100
100
99
99
99
99
99
99
98
98
98
98
98
98
98
98
98
99
99
99
100
100
100
100
100
100
101
102
102
102
102
102
103
103
103
103
104
104
104
104
104
104
104
104
104
104
104
104
104
104
104
104
104
104
104
104
104
104
103
103
103
102
102
102
102
102
101
101
101
101
100
100
100
100
100
99
99
99
98
98
98
98
98
98
96
96
96
96
96
96
96
95
94
94
94
94
94
94
92
92
92
92
92
92
90
90
90
90
90
90
89
88
88
88
88
87
88
88
88
88
88
88
88
88
88
88
89
90
90
90
91
91
91
91
92
92
92
92
92
92
92
92
93
94
94
95
96
97
98
99
100
101
102
103
104
105
106
107
108
109
109
110
111
112
111
111
111
111
109
109
106
104
101
101
98
94
41
1
1
1
1
1
1
1
1
1
1
1
1
1
1
1
1
1
1
1
1
1
1
1
1
1
1
1
1
1
1
1
1
1
1
1
1
1
1
1
1
1
1
1
1
1
1
1
1
1
1
1
1
1
1
1
1
1
1
1
1
1
1
1
1
1
1
1
1
