# Vetor de dados - syn_f004367-0-Pre--left--vetorlinha.txt
# Total de elementos: 768
# Formato: um valor por linha
#==================================================

1
1
1
1
1
1
1
1
1
1
1
1
1
1
1
1
1
1
1
1
1
1
1
1
1
1
1
1
1
1
1
1
1
1
1
1
1
1
1
1
1
1
1
1
1
1
1
1
1
1
1
1
1
1
1
1
1
1
1
1
1
1
1
1
1
1
1
1
1
1
1
1
1
1
1
1
1
1
1
1
1
1
1
1
1
1
1
1
1
1
1
1
1
1
1
1
1
1
1
1
1
1
1
1
1
1
1
1
1
1
1
1
1
1
1
1
1
17
25
32
37
41
44
47
50
52
54
56
58
60
62
63
65
67
67
69
69
71
71
71
72
73
74
74
74
74
74
74
74
75
75
75
75
76
76
76
77
78
79
79
79
80
81
81
81
82
82
81
80
79
77
75
74
72
71
70
71
70
68
67
66
66
65
65
64
63
62
62
61
61
61
61
61
60
60
59
58
57
54
49
47
46
47
47
46
47
47
47
48
48
49
48
49
49
49
49
49
50
50
50
51
51
52
55
60
66
172
223
229
236
245
253
266
278
292
293
293
293
292
290
289
287
279
278
277
260
257
201
195
189
184
179
174
166
159
152
111
105
98
92
86
86
87
87
89
89
90
90
91
91
92
92
93
93
94
94
95
95
96
96
97
96
96
97
97
97
96
96
97
97
97
96
96
95
95
95
93
93
92
92
90
89
88
87
87
86
87
87
87
87
87
87
87
88
87
87
87
88
87
87
87
87
88
88
87
87
87
87
88
88
87
87
87
87
87
87
87
87
87
87
87
86
86
86
86
85
85
85
85
84
84
83
84
83
83
84
84
85
85
85
86
86
86
86
87
87
87
88
87
88
88
88
89
89
89
89
91
91
91
91
92
92
92
91
92
92
92
92
92
92
93
92
92
92
93
93
92
92
92
93
92
92
92
92
91
92
92
92
91
91
91
90
90
89
89
88
88
87
87
86
86
85
84
84
84
84
85
85
85
84
84
85
85
85
84
84
84
84
84
83
83
82
82
81
80
80
79
79
78
78
77
77
77
77
77
76
76
76
75
75
75
74
73
73
73
73
72
72
72
72
72
72
72
71
71
71
71
71
71
70
70
70
70
69
69
69
69
69
68
68
68
68
67
67
67
67
66
65
65
65
65
65
64
64
64
64
63
63
63
62
62
62
62
60
60
60
59
59
59
58
58
58
57
57
56
55
55
55
54
55
55
54
54
54
54
54
54
54
54
55
55
56
56
56
57
56
56
57
57
56
57
56
56
55
56
55
55
55
54
53
53
53
52
51
50
51
50
49
48
48
47
47
46
46
45
45
46
46
46
45
45
45
45
45
45
46
46
46
46
45
45
45
45
45
45
45
46
46
45
44
44
44
44
44
44
44
43
43
43
43
43
42
42
42
41
41
41
40
40
40
40
40
40
38
38
38
38
38
37
37
37
36
36
36
35
35
35
35
35
35
34
34
33
33
33
33
33
33
33
33
33
32
32
32
32
33
34
36
36
37
39
40
42
43
46
48
52
54
57
59
61
66
70
73
75
76
77
78
79
79
82
84
84
84
84
85
84
51
55
59
62
67
72
74
77
81
83
85
87
89
91
90
89
88
85
85
83
80
64
54
47
41
38
33
1
1
1
1
1
1
1
1
1
1
1
1
1
1
1
1
1
1
1
1
1
1
1
1
1
1
1
1
1
1
1
1
1
1
1
1
1
1
1
1
1
1
1
1
1
1
1
1
1
1
1
1
1
1
