# Vetor de dados - syn_f003499-2-Pre--front--vetorcoluna.txt
# Total de elementos: 1024
# Formato: um valor por linha
#==================================================

1
1
1
1
1
1
1
1
1
1
1
1
1
1
1
1
1
1
1
1
1
1
1
1
1
1
1
1
1
1
1
1
1
1
1
1
1
1
1
1
1
1
1
1
1
1
1
1
1
1
1
1
1
1
1
1
1
1
1
1
1
1
1
1
1
1
1
1
1
1
1
1
1
1
1
1
1
1
1
1
1
1
1
1
1
1
1
1
1
1
1
1
1
1
1
1
1
1
1
1
1
1
1
1
1
1
1
1
1
1
1
1
1
1
1
1
1
1
1
1
1
1
1
1
1
1
1
1
1
1
1
1
1
1
1
1
1
1
1
1
1
1
1
1
1
1
1
1
1
1
1
1
1
1
1
1
1
1
1
1
1
1
1
1
1
1
1
1
1
1
1
1
1
1
1
1
1
1
1
1
1
1
1
1
1
1
1
1
1
1
1
1
1
1
1
1
1
1
1
1
1
1
1
1
1
1
1
1
1
1
1
1
1
1
1
1
1
1
1
1
1
1
1
1
1
1
1
1
1
1
1
1
1
1
1
1
1
1
1
1
1
1
1
1
1
1
1
1
1
1
1
1
1
1
1
1
1
1
1
1
1
1
1
1
1
1
1
1
1
1
1
1
1
1
1
1
1
1
1
1
1
1
1
1
1
1
40
40
40
40
40
40
40
40
40
41
41
41
41
41
41
41
41
41
41
42
42
42
42
42
42
42
42
42
42
42
42
42
43
43
43
43
43
43
43
43
43
43
43
43
43
43
43
43
43
43
43
43
43
43
43
43
43
43
42
42
42
42
42
42
42
42
42
42
41
41
41
41
41
41
41
41
41
40
40
40
40
40
40
40
40
40
40
40
40
41
41
42
42
42
43
43
43
43
44
44
44
44
44
45
45
46
46
46
46
47
47
47
47
48
48
48
48
48
48
49
49
49
49
49
49
49
49
49
50
50
50
50
50
50
50
50
51
51
51
52
52
51
52
52
52
53
53
54
56
54
58
64
66
64
66
67
70
289
292
295
296
298
301
305
309
313
317
322
407
409
413
416
420
425
429
433
514
514
514
515
516
517
516
515
515
514
515
516
517
518
519
519
520
520
519
518
494
490
446
440
509
504
500
495
491
486
479
448
444
441
438
436
435
433
431
429
424
416
408
401
394
387
383
380
384
392
400
407
412
424
430
433
436
438
439
441
444
448
452
480
488
493
498
502
506
510
514
518
600
600
524
525
524
524
524
522
522
521
520
521
521
521
520
520
517
518
517
517
516
514
436
431
426
422
417
413
409
405
324
314
308
305
301
297
293
290
287
285
68
66
64
63
60
64
63
60
57
55
54
55
54
54
54
54
53
53
53
53
52
52
52
52
52
52
51
50
50
50
50
50
50
50
49
49
49
49
49
48
47
47
47
47
47
47
47
45
45
45
45
45
45
44
43
43
43
43
43
43
42
41
41
41
41
41
41
40
39
39
39
39
39
39
39
38
38
38
37
37
37
37
37
37
37
37
37
37
37
37
37
37
37
38
38
38
38
37
37
37
37
37
37
37
37
37
37
37
37
37
37
37
37
37
37
37
37
37
37
37
37
37
37
37
37
37
37
37
37
37
36
36
36
36
36
36
36
36
36
35
35
35
35
35
35
35
35
34
34
34
34
34
34
34
34
34
33
33
33
33
33
33
33
33
33
33
32
32
32
32
1
1
1
1
1
1
1
1
1
1
1
1
30
29
29
29
29
29
29
29
28
28
28
28
28
28
27
27
27
27
27
27
27
27
27
26
26
26
26
26
26
26
26
26
26
26
26
1
1
1
1
1
1
1
1
1
1
1
1
1
1
1
1
1
1
1
1
1
1
1
1
1
1
1
1
1
1
1
1
1
1
1
1
1
1
1
1
1
1
1
1
1
1
1
1
1
1
1
1
1
1
1
1
1
1
1
1
1
1
1
1
1
1
1
1
1
1
1
1
1
1
1
1
1
1
1
1
1
1
1
1
1
1
1
1
1
1
1
1
1
1
1
1
1
1
1
1
1
1
1
1
1
1
1
1
1
1
1
1
1
1
1
1
1
1
1
1
1
1
1
1
1
1
1
1
1
1
1
1
1
1
1
1
1
1
1
1
1
1
1
1
1
1
1
1
1
1
1
1
1
1
1
1
1
1
1
1
1
1
1
1
1
1
1
1
1
1
1
1
1
1
1
1
1
1
1
1
1
1
1
1
1
1
1
1
1
1
1
1
1
1
1
1
1
1
1
1
1
1
1
1
1
1
1
1
1
1
1
1
1
1
1
1
1
1
1
1
1
1
1
1
1
1
1
1
1
1
1
1
1
