# Vetor de dados - syn_f002152-1-Pre--front--vetorcoluna.txt
# Total de elementos: 1024
# Formato: um valor por linha
#==================================================

1
1
1
1
1
1
1
1
1
1
1
1
1
1
1
1
1
1
1
1
1
1
1
1
1
1
1
1
1
1
1
1
1
1
1
1
1
1
1
1
1
1
1
1
1
1
1
1
1
1
1
1
1
1
1
1
1
1
1
1
1
1
1
1
1
1
1
1
1
1
1
1
1
1
1
1
1
1
1
1
1
1
1
1
1
1
1
1
1
1
1
1
1
1
1
1
1
1
1
1
1
1
1
1
1
1
1
1
1
1
1
1
1
1
1
1
1
1
1
1
1
1
1
1
1
1
1
1
1
1
1
1
1
1
1
1
1
1
1
1
1
1
1
1
1
1
1
1
1
1
1
1
1
1
1
1
1
1
1
1
1
1
1
1
1
1
1
1
1
1
1
1
1
1
1
1
1
1
1
1
1
1
1
1
1
1
1
1
1
1
1
1
1
1
1
1
1
1
1
1
1
1
1
1
1
1
1
1
1
1
1
1
1
1
1
1
1
1
1
1
1
1
1
1
1
1
1
1
1
1
1
1
1
1
1
1
1
1
1
1
16
16
17
18
19
19
19
19
19
19
19
18
18
19
19
18
18
18
18
20
19
19
19
19
21
20
20
20
21
21
20
20
21
20
20
20
21
21
21
22
22
22
22
22
22
21
22
22
22
22
22
22
22
22
22
22
23
23
23
23
23
23
23
24
24
24
24
24
24
24
25
25
25
25
25
26
26
26
26
26
27
27
27
27
27
27
27
27
29
29
29
29
29
29
29
30
30
30
31
31
32
32
32
33
33
33
33
33
33
34
34
34
34
35
35
35
35
35
35
35
35
35
35
35
34
34
33
33
33
33
33
33
33
32
32
32
31
31
31
31
31
31
32
32
32
32
32
32
32
32
32
32
33
33
33
33
33
33
33
35
35
35
35
35
35
35
35
36
36
37
37
37
37
38
38
38
38
38
38
39
39
40
40
41
41
41
42
42
42
43
43
44
44
45
45
45
46
46
48
48
48
49
50
51
53
55
58
59
61
62
64
66
68
284
289
294
298
303
306
311
407
412
417
420
424
428
432
435
506
507
507
506
506
507
509
509
509
508
508
508
509
509
511
511
512
511
511
510
441
514
511
508
505
502
500
497
491
440
436
433
429
421
404
378
369
362
355
351
345
341
335
324
325
341
346
352
358
361
365
370
376
386
425
430
434
436
487
492
497
500
503
507
510
514
440
442
509
511
511
512
512
512
511
511
510
509
509
510
510
510
509
508
509
510
509
508
438
434
430
426
422
417
412
407
320
312
308
304
299
293
63
62
60
59
57
55
53
51
50
49
48
47
46
46
45
45
44
43
43
43
41
41
41
41
39
39
39
39
38
38
38
37
37
37
37
37
37
37
36
36
36
35
35
35
35
35
35
34
34
34
34
34
34
34
33
33
32
32
32
32
32
32
32
32
32
32
31
31
31
31
31
31
31
31
32
32
33
33
33
33
33
34
34
34
34
35
35
35
35
35
36
36
36
36
36
36
36
36
36
35
34
34
34
34
34
34
34
34
33
32
32
32
32
32
32
31
31
31
31
31
31
29
29
29
29
29
28
28
28
28
28
27
27
26
26
25
25
25
25
24
23
23
23
22
22
22
21
21
20
20
20
20
20
20
20
19
19
19
19
19
19
19
19
19
19
19
19
19
18
18
18
18
18
18
18
20
19
19
20
21
21
20
20
21
21
19
20
20
20
20
19
19
19
19
19
20
20
19
19
19
20
20
19
19
19
20
20
20
19
19
18
12
12
12
12
12
12
12
12
12
10
10
10
10
10
10
10
10
10
10
10
10
1
1
1
1
1
1
1
1
1
1
1
1
1
1
1
1
1
1
1
1
1
1
1
1
1
1
1
1
1
1
1
1
1
1
1
1
1
1
1
1
1
1
1
1
1
1
1
1
1
1
1
1
1
1
1
1
1
1
1
1
1
1
1
1
1
1
1
1
1
1
1
1
1
1
1
1
1
1
1
1
1
1
1
1
1
1
1
1
1
1
1
1
1
1
1
1
1
1
1
1
1
1
1
1
1
1
1
1
1
1
1
1
1
1
1
1
1
1
1
1
1
1
1
1
1
1
1
1
1
1
1
1
1
1
1
1
1
1
1
1
1
1
1
1
1
1
1
1
1
1
1
1
1
1
1
1
1
1
1
1
1
1
1
1
1
1
1
1
1
1
1
1
1
1
1
1
1
1
1
1
1
1
1
1
1
1
1
1
1
1
1
1
1
1
1
1
1
1
1
1
1
1
1
1
1
1
1
1
1
1
1
1
1
1
1
1
1
1
1
1
1
1
