# Vetor de dados - syn_f001491-2-Pre--front--vetorcoluna.txt
# Total de elementos: 1024
# Formato: um valor por linha
#==================================================

1
1
1
1
1
1
1
1
1
1
1
1
1
1
1
1
1
1
1
1
1
1
1
1
1
1
1
1
1
1
1
1
1
1
1
1
1
1
1
1
1
1
1
1
1
1
1
1
1
1
1
1
1
1
1
1
1
1
1
1
1
1
1
1
1
1
1
1
1
1
1
1
1
1
1
1
1
1
1
1
1
1
1
1
1
1
1
1
1
1
1
1
1
1
1
1
1
1
1
1
1
1
1
1
1
1
1
1
1
1
1
1
1
1
1
1
1
1
1
1
1
1
1
1
1
1
1
1
1
1
1
1
1
1
1
1
1
1
1
1
1
1
1
1
1
1
1
1
1
1
1
1
1
1
1
1
1
1
1
1
1
1
1
1
1
1
1
1
1
1
1
1
1
1
1
1
1
1
1
1
1
1
1
1
1
1
1
1
1
1
1
1
1
1
1
1
1
1
1
1
1
1
1
1
1
1
1
1
1
1
1
1
1
1
1
1
1
1
1
1
1
1
1
1
1
1
1
1
1
1
1
8
9
9
9
10
10
10
10
10
10
10
10
10
10
10
10
10
10
10
12
12
12
17
18
18
19
20
20
19
19
19
18
18
18
18
18
18
18
18
18
18
18
19
19
19
19
20
20
19
19
19
20
20
19
18
17
17
17
16
16
16
15
16
16
17
17
17
18
18
19
19
20
20
20
20
20
21
21
21
21
22
23
23
23
23
23
23
23
25
25
25
25
25
25
26
26
27
27
27
28
28
28
29
29
29
29
29
30
31
31
31
31
31
31
31
32
33
33
33
33
33
33
33
33
33
33
33
33
33
33
34
34
34
34
34
34
34
34
34
34
34
34
33
33
33
33
33
33
33
33
33
33
33
34
34
34
34
34
34
34
34
34
35
36
36
36
36
36
36
36
36
37
37
37
37
38
38
38
39
39
39
39
39
39
40
40
40
40
40
41
41
41
41
41
41
41
41
41
41
42
42
42
42
42
42
43
43
43
43
43
44
44
44
44
45
46
49
52
55
56
55
57
59
65
69
264
267
270
273
276
280
284
289
369
373
377
381
385
390
461
461
463
464
464
465
464
464
466
466
467
466
467
466
468
468
469
470
542
542
543
542
539
470
466
462
458
454
448
440
421
417
412
411
408
405
401
396
366
354
347
340
341
348
360
370
392
397
399
401
404
406
409
414
439
446
450
454
458
461
464
468
542
543
542
541
539
467
466
465
463
463
463
464
463
464
463
463
462
462
461
460
458
459
394
389
384
379
375
371
367
288
282
278
274
271
268
266
264
73
69
67
63
63
64
63
61
59
57
55
53
51
49
46
44
43
41
40
40
39
38
38
38
38
37
37
37
37
37
36
36
36
36
36
37
37
37
37
37
37
37
37
37
37
37
37
37
37
36
36
36
36
35
35
35
35
34
34
34
34
34
34
34
34
34
34
34
33
33
33
33
33
33
33
33
33
33
33
33
34
33
33
33
33
33
33
33
34
34
34
34
34
34
34
34
33
33
33
34
34
34
34
33
33
33
33
33
33
33
33
32
31
31
31
31
31
31
30
30
30
30
29
28
28
28
28
28
28
27
26
26
26
26
25
25
25
25
25
24
24
24
24
24
23
23
23
22
21
21
21
21
20
20
20
20
20
19
19
19
19
20
20
20
18
19
19
20
19
20
20
21
20
20
21
21
21
19
20
20
20
20
18
18
18
18
19
19
19
20
20
19
19
19
19
19
20
20
20
19
19
18
17
10
10
10
10
9
9
9
8
8
8
8
8
8
8
8
8
8
8
8
8
8
1
1
1
1
1
1
1
1
1
1
1
1
1
1
1
1
1
1
1
1
1
1
1
1
1
1
1
1
1
1
1
1
1
1
1
1
1
1
1
1
1
1
1
1
1
1
1
1
1
1
1
1
1
1
1
1
1
1
1
1
1
1
1
1
1
1
1
1
1
1
1
1
1
1
1
1
1
1
1
1
1
1
1
1
1
1
1
1
1
1
1
1
1
1
1
1
1
1
1
1
1
1
1
1
1
1
1
1
1
1
1
1
1
1
1
1
1
1
1
1
1
1
1
1
1
1
1
1
1
1
1
1
1
1
1
1
1
1
1
1
1
1
1
1
1
1
1
1
1
1
1
1
1
1
1
1
1
1
1
1
1
1
1
1
1
1
1
1
1
1
1
1
1
1
1
1
1
1
1
1
1
1
1
1
1
1
1
1
1
1
1
1
1
1
1
1
1
1
1
1
1
1
1
1
1
1
1
1
1
1
1
1
1
1
1
1
1
1
1
1
1
1
1
1
1
1
1
1
1
1
1
