# Vetor de dados - syn_f003142-2-Pre--front--vetorlinha.txt
# Total de elementos: 768
# Formato: um valor por linha
#==================================================

1
1
1
1
1
1
1
1
1
1
1
1
1
1
1
1
1
1
1
1
1
1
1
1
1
1
1
1
1
1
1
1
1
1
1
1
1
1
1
1
1
1
1
1
1
1
1
1
1
1
1
1
1
1
1
1
1
1
1
1
1
1
1
1
1
1
1
1
1
1
1
1
1
1
1
1
1
1
1
1
1
1
1
1
1
1
1
1
1
1
1
1
1
1
1
1
1
1
1
1
1
1
1
1
1
1
1
1
1
1
1
1
1
1
1
1
1
1
19
25
29
33
37
39
41
43
45
47
48
50
51
52
54
54
56
56
58
58
60
60
60
61
62
62
62
62
62
62
62
62
62
62
62
62
62
61
62
68
69
71
71
71
70
69
69
69
68
67
67
67
66
65
63
63
61
61
57
53
52
52
51
51
51
49
49
48
47
46
46
46
46
46
46
46
46
46
46
46
46
46
46
47
48
52
56
59
62
66
70
118
124
131
140
184
278
290
304
332
339
345
354
366
380
393
433
440
478
483
490
496
499
501
492
490
497
504
508
514
520
522
451
451
450
449
448
447
447
445
438
407
405
401
398
401
397
393
389
387
385
383
356
156
153
150
148
147
145
143
143
141
139
138
136
134
132
131
130
128
127
127
125
125
124
124
124
122
122
122
120
120
120
118
118
118
116
116
116
115
114
114
113
112
111
110
110
108
108
108
106
106
106
106
106
106
106
106
106
106
105
105
105
104
104
104
104
103
103
103
102
102
101
101
101
101
100
99
99
99
99
98
97
97
97
97
96
96
97
97
97
98
99
100
101
102
104
106
106
108
110
110
112
114
114
116
116
118
118
120
120
121
122
122
123
124
124
125
125
126
126
127
127
127
128
128
128
128
128
128
129
129
129
129
130
130
131
131
131
132
132
132
133
134
134
134
134
134
135
136
136
137
138
138
139
139
140
141
141
142
142
143
143
143
144
144
145
145
146
146
147
147
147
147
148
148
148
148
148
148
148
148
148
148
148
148
148
148
148
148
148
148
148
147
147
147
147
146
146
146
146
146
146
146
146
145
145
144
144
144
143
143
143
142
142
141
141
140
140
139
138
138
138
137
136
136
136
134
134
134
133
132
132
132
131
131
130
129
128
128
126
126
124
124
122
122
121
120
120
120
119
118
118
117
116
116
116
114
114
114
113
112
112
112
111
111
111
111
111
110
109
109
109
109
109
109
109
109
109
109
108
107
107
107
107
107
107
107
108
109
109
109
109
110
110
110
111
112
112
113
114
114
114
115
116
116
116
118
118
118
118
118
120
120
120
120
120
120
120
121
121
121
122
122
122
121
121
121
121
120
120
120
120
120
119
119
119
119
118
118
117
117
117
116
116
115
115
115
115
113
113
113
112
111
111
111
109
109
109
109
107
107
107
107
105
105
105
105
103
103
103
103
101
101
101
99
99
99
98
97
97
97
95
95
95
94
93
93
92
91
91
91
91
91
91
91
91
91
91
91
93
93
93
93
94
95
95
95
95
95
95
94
94
93
93
93
93
94
95
95
96
97
97
99
99
101
101
103
105
105
107
108
109
110
111
111
113
113
115
114
114
112
111
110
109
109
107
105
103
102
101
97
93
89
1
1
1
1
1
1
1
1
1
1
1
1
1
1
1
1
1
1
1
1
1
1
1
1
1
1
1
1
1
1
1
1
1
1
1
1
1
1
1
1
1
1
1
1
1
1
1
1
1
1
1
1
1
1
1
1
