# Vetor de dados - syn_f000143-1-Pre--front--vetorcoluna.txt
# Total de elementos: 1024
# Formato: um valor por linha
#==================================================

1
1
1
1
1
1
1
1
1
1
1
1
1
1
1
1
1
1
1
1
1
1
1
1
1
1
1
1
1
1
1
1
1
1
1
1
1
1
1
1
1
1
1
1
1
1
1
1
1
1
1
1
1
1
1
1
1
1
1
1
1
1
1
1
1
1
1
1
1
1
1
1
1
1
1
1
1
1
1
1
1
1
1
1
1
1
1
1
1
1
1
1
1
1
1
1
1
1
1
1
1
1
1
1
1
1
1
1
1
1
1
1
1
1
1
1
1
1
1
1
1
1
1
1
1
1
1
1
1
1
1
1
1
1
1
1
1
1
1
1
1
1
1
1
1
1
1
1
1
1
1
1
1
1
1
1
1
1
1
1
1
1
1
1
1
1
1
1
1
1
1
1
1
1
1
1
1
1
1
1
1
1
1
1
1
1
1
1
1
1
1
1
1
1
1
1
1
1
1
1
1
1
1
1
1
1
1
1
1
1
1
1
1
1
1
1
1
1
1
1
1
8
8
8
8
8
8
8
8
8
9
9
9
9
9
9
9
9
9
9
10
12
12
17
18
18
19
19
19
19
19
19
18
18
18
19
18
18
18
18
18
18
19
19
19
19
19
20
20
19
19
20
20
20
19
19
20
18
17
17
17
17
17
17
17
17
18
18
18
18
18
18
18
18
18
20
20
20
20
20
21
21
22
22
22
22
23
23
23
24
24
25
25
25
25
25
26
27
27
27
27
27
27
29
29
29
29
29
30
30
30
31
31
31
31
31
31
31
33
33
33
33
33
33
33
34
34
34
34
34
34
35
35
36
36
36
36
36
35
35
35
35
35
35
35
35
35
35
34
34
34
34
34
34
34
32
32
32
32
32
32
32
32
32
32
32
32
32
32
32
32
32
32
32
33
33
33
33
33
33
33
33
33
33
33
34
34
34
34
34
35
35
35
35
35
35
35
35
35
35
36
36
36
36
36
36
36
37
37
37
37
38
39
39
39
39
39
40
40
41
42
42
43
43
44
45
46
48
50
53
55
56
58
60
59
265
268
272
277
283
287
292
385
389
394
397
401
406
480
480
481
483
484
483
485
486
486
486
486
485
484
484
486
487
489
489
490
490
490
419
413
485
482
480
477
475
472
469
464
422
417
415
411
409
404
394
373
364
357
350
343
343
351
355
360
366
373
382
406
410
413
416
419
424
466
470
474
477
480
483
487
491
495
571
570
569
494
494
494
492
490
489
490
490
490
490
490
489
488
487
487
486
484
483
409
404
399
394
390
386
381
309
295
289
285
280
276
272
269
72
67
65
62
61
60
59
58
57
55
54
52
51
50
48
47
45
44
43
43
42
41
40
40
39
39
37
37
37
37
36
35
35
35
35
35
34
34
34
34
34
34
33
33
33
33
33
33
33
33
33
33
33
33
33
32
32
32
32
32
32
32
32
32
32
32
32
32
31
31
31
31
31
31
31
31
32
32
33
33
33
33
33
33
33
33
33
33
34
35
35
35
35
35
35
35
35
35
35
35
35
35
35
34
34
34
34
34
34
34
33
33
33
33
33
32
32
31
31
31
31
31
31
30
29
29
29
29
28
28
28
27
27
27
26
26
26
26
26
26
25
24
24
24
24
24
24
23
23
23
23
22
22
22
21
21
21
21
21
21
21
20
20
20
20
20
20
20
20
20
20
19
19
19
19
19
20
19
19
20
21
19
20
21
21
19
20
20
21
21
19
19
19
19
19
20
18
18
18
18
19
20
20
19
19
19
19
19
19
19
19
18
17
12
10
10
9
9
9
9
9
9
9
9
9
9
9
8
8
8
8
8
8
8
1
1
1
1
1
1
1
1
1
1
1
1
1
1
1
1
1
1
1
1
1
1
1
1
1
1
1
1
1
1
1
1
1
1
1
1
1
1
1
1
1
1
1
1
1
1
1
1
1
1
1
1
1
1
1
1
1
1
1
1
1
1
1
1
1
1
1
1
1
1
1
1
1
1
1
1
1
1
1
1
1
1
1
1
1
1
1
1
1
1
1
1
1
1
1
1
1
1
1
1
1
1
1
1
1
1
1
1
1
1
1
1
1
1
1
1
1
1
1
1
1
1
1
1
1
1
1
1
1
1
1
1
1
1
1
1
1
1
1
1
1
1
1
1
1
1
1
1
1
1
1
1
1
1
1
1
1
1
1
1
1
1
1
1
1
1
1
1
1
1
1
1
1
1
1
1
1
1
1
1
1
1
1
1
1
1
1
1
1
1
1
1
1
1
1
1
1
1
1
1
1
1
1
1
1
1
1
1
1
1
1
1
1
1
1
1
1
1
1
1
1
