# Vetor de dados - syn_f002668-0-Pre--front--vetorlinha.txt
# Total de elementos: 768
# Formato: um valor por linha
#==================================================

1
1
1
1
1
1
1
1
1
1
1
1
1
1
1
1
1
1
1
1
1
1
1
1
1
1
1
1
1
1
1
1
1
1
1
1
1
1
1
1
1
1
1
1
1
1
1
1
1
1
1
1
1
1
1
1
1
1
1
1
1
1
1
1
1
1
1
1
1
1
1
1
1
1
1
1
1
1
1
1
1
1
1
1
1
1
1
1
1
1
1
1
1
1
1
1
1
1
1
1
1
1
1
1
1
1
1
1
1
1
1
1
1
1
1
1
1
1
1
1
1
1
1
1
1
1
1
1
1
1
1
1
1
1
1
1
1
1
1
1
1
1
8
20
26
29
33
37
39
41
43
46
48
49
50
52
52
54
56
56
58
58
58
60
60
61
62
62
62
62
62
62
62
62
62
62
62
62
62
62
66
69
70
70
69
69
69
69
69
68
67
67
67
65
65
63
63
61
61
58
54
54
54
52
52
52
52
50
49
48
46
46
46
46
45
45
45
45
45
45
45
46
47
48
50
54
60
221
275
324
344
354
360
365
368
370
446
445
445
450
457
463
471
486
492
495
449
452
455
457
465
470
477
471
465
459
453
445
439
416
403
398
393
389
384
294
276
261
251
223
204
191
182
161
156
152
149
148
146
145
143
141
141
139
137
137
135
133
133
131
131
130
129
129
129
128
127
127
127
127
127
127
127
126
126
126
126
126
126
126
126
126
125
125
123
123
123
121
121
119
118
116
115
114
114
114
113
113
113
113
113
113
113
113
113
112
112
112
112
112
112
112
112
111
111
111
112
112
113
114
114
115
116
117
117
119
120
120
121
122
123
124
124
125
125
126
127
127
129
129
130
131
132
133
133
133
135
135
135
135
136
136
136
136
137
137
137
136
136
136
136
136
136
136
136
135
135
135
135
135
135
135
135
135
134
134
133
133
132
132
132
132
132
132
132
132
132
132
132
132
132
132
132
132
132
132
132
132
132
132
132
132
132
132
131
131
131
131
130
130
130
130
129
129
129
129
129
129
129
127
127
127
127
127
127
126
125
125
125
125
125
124
123
123
123
123
123
123
122
122
121
120
120
120
118
118
118
116
116
116
115
114
114
113
112
112
111
110
110
109
108
108
108
107
106
106
106
105
104
104
104
104
103
102
102
102
102
102
102
101
101
100
100
100
100
99
99
99
99
99
99
99
99
99
101
101
101
101
101
100
100
100
100
100
100
100
100
100
100
101
101
101
101
102
103
103
103
104
104
105
105
105
105
106
107
107
107
107
107
109
109
109
109
109
109
109
109
109
109
109
108
108
108
108
108
108
108
108
107
106
106
106
106
106
104
104
104
104
103
102
102
102
102
101
101
101
100
99
99
99
99
99
97
97
97
97
96
95
95
95
94
94
93
93
92
92
92
91
90
90
90
90
89
88
88
88
87
87
87
87
87
87
87
87
87
87
87
89
89
89
91
91
92
93
91
91
91
91
91
91
90
90
91
91
92
93
93
94
95
96
96
98
99
100
101
103
104
105
106
107
109
110
111
111
111
112
112
112
111
110
108
106
102
101
100
97
41
1
1
1
1
1
1
1
1
1
1
1
1
1
1
1
1
1
1
1
1
1
1
1
1
1
1
1
1
1
1
1
1
1
1
1
1
1
1
1
1
1
1
1
1
1
1
1
1
1
1
1
1
1
1
1
1
1
1
1
1
1
1
1
1
1
1
1
1
1
1
1
1
1
1
1
1
1
1
1
1
1
