# Vetor de dados - syn_f004537-0-Pre--left--vetorlinha.txt
# Total de elementos: 768
# Formato: um valor por linha
#==================================================

1
1
1
1
1
1
1
1
1
1
1
1
1
1
1
1
1
1
1
1
1
1
1
1
1
1
1
1
1
1
1
1
1
1
1
1
1
1
1
1
1
1
1
1
1
1
1
1
1
1
1
1
1
1
1
1
1
1
1
1
1
1
1
1
1
1
1
1
1
1
1
1
1
1
1
1
1
1
1
1
1
1
1
1
1
1
1
1
1
1
1
1
1
1
1
1
1
1
1
1
1
1
1
1
1
1
1
1
1
1
1
1
1
1
1
1
1
1
1
1
1
16
24
31
36
40
44
47
50
52
54
56
58
60
62
64
65
67
67
69
69
71
71
73
73
74
74
75
75
75
75
75
75
75
75
76
76
76
76
76
77
77
78
77
78
79
80
79
80
81
82
81
82
81
80
79
77
74
72
71
69
70
68
67
67
66
65
65
64
63
63
62
62
62
62
62
62
62
62
61
60
58
54
45
44
43
43
43
43
42
43
42
42
43
43
42
43
43
43
45
45
46
46
47
48
48
49
50
157
168
176
190
214
220
225
232
242
249
265
282
284
283
283
283
281
278
276
268
268
267
250
247
202
199
194
189
184
179
173
168
163
154
103
96
89
82
77
78
79
80
80
80
81
81
81
82
82
82
82
82
82
82
82
81
81
81
81
81
80
80
80
80
80
78
78
78
77
77
76
76
75
75
75
75
75
75
75
75
75
75
75
75
76
75
75
75
75
75
75
76
76
76
76
76
76
76
76
76
76
76
76
76
75
75
75
76
76
76
76
75
75
75
75
76
76
76
76
76
77
76
76
76
77
77
77
78
79
79
80
80
81
81
81
81
81
82
82
82
82
81
81
82
82
82
82
83
83
84
84
83
84
84
85
84
84
85
85
86
86
86
87
87
87
87
88
88
88
88
88
89
89
88
88
89
89
88
88
88
87
88
88
87
87
86
86
86
85
85
84
83
83
83
83
83
83
83
83
83
83
83
83
83
83
83
84
83
83
83
83
83
83
83
82
81
81
80
80
79
79
78
77
76
75
75
74
73
73
72
71
71
70
70
69
68
68
68
67
67
67
66
66
66
66
65
65
64
64
64
64
64
63
63
63
64
64
64
63
63
63
63
63
62
62
62
62
62
62
61
61
61
61
60
60
60
60
60
59
59
59
59
58
58
58
58
57
57
57
56
56
56
55
55
55
55
54
54
54
53
53
53
53
52
52
52
52
53
53
52
52
52
52
52
53
52
52
53
53
53
54
53
54
53
53
53
53
52
52
52
51
52
51
51
51
51
50
50
50
49
49
48
48
48
47
47
46
45
45
44
44
44
44
44
45
45
44
44
44
44
45
45
45
45
44
44
44
45
45
45
45
45
45
44
44
44
44
44
44
44
44
43
43
43
43
43
42
42
42
41
41
41
41
41
40
39
39
39
39
38
38
38
37
37
37
37
37
37
37
36
36
36
36
36
36
36
36
36
36
36
37
37
38
39
38
39
40
41
43
45
46
47
50
52
53
55
56
59
60
62
66
69
72
73
76
78
79
83
83
83
83
83
76
47
50
51
53
55
59
62
66
71
73
75
79
81
83
84
86
87
86
86
85
83
82
79
66
57
50
46
38
35
23
1
1
1
1
1
1
1
1
1
1
1
1
1
1
1
1
1
1
1
1
1
1
1
1
1
1
1
1
1
1
1
1
1
1
1
1
1
1
1
1
1
1
1
1
1
1
1
1
1
1
1
1
1
1
1
1
1
