# Vetor de dados - syn_f001178-3-Pre--left--vetorlinha.txt
# Total de elementos: 768
# Formato: um valor por linha
#==================================================

1
1
1
1
1
1
1
1
1
1
1
1
1
1
1
1
1
1
1
1
1
1
1
1
1
1
1
1
1
1
1
1
1
1
1
1
1
1
1
1
1
1
1
1
1
1
1
1
1
1
1
1
1
1
1
1
1
1
1
1
1
1
1
1
1
1
1
1
1
1
1
1
1
1
1
1
1
1
1
1
1
1
1
1
1
1
1
1
1
1
1
1
1
1
1
1
1
1
1
1
1
1
1
1
1
1
1
1
1
1
1
1
1
1
1
1
1
1
1
1
1
1
1
1
22
27
32
37
41
45
48
51
53
57
58
60
62
64
66
68
69
70
71
72
73
74
74
76
76
77
77
78
78
78
78
78
80
80
80
80
80
80
81
81
82
82
83
83
84
84
85
86
87
88
88
88
86
86
85
83
80
80
78
77
77
77
76
74
74
73
73
72
70
69
69
69
69
68
67
68
69
68
67
66
65
64
62
60
60
59
58
58
57
58
58
58
59
59
59
61
194
203
213
221
229
234
240
244
248
253
260
269
275
290
302
315
315
316
315
314
313
311
309
305
300
299
297
277
275
235
232
229
226
223
219
215
210
206
200
193
186
178
173
168
164
155
150
146
139
130
125
120
121
122
123
124
125
126
126
127
128
128
130
130
131
131
131
131
132
132
132
132
132
132
132
132
133
132
132
132
131
131
131
130
129
129
128
127
126
125
125
125
126
125
126
127
127
126
127
127
126
127
127
127
126
126
127
127
126
126
126
126
125
125
125
125
124
124
124
123
122
122
122
122
122
120
120
119
118
117
118
119
119
119
120
120
122
123
124
126
126
128
129
131
131
133
135
136
136
137
137
139
139
140
141
141
142
142
142
142
143
143
144
144
145
145
145
145
145
145
145
145
145
145
145
145
145
145
145
144
144
144
142
142
141
141
140
139
139
138
137
136
135
134
133
132
131
130
129
128
126
126
124
123
121
118
117
114
111
111
110
109
108
108
107
106
106
105
104
103
102
102
101
100
98
97
97
98
98
97
97
96
96
96
96
96
97
97
96
96
96
96
96
96
97
97
97
96
96
97
97
97
97
96
96
96
96
95
95
95
94
94
94
94
93
93
93
91
91
91
91
90
89
89
89
88
88
87
86
86
86
85
84
84
83
83
81
81
80
79
78
78
77
75
75
74
73
72
71
71
69
69
68
66
66
65
65
63
63
62
62
62
61
61
62
61
62
63
62
63
63
63
64
63
64
64
64
64
63
64
63
62
63
62
63
62
63
62
63
62
62
61
61
61
61
60
60
59
59
59
59
58
58
58
58
58
57
57
57
57
57
58
58
58
58
58
59
58
58
58
59
59
59
59
58
58
58
58
58
58
57
57
57
57
56
56
55
55
55
55
55
54
53
53
53
52
52
51
50
50
50
49
48
48
47
47
47
45
45
45
44
44
44
43
43
43
43
42
42
42
42
41
41
41
41
40
40
41
41
42
41
42
44
45
46
48
51
53
57
60
68
71
72
74
76
79
79
82
82
83
83
85
85
85
85
85
86
85
46
47
49
52
54
58
62
66
69
73
76
77
80
82
82
84
86
87
86
85
83
81
79
73
65
59
53
49
43
36
31
1
1
1
1
1
1
1
1
1
1
1
1
1
1
1
1
1
1
1
1
1
1
1
1
1
1
1
1
1
1
1
1
1
1
1
1
1
1
1
1
1
1
1
1
1
1
1
1
1
1
1
1
1
1
1
1
1
1
1
