# Vetor de dados - syn_f000035-3-Pre--left--vetorlinha.txt
# Total de elementos: 768
# Formato: um valor por linha
#==================================================

1
1
1
1
1
1
1
1
1
1
1
1
1
1
1
1
1
1
1
1
1
1
1
1
1
1
1
1
1
1
1
1
1
1
1
1
1
1
1
1
1
1
1
1
1
1
1
1
1
1
1
1
1
1
1
1
1
1
1
1
1
1
1
1
1
1
1
1
1
1
1
1
1
1
1
1
1
1
1
1
1
1
1
1
1
1
1
1
1
1
1
1
1
1
1
1
1
1
1
1
1
1
1
1
1
1
1
1
1
1
1
1
1
1
1
1
1
1
1
1
1
1
1
1
1
1
8
21
29
34
39
42
45
48
51
53
55
57
59
61
63
64
66
67
68
69
70
71
71
72
72
74
74
74
74
74
74
74
74
74
74
75
75
75
75
76
76
77
77
78
78
79
79
80
81
81
81
81
80
79
77
76
74
73
72
72
71
70
70
69
68
68
67
67
67
67
67
66
66
67
67
67
67
65
64
64
62
58
54
52
50
50
50
50
50
49
50
50
50
50
51
50
51
51
52
52
52
52
53
60
93
158
166
173
178
183
190
199
205
212
216
220
225
229
235
241
248
256
266
274
286
286
286
285
284
283
281
279
269
269
267
247
202
197
192
187
182
177
171
159
152
95
94
95
96
96
97
97
98
98
98
99
99
99
99
99
99
99
99
99
99
99
100
99
99
99
99
99
98
98
97
97
96
95
94
93
93
92
90
88
87
87
86
86
85
85
85
85
85
84
84
84
83
83
82
82
81
80
80
80
79
79
79
79
80
80
80
79
79
79
79
79
79
79
79
79
79
79
78
78
78
78
78
77
79
80
81
81
82
82
84
85
86
86
88
88
89
91
91
93
93
95
95
97
97
99
99
101
101
101
103
103
103
104
104
104
104
105
105
105
106
106
106
106
106
105
105
105
105
105
106
105
105
105
105
104
104
104
103
103
102
102
101
101
100
100
98
98
97
97
96
96
95
96
96
95
95
96
96
96
95
95
95
94
94
94
94
94
93
93
92
92
91
90
91
90
89
89
88
87
86
87
86
86
86
86
85
85
85
85
85
85
85
85
85
85
86
86
86
85
85
85
85
86
86
86
86
86
85
85
85
85
85
84
84
83
83
83
82
82
82
82
81
81
80
80
80
79
79
78
78
78
77
77
77
76
76
76
75
74
74
73
73
72
71
71
71
70
69
68
68
67
67
66
65
64
63
63
62
62
60
60
59
58
58
58
57
57
57
57
57
57
58
57
58
57
58
59
58
59
58
58
57
57
58
57
56
57
56
57
56
57
56
56
56
55
55
54
55
54
54
53
53
53
53
53
53
53
53
53
53
52
52
52
52
52
52
52
53
52
52
52
52
53
53
53
53
53
53
53
52
52
52
52
52
52
52
52
51
51
50
50
50
50
50
48
48
48
48
48
47
46
46
45
45
45
44
44
43
43
42
42
42
41
40
40
40
39
39
39
38
37
37
37
37
36
36
36
37
38
37
38
39
40
42
43
45
48
51
53
56
58
60
64
68
69
72
74
75
77
78
79
80
82
82
83
83
82
50
52
55
59
64
67
71
73
75
78
80
82
84
85
86
85
85
83
80
74
64
59
52
48
40
38
32
1
1
1
1
1
1
1
1
1
1
1
1
1
1
1
1
1
1
1
1
1
1
1
1
1
1
1
1
1
1
1
1
1
1
1
1
1
1
1
1
1
1
1
1
1
1
1
1
1
1
1
1
1
1
1
1
1
1
1
1
1
1
1
