# Vetor de dados - syn_f004009-0-Pre--front--vetorlinha.txt
# Total de elementos: 768
# Formato: um valor por linha
#==================================================

1
1
1
1
1
1
1
1
1
1
1
1
1
1
1
1
1
1
1
1
1
1
1
1
1
1
1
1
1
1
1
1
1
1
1
1
1
1
1
1
1
1
1
1
1
1
1
1
1
1
1
1
1
1
1
1
1
1
1
1
1
1
1
1
1
1
1
1
1
1
1
1
1
1
1
1
1
1
1
1
1
1
1
1
1
1
1
1
1
1
1
1
1
1
1
1
1
1
1
1
1
1
1
1
1
1
1
1
1
1
1
1
1
1
8
21
25
29
33
37
39
41
43
45
47
49
50
51
52
54
54
56
56
58
58
58
60
60
60
61
61
62
62
62
62
62
62
62
62
61
61
60
60
61
67
69
69
69
69
69
67
67
67
67
65
65
65
63
63
61
60
59
58
55
52
52
51
50
50
49
49
47
46
45
44
44
44
44
44
44
44
44
44
44
44
43
43
43
43
43
44
46
51
55
59
64
71
83
110
127
142
277
296
333
345
360
401
406
412
421
430
481
488
490
487
489
499
507
516
523
527
530
454
454
456
457
458
465
469
478
475
471
467
437
422
406
392
367
367
366
364
363
161
158
156
154
153
150
150
148
147
145
143
142
141
139
137
135
134
132
129
127
125
123
122
121
119
119
118
117
117
117
117
117
117
117
117
116
115
115
115
114
114
112
112
111
111
110
109
108
107
107
105
105
105
104
104
102
102
102
102
102
102
102
102
102
102
102
103
103
103
103
103
102
102
102
102
102
102
102
102
102
102
102
102
102
102
102
103
103
103
103
103
103
103
104
104
104
104
105
106
106
106
108
108
109
110
111
111
113
113
113
115
115
116
117
117
118
119
119
120
121
121
121
122
123
123
124
125
125
125
125
125
126
127
127
127
127
127
127
128
128
128
129
129
129
130
130
131
131
131
131
132
132
132
132
133
133
134
135
135
135
135
137
137
137
137
137
138
138
139
139
139
139
139
139
139
140
140
140
140
139
139
139
139
139
138
138
138
138
138
138
137
137
136
136
135
135
135
135
134
133
133
133
133
133
133
131
131
131
130
130
129
129
128
128
128
126
126
126
126
125
124
124
124
123
122
122
122
122
121
121
120
120
120
120
120
119
118
118
118
118
118
117
117
116
116
116
116
116
116
115
115
114
114
114
114
114
114
114
113
112
112
112
112
112
112
112
112
112
112
111
112
111
111
111
111
111
111
111
111
111
111
111
111
110
110
110
109
109
109
109
109
109
108
108
108
108
108
108
108
108
108
108
109
109
109
109
109
109
109
109
109
110
111
111
111
111
111
112
112
112
112
112
112
112
112
112
113
113
113
113
113
112
112
112
112
111
111
111
110
110
110
110
110
109
109
109
108
108
108
107
107
107
107
106
106
106
105
105
105
105
104
104
103
103
103
103
103
103
101
101
101
101
101
101
101
99
99
99
99
99
99
98
98
97
97
97
96
96
96
96
95
94
94
94
94
94
94
92
92
92
92
92
92
92
92
92
92
93
93
93
93
93
94
94
94
94
95
95
95
95
95
95
95
95
96
97
97
98
98
99
99
100
101
102
103
104
105
106
108
109
109
111
111
112
113
113
114
114
115
115
115
115
115
115
114
112
107
105
102
98
94
42
40
1
1
1
1
1
1
1
1
1
1
1
1
1
1
1
1
1
1
1
1
1
1
1
1
1
1
1
1
1
1
1
1
1
1
1
1
1
1
1
1
1
1
1
1
1
1
1
1
1
1
1
1
1
