# Vetor de dados - syn_f002116-2-Pre--front--vetorcoluna.txt
# Total de elementos: 1024
# Formato: um valor por linha
#==================================================

1
1
1
1
1
1
1
1
1
1
1
1
1
1
1
1
1
1
1
1
1
1
1
1
1
1
1
1
1
1
1
1
1
1
1
1
1
1
1
1
1
1
1
1
1
1
1
1
1
1
1
1
1
1
1
1
1
1
1
1
1
1
1
1
1
1
1
1
1
1
1
1
1
1
1
1
1
1
1
1
1
1
1
1
1
1
1
1
1
1
1
1
1
1
1
1
1
1
1
1
1
1
1
1
1
1
1
1
1
1
1
1
1
1
1
1
1
1
1
1
1
1
1
1
1
1
1
1
1
1
1
1
1
1
1
1
1
1
1
1
1
1
1
1
1
1
1
1
1
1
1
1
1
1
1
1
1
1
1
1
1
1
1
1
1
1
1
1
1
1
1
1
1
1
1
1
1
1
1
1
1
1
1
1
1
1
1
1
1
1
1
1
1
1
1
1
1
1
1
1
1
1
1
1
1
1
1
1
1
1
1
1
1
1
1
1
1
1
1
1
1
1
30
30
30
30
30
31
31
31
31
31
31
31
31
1
1
1
32
32
32
32
33
33
33
33
33
34
34
34
34
35
35
35
35
36
36
36
1
1
1
1
1
1
1
1
1
38
38
38
38
38
38
38
38
38
38
38
38
38
38
38
38
39
39
39
39
39
39
39
39
39
39
40
40
40
40
40
40
40
41
41
41
41
41
41
41
41
42
42
42
42
42
42
42
43
43
43
43
43
43
43
43
43
43
43
43
43
43
43
43
43
43
43
43
43
43
43
43
43
43
43
43
42
42
42
42
42
42
42
41
41
41
41
41
41
40
40
40
40
40
39
39
39
39
38
38
38
38
38
38
38
38
38
37
37
37
37
37
37
37
37
37
37
37
37
37
37
37
37
37
37
37
37
37
37
37
37
37
38
38
39
39
39
39
39
39
39
39
39
39
40
40
40
41
41
41
41
41
43
43
43
43
44
45
45
45
47
47
48
49
50
51
53
54
56
59
61
64
65
66
67
69
70
70
71
73
76
81
296
299
302
304
308
311
314
318
323
420
424
428
431
435
439
443
447
451
528
530
530
530
530
532
534
535
536
536
536
536
535
538
540
541
541
542
543
544
618
619
619
539
534
530
526
523
520
517
512
466
462
458
455
451
445
424
406
399
395
390
386
381
376
375
381
385
388
393
399
405
415
451
455
459
463
466
513
518
520
523
526
531
535
539
574
618
543
543
542
541
540
540
539
538
537
536
536
535
535
534
533
532
532
531
530
530
530
528
445
440
435
431
427
423
420
417
316
312
308
305
302
300
297
294
291
82
78
75
71
69
67
66
65
63
62
60
59
57
56
54
53
52
51
49
48
48
47
46
45
45
45
43
43
43
43
42
41
41
41
41
40
39
39
39
39
39
39
39
39
39
39
37
37
37
37
37
37
37
37
37
37
36
36
36
36
36
36
36
36
36
35
35
35
35
35
35
35
35
35
35
35
36
36
36
36
36
36
36
36
37
37
37
37
38
38
38
38
38
38
39
39
39
39
39
39
39
40
40
40
40
40
40
40
40
40
40
40
40
40
40
40
40
40
40
40
40
39
39
39
39
39
39
39
39
39
39
39
39
39
38
38
38
38
38
38
38
37
37
37
37
37
37
36
36
36
36
36
36
35
35
35
35
35
35
35
34
34
34
34
34
34
34
33
33
33
33
33
33
33
32
32
32
32
32
32
32
31
1
1
1
1
1
1
30
30
29
29
29
29
29
28
28
28
28
28
28
27
27
27
27
27
27
26
26
26
26
26
26
26
26
26
25
25
25
25
25
25
24
24
25
25
25
25
24
1
1
1
1
1
1
1
1
1
1
1
1
1
1
1
1
1
1
1
1
1
1
1
1
1
1
1
1
1
1
1
1
1
1
1
1
1
1
1
1
1
1
1
1
1
1
1
1
1
1
1
1
1
1
1
1
1
1
1
1
1
1
1
1
1
1
1
1
1
1
1
1
1
1
1
1
1
1
1
1
1
1
1
1
1
1
1
1
1
1
1
1
1
1
1
1
1
1
1
1
1
1
1
1
1
1
1
1
1
1
1
1
1
1
1
1
1
1
1
1
1
1
1
1
1
1
1
1
1
1
1
1
1
1
1
1
1
1
1
1
1
1
1
1
1
1
1
1
1
1
1
1
1
1
1
1
1
1
1
1
1
1
1
1
1
1
1
1
1
1
1
1
1
1
1
1
1
1
1
1
1
1
1
1
1
1
1
1
1
1
1
1
1
1
1
1
1
1
1
1
1
1
1
1
1
1
1
1
1
1
1
1
1
1
1
1
1
1
1
1
1
