# Vetor de dados - syn_f000895-2-Pre--front--vetorcoluna.txt
# Total de elementos: 1024
# Formato: um valor por linha
#==================================================

1
1
1
1
1
1
1
1
1
1
1
1
1
1
1
1
1
1
1
1
1
1
1
1
1
1
1
1
1
1
1
1
1
1
1
1
1
1
1
1
1
1
1
1
1
1
1
1
1
1
1
1
1
1
1
1
1
1
1
1
1
1
1
1
1
1
1
1
1
1
1
1
1
1
1
1
1
1
1
1
1
1
1
1
1
1
1
1
1
1
1
1
1
1
1
1
1
1
1
1
1
1
1
1
1
1
1
1
1
1
1
1
1
1
1
1
1
1
1
1
1
1
1
1
1
1
1
1
1
1
1
1
1
1
1
1
1
1
1
1
1
1
1
1
1
1
1
1
1
1
1
1
1
1
1
1
1
1
1
1
1
1
1
1
1
1
1
1
1
1
1
1
1
1
1
1
1
1
1
1
1
1
1
1
1
1
1
1
1
1
1
1
1
1
1
1
1
1
1
1
1
1
1
1
1
1
1
1
1
1
1
1
1
1
1
1
1
1
1
1
1
1
6
8
8
8
8
8
8
8
8
8
8
8
8
8
9
9
9
9
9
9
9
9
9
16
18
18
18
19
19
19
19
18
20
19
19
18
18
18
19
18
18
18
18
19
19
19
21
20
20
19
21
20
20
19
20
20
19
18
18
18
17
17
18
17
17
17
17
17
20
19
19
19
19
21
21
21
21
22
22
23
23
24
24
24
24
25
26
26
26
26
26
27
27
27
27
27
28
28
28
28
29
29
30
30
30
30
30
30
30
30
31
31
31
32
32
32
32
33
33
33
33
33
33
34
34
34
34
34
34
34
34
34
34
34
34
34
34
34
34
34
34
34
34
34
34
33
33
32
32
32
32
33
33
33
33
33
33
33
33
33
33
33
33
33
33
33
33
33
33
34
34
34
34
34
34
34
34
34
35
35
35
35
35
35
36
36
36
36
36
36
36
36
36
37
37
37
37
39
39
39
39
40
40
40
40
40
41
41
41
42
42
42
42
42
43
43
43
43
45
45
46
47
48
50
55
59
62
64
66
68
69
73
77
84
86
86
260
263
266
270
274
279
284
401
404
408
412
416
418
423
486
487
488
489
488
488
489
490
491
490
490
491
490
491
492
492
493
494
494
494
424
494
491
489
486
483
480
475
420
417
415
411
405
386
371
363
357
351
346
342
338
329
325
331
337
340
343
347
350
353
357
366
379
412
414
416
418
475
480
484
488
492
497
504
506
507
569
569
491
491
491
490
490
489
488
488
488
488
488
486
486
486
485
485
427
423
419
415
411
407
402
398
295
291
287
284
279
275
270
266
263
85
83
81
78
70
71
69
65
61
59
56
54
52
49
47
45
44
42
42
41
41
41
39
39
39
38
38
38
38
37
37
37
36
36
36
36
35
35
35
35
35
34
34
34
34
34
35
35
35
35
34
34
34
34
34
34
34
34
34
33
33
33
33
33
33
33
33
33
33
32
32
32
32
32
32
32
32
32
32
33
33
33
33
33
34
35
35
35
35
35
35
35
35
35
35
35
35
35
35
35
35
35
35
35
35
34
34
34
34
34
34
34
33
33
33
33
33
33
32
32
32
32
32
31
31
31
32
31
31
31
31
30
30
29
30
28
28
28
28
27
27
27
27
26
26
26
26
26
25
25
25
24
23
23
23
23
23
22
22
22
22
22
22
22
21
21
21
21
21
21
21
22
21
21
21
22
22
21
22
21
21
22
21
21
21
21
21
21
21
21
21
21
22
22
22
23
23
23
24
24
24
24
24
24
24
23
22
16
16
16
16
16
16
16
17
17
17
17
17
17
17
17
17
17
17
1
1
1
1
1
1
1
1
1
1
1
1
1
1
1
1
1
1
1
1
1
1
1
1
1
1
1
1
1
1
1
1
1
1
1
1
1
1
1
1
1
1
1
1
1
1
1
1
1
1
1
1
1
1
1
1
1
1
1
1
1
1
1
1
1
1
1
1
1
1
1
1
1
1
1
1
1
1
1
1
1
1
1
1
1
1
1
1
1
1
1
1
1
1
1
1
1
1
1
1
1
1
1
1
1
1
1
1
1
1
1
1
1
1
1
1
1
1
1
1
1
1
1
1
1
1
1
1
1
1
1
1
1
1
1
1
1
1
1
1
1
1
1
1
1
1
1
1
1
1
1
1
1
1
1
1
1
1
1
1
1
1
1
1
1
1
1
1
1
1
1
1
1
1
1
1
1
1
1
1
1
1
1
1
1
1
1
1
1
1
1
1
1
1
1
1
1
1
1
1
1
1
1
1
1
1
1
1
1
1
1
1
1
1
1
1
1
1
1
1
1
1
1
1
1
1
