# Vetor de dados - syn_f004608-1-Pre--front--vetorlinha.txt
# Total de elementos: 768
# Formato: um valor por linha
#==================================================

1
1
1
1
1
1
1
1
1
1
1
1
1
1
1
1
1
1
1
1
1
1
1
1
1
1
1
1
1
1
1
1
1
1
1
1
1
1
1
1
1
1
1
1
1
1
1
1
1
1
1
1
1
1
1
1
1
1
1
1
1
1
1
1
1
1
1
1
1
1
1
1
1
1
1
1
1
1
1
1
1
1
1
1
1
1
1
1
1
1
1
1
1
1
1
1
1
1
1
1
1
1
1
1
1
1
1
1
1
1
1
1
1
1
1
1
1
1
18
23
27
31
36
38
40
42
43
45
47
49
49
51
51
53
55
55
55
57
57
57
59
59
59
59
60
60
61
61
60
60
60
60
59
59
59
59
60
65
67
67
67
67
67
66
66
66
64
64
64
62
62
61
60
58
57
55
51
50
50
50
49
48
48
47
46
46
44
42
42
40
41
41
42
42
42
41
41
41
41
41
41
41
42
42
43
45
47
52
55
59
62
64
68
77
113
121
128
156
166
177
266
278
288
300
323
337
351
370
420
431
439
450
459
480
502
506
510
514
519
523
530
532
521
526
532
536
542
546
468
469
469
469
470
426
420
384
377
373
348
350
350
141
140
138
136
135
133
133
131
129
127
125
122
120
118
116
114
112
111
109
109
107
106
106
105
105
104
104
103
103
102
102
101
101
101
100
99
99
99
99
99
98
98
98
97
97
97
97
97
97
97
97
97
97
97
97
97
97
97
97
97
97
96
96
95
95
95
95
95
95
95
95
95
95
95
95
95
96
96
95
95
94
94
94
93
93
92
92
92
92
93
93
93
93
94
95
96
97
99
100
102
103
105
107
109
110
112
114
114
116
117
118
119
119
121
121
122
123
123
124
124
125
126
126
126
128
128
128
129
130
130
131
131
132
133
133
134
135
135
136
137
138
138
139
140
141
141
142
142
143
144
144
146
146
147
148
148
149
150
150
150
150
150
150
151
151
152
152
152
152
153
153
153
153
153
152
152
152
152
152
152
152
152
151
151
151
151
151
151
150
150
150
150
150
150
149
149
149
148
148
148
148
147
147
147
146
146
145
145
144
144
143
143
143
142
141
141
141
140
139
139
139
137
137
137
137
135
135
135
134
133
133
133
131
131
131
129
129
129
128
127
127
127
126
125
125
125
124
123
123
122
122
121
120
120
120
120
118
118
118
117
117
116
116
115
115
115
115
115
115
115
115
114
114
114
114
114
114
114
113
112
112
112
112
112
112
112
113
113
114
115
115
115
115
116
117
117
117
118
118
119
119
119
120
120
121
121
121
122
122
122
123
123
124
124
124
124
124
124
124
124
124
124
124
124
124
124
124
124
124
124
124
124
124
124
123
122
122
122
122
122
122
120
120
120
120
120
119
119
118
118
117
117
116
116
115
115
115
114
114
113
113
112
111
111
110
110
109
109
108
108
107
106
106
105
104
104
103
102
102
101
100
100
100
98
98
98
96
96
96
96
96
95
95
95
95
95
95
95
95
96
97
97
97
97
97
97
97
97
97
97
97
97
99
99
100
101
102
102
103
104
105
107
109
110
112
114
115
115
117
117
118
119
119
119
119
119
119
119
119
119
118
118
117
115
113
110
108
107
103
98
1
1
1
1
1
1
1
1
1
1
1
1
1
1
1
1
1
1
1
1
1
1
1
1
1
1
1
1
1
1
1
1
1
1
1
1
1
1
1
1
1
1
1
1
1
1
1
1
1
1
1
1
1
1
1
1
1
