# Vetor de dados - syn_f003621-0-Pre--front--vetorlinha.txt
# Total de elementos: 768
# Formato: um valor por linha
#==================================================

1
1
1
1
1
1
1
1
1
1
1
1
1
1
1
1
1
1
1
1
1
1
1
1
1
1
1
1
1
1
1
1
1
1
1
1
1
1
1
1
1
1
1
1
1
1
1
1
1
1
1
1
1
1
1
1
1
1
1
1
1
1
1
1
1
1
1
1
1
1
1
1
1
1
1
1
1
1
1
1
1
1
1
1
1
1
1
1
1
1
1
1
1
1
1
1
1
1
1
1
1
1
1
1
1
1
1
1
1
1
1
1
1
1
1
1
1
1
1
1
1
13
22
26
30
34
38
40
42
44
46
47
48
50
51
52
53
55
55
57
57
58
59
59
60
60
61
61
61
62
62
62
62
62
62
62
62
61
61
61
63
68
69
70
70
70
69
69
69
68
67
67
67
67
65
65
63
63
62
61
59
54
53
53
52
51
50
50
50
49
49
48
47
47
47
47
47
47
47
46
46
46
46
46
46
46
46
47
51
56
61
67
72
78
89
99
114
126
136
319
446
470
488
506
519
557
561
566
573
581
615
615
612
605
593
588
589
585
574
567
569
569
499
494
488
482
402
391
381
372
362
353
346
336
327
317
288
247
230
214
192
182
176
172
168
165
162
159
157
155
153
151
150
148
147
145
143
141
138
136
132
131
129
128
128
126
126
126
126
125
125
125
125
125
125
125
125
125
125
124
124
124
124
124
124
123
122
122
121
120
119
117
116
115
115
114
112
112
111
111
112
112
112
112
112
112
112
112
112
113
113
113
113
114
115
115
116
116
117
118
118
118
118
118
118
119
119
119
119
117
117
117
115
115
115
114
113
113
114
114
116
116
116
118
119
120
121
122
123
123
125
125
127
127
128
129
129
130
131
131
131
132
132
133
133
133
133
133
133
133
134
134
135
135
135
135
135
136
136
137
137
137
137
137
139
139
139
139
139
139
140
140
141
141
141
141
141
141
141
141
142
142
142
142
142
142
142
141
142
142
142
141
141
141
141
141
141
140
140
140
139
139
139
139
139
138
138
137
137
136
136
136
136
135
134
134
134
134
134
133
133
132
132
131
131
131
131
131
130
129
129
129
129
129
129
127
127
127
127
127
125
125
125
124
123
123
123
122
122
122
121
121
120
120
120
120
120
118
118
118
118
118
116
116
116
116
115
114
114
114
113
113
112
112
111
111
111
111
111
111
110
110
110
109
109
109
109
109
109
109
109
108
108
108
108
108
108
108
108
108
108
108
108
108
108
108
108
109
109
109
109
109
109
109
109
110
110
111
111
111
111
111
111
112
112
112
112
112
112
112
112
112
112
112
112
112
112
112
112
112
112
112
111
111
111
111
110
110
110
109
109
109
109
109
108
108
108
107
107
107
107
107
106
106
105
105
105
105
105
105
103
103
103
103
103
103
103
102
102
102
101
101
101
101
101
101
100
100
100
100
99
99
99
98
98
98
98
97
97
97
97
96
95
95
95
95
95
95
95
95
95
95
95
95
95
96
97
97
98
98
98
98
98
98
98
98
98
98
98
98
98
98
98
99
100
100
100
100
102
102
104
104
105
106
107
109
109
111
111
111
113
113
115
115
115
115
115
115
115
115
113
113
110
106
105
103
97
95
1
1
1
1
1
1
1
1
1
1
1
1
1
1
1
1
1
1
1
1
1
1
1
1
1
1
1
1
1
1
1
1
1
1
1
1
1
1
1
1
1
1
1
1
1
1
1
1
1
1
1
1
1
1
1
1
1
1
1
1
