# Vetor de dados - syn_f001724-1-Pre--left--vetorlinha.txt
# Total de elementos: 768
# Formato: um valor por linha
#==================================================

1
1
1
1
1
1
1
1
1
1
1
1
1
1
1
1
1
1
1
1
1
1
1
1
1
1
1
1
1
1
1
1
1
1
1
1
1
1
1
1
1
1
1
1
1
1
1
1
1
1
1
1
1
1
1
1
1
1
1
1
1
1
1
1
1
1
1
1
1
1
1
1
1
1
1
1
1
1
1
1
1
1
1
1
1
1
1
1
1
1
1
1
1
1
1
1
1
1
1
1
1
1
1
1
1
1
1
1
1
1
1
3
21
28
34
39
43
47
49
52
54
56
58
60
62
63
65
67
68
68
70
71
72
72
74
74
75
75
76
76
76
76
76
76
76
76
77
77
77
77
78
78
79
80
80
80
81
82
82
82
83
84
83
84
83
83
81
80
77
73
71
71
70
69
68
67
66
65
65
64
63
63
63
62
62
62
62
63
63
62
61
60
59
56
55
52
50
50
50
50
50
50
50
50
51
50
51
51
51
51
51
52
51
52
53
54
54
55
55
58
64
153
158
167
175
181
188
204
218
224
228
233
237
242
247
255
260
265
277
284
291
303
305
304
304
303
302
299
297
288
286
285
196
191
185
177
164
156
109
98
91
92
93
93
94
95
96
95
96
97
97
98
98
99
99
100
101
101
101
102
102
102
102
102
103
103
102
102
102
101
101
100
99
99
98
97
96
95
93
92
91
89
87
86
87
87
88
88
89
90
90
90
90
91
91
90
91
91
91
90
91
91
91
90
90
90
90
89
88
88
88
88
88
87
86
86
85
84
84
84
84
83
82
82
82
83
82
83
83
83
85
85
85
86
86
87
87
88
89
89
89
91
91
91
92
93
93
93
93
93
93
94
94
94
95
95
94
94
95
95
95
94
94
95
94
94
94
93
93
94
93
93
92
92
92
91
92
91
91
90
90
89
89
88
88
88
87
87
86
86
85
84
83
83
83
83
83
82
83
82
82
81
81
80
79
78
78
77
76
76
76
75
74
73
73
72
72
71
71
71
70
70
68
68
68
68
67
67
67
67
66
66
66
66
65
65
65
65
65
65
65
64
64
64
64
64
64
64
64
63
63
63
63
62
61
61
61
61
61
61
60
60
60
60
60
59
59
59
59
59
59
58
58
58
58
58
58
57
57
57
57
57
56
56
56
56
55
55
55
55
54
54
54
54
53
54
54
54
53
53
53
53
53
53
53
54
54
53
53
53
53
53
53
53
54
54
54
54
54
54
55
54
54
54
54
54
54
53
54
53
54
53
53
53
53
53
53
52
53
52
51
52
51
51
50
50
50
49
49
48
48
49
49
49
48
48
48
48
48
48
48
47
47
47
47
47
47
46
46
46
46
46
46
45
45
45
45
45
45
44
44
44
44
44
44
43
43
43
43
43
43
41
41
41
41
41
40
40
39
39
39
39
38
38
38
38
37
37
37
37
37
37
36
36
36
36
36
36
36
36
36
36
36
35
35
35
35
35
35
35
35
35
35
35
35
34
35
36
37
39
40
42
44
46
48
49
51
53
56
58
59
61
63
65
68
73
74
78
80
81
83
86
88
88
88
88
89
89
88
80
69
63
66
68
71
74
78
80
83
85
87
88
89
90
91
90
89
88
87
85
82
58
52
47
44
41
1
1
1
1
1
1
1
1
1
1
1
1
1
1
1
1
1
1
1
1
1
1
1
1
1
1
1
1
1
1
1
1
1
1
1
1
1
1
1
1
1
1
1
1
1
1
1
1
1
1
1
1
