# Vetor de dados - syn_f001639-2-Pre--left--vetorlinha.txt
# Total de elementos: 768
# Formato: um valor por linha
#==================================================

1
1
1
1
1
1
1
1
1
1
1
1
1
1
1
1
1
1
1
1
1
1
1
1
1
1
1
1
1
1
1
1
1
1
1
1
1
1
1
1
1
1
1
1
1
1
1
1
1
1
1
1
1
1
1
1
1
1
1
1
1
1
1
1
1
1
1
1
1
1
1
1
1
1
1
1
1
1
1
1
1
1
1
1
1
1
1
1
1
1
1
1
1
1
1
1
1
1
1
1
1
1
1
1
1
1
1
1
18
26
33
37
41
45
48
51
53
55
57
59
61
63
64
66
67
68
69
70
71
72
72
73
73
75
75
75
75
75
75
75
75
75
76
76
76
76
77
78
79
79
80
81
82
82
83
84
84
84
84
83
83
81
79
77
76
75
74
73
73
73
71
70
70
70
70
69
69
69
69
68
69
69
69
70
70
70
69
68
67
66
65
62
60
58
56
55
54
55
54
55
54
55
55
56
56
56
182
190
206
222
229
233
241
250
264
274
295
316
317
317
316
316
315
313
311
310
302
300
299
297
278
278
275
229
227
225
222
218
214
211
208
205
202
198
194
189
181
174
167
158
148
139
129
123
118
114
110
108
109
110
110
111
111
112
112
112
113
113
114
114
114
115
115
115
116
116
116
117
116
116
116
116
116
116
116
116
114
114
113
113
112
111
110
109
108
109
108
108
109
109
110
110
109
110
110
110
110
111
110
110
110
110
109
109
109
108
109
108
108
108
107
107
107
107
107
107
107
107
106
106
105
105
105
105
104
104
104
103
103
103
102
102
103
102
103
102
103
104
105
105
107
108
108
110
111
111
113
114
115
116
118
118
120
120
121
121
121
123
123
124
124
124
125
125
125
125
125
125
125
126
126
125
125
125
124
125
125
124
124
124
123
123
122
122
121
121
120
120
119
118
118
117
116
116
115
114
113
113
112
111
109
109
108
106
106
105
104
103
103
102
102
102
101
101
101
100
100
100
100
99
99
98
97
98
97
96
96
95
95
93
92
91
90
89
89
89
88
88
87
87
86
86
86
86
87
87
87
87
86
86
86
86
86
86
86
86
87
86
86
86
86
86
86
85
85
85
85
84
84
84
84
84
84
83
83
82
82
82
81
81
81
81
81
80
80
79
79
78
78
78
78
77
77
76
75
75
75
74
74
73
73
72
71
71
70
70
68
68
67
67
67
66
66
64
64
64
63
63
62
62
62
61
61
61
61
59
59
59
59
59
59
59
59
60
59
60
60
60
59
60
59
59
58
58
58
58
58
58
57
58
57
57
57
57
57
56
56
55
55
54
55
54
54
53
53
53
54
54
54
52
52
52
52
53
53
53
53
53
53
54
54
53
53
53
53
54
54
54
54
53
53
53
53
53
53
52
52
52
52
52
51
51
51
51
51
50
50
49
49
49
48
48
48
47
46
46
46
46
46
45
45
45
45
44
44
44
44
44
43
43
43
43
43
42
42
42
42
42
41
41
41
41
41
41
40
40
41
42
43
43
44
45
45
47
49
50
52
53
55
57
59
61
63
68
73
77
79
80
82
84
85
86
88
89
89
89
89
88
88
88
89
51
53
55
57
59
62
64
66
68
70
74
76
78
82
84
86
87
89
92
91
90
90
89
86
83
73
62
55
51
45
39
36
1
1
1
1
1
1
1
1
1
1
1
1
1
1
1
1
1
1
1
1
1
1
1
1
1
1
1
1
1
1
1
1
1
1
1
1
1
1
1
1
1
1
1
1
1
