# Vetor de dados - syn_f002134-3-Pre--front--vetorcoluna.txt
# Total de elementos: 1024
# Formato: um valor por linha
#==================================================

1
1
1
1
1
1
1
1
1
1
1
1
1
1
1
1
1
1
1
1
1
1
1
1
1
1
1
1
1
1
1
1
1
1
1
1
1
1
1
1
1
1
1
1
1
1
1
1
1
1
1
1
1
1
1
1
1
1
1
1
1
1
1
1
1
1
1
1
1
1
1
1
1
1
1
1
1
1
1
1
1
1
1
1
1
1
1
1
1
1
1
1
1
1
1
1
1
1
1
1
1
1
1
1
1
1
1
1
1
1
1
1
1
1
1
1
1
1
1
1
1
1
1
1
1
1
1
1
1
1
1
1
1
1
1
1
1
1
1
1
1
1
1
1
1
1
1
1
1
1
1
1
1
1
1
1
1
1
1
1
1
1
1
1
1
1
1
1
1
1
1
1
1
1
1
1
1
1
1
1
1
1
1
1
1
1
1
1
1
1
1
1
1
1
1
1
1
1
1
1
1
1
1
1
1
1
1
1
1
1
1
1
1
1
1
1
1
1
1
1
1
1
1
1
1
1
1
1
1
1
1
1
1
1
1
1
1
1
1
1
1
1
1
1
1
1
1
1
1
1
1
1
1
1
1
1
1
1
1
1
1
1
1
1
1
1
1
1
1
1
1
1
1
1
1
1
1
1
1
1
1
1
1
1
1
1
1
1
41
41
41
41
41
41
41
41
41
41
41
41
42
42
42
42
42
42
42
42
42
42
43
43
43
43
43
43
43
43
43
43
44
44
44
44
44
44
44
44
44
44
44
44
44
44
44
44
44
44
44
44
44
44
44
44
44
44
44
44
44
43
43
43
43
43
43
43
42
42
42
42
42
41
41
41
41
41
40
40
40
40
40
40
39
39
39
40
40
40
40
40
40
40
40
40
40
40
41
41
41
41
41
41
41
41
41
41
41
41
41
41
41
41
41
41
42
42
42
43
43
43
43
43
43
43
43
43
43
43
43
43
43
43
43
43
43
43
43
44
44
45
45
45
46
46
46
47
49
49
51
54
63
66
69
52
58
63
64
66
73
300
302
304
307
308
311
313
316
319
413
416
420
423
427
430
433
436
440
508
509
510
511
512
512
513
514
515
515
515
515
514
516
518
520
521
521
522
522
523
523
522
517
513
509
504
500
495
490
483
456
450
446
443
439
435
428
397
386
379
375
369
363
335
359
365
371
377
382
391
400
409
432
438
441
444
448
451
459
491
498
503
508
512
517
521
524
603
602
526
525
525
523
523
521
520
519
520
520
519
519
517
516
517
516
516
515
514
512
513
438
435
431
428
425
422
418
415
318
315
311
308
307
304
301
299
298
295
84
84
82
80
77
74
67
64
61
58
52
49
47
47
46
45
44
43
43
43
42
41
41
41
41
41
40
40
40
40
40
40
40
40
40
40
39
39
39
39
39
39
39
39
39
39
38
38
38
38
37
37
37
37
37
37
37
37
37
36
35
35
35
35
35
35
35
35
35
34
34
34
34
34
34
34
34
34
34
34
34
35
35
35
36
36
37
38
38
38
39
39
39
39
40
40
40
40
40
40
40
40
39
39
39
39
39
39
39
39
39
39
38
38
38
37
37
37
37
37
37
37
37
36
35
35
35
35
35
35
35
34
33
33
33
33
33
32
32
31
31
31
31
31
30
30
30
30
30
30
30
30
30
29
29
29
29
29
29
29
29
29
29
29
29
29
28
28
28
28
28
28
28
27
27
27
26
26
26
25
25
25
24
24
24
24
23
23
23
23
22
22
22
22
22
21
21
21
21
21
21
20
20
20
21
21
21
21
20
20
19
19
1
1
1
1
1
1
1
1
1
1
1
1
1
1
1
1
1
1
1
1
1
1
1
1
1
1
1
1
1
1
1
1
1
1
1
1
1
1
1
1
1
1
1
1
1
1
1
1
1
1
1
1
1
1
1
1
1
1
1
1
1
1
1
1
1
1
1
1
1
1
1
1
1
1
1
1
1
1
1
1
1
1
1
1
1
1
1
1
1
1
1
1
1
1
1
1
1
1
1
1
1
1
1
1
1
1
1
1
1
1
1
1
1
1
1
1
1
1
1
1
1
1
1
1
1
1
1
1
1
1
1
1
1
1
1
1
1
1
1
1
1
1
1
1
1
1
1
1
1
1
1
1
1
1
1
1
1
1
1
1
1
1
1
1
1
1
1
1
1
1
1
1
1
1
1
1
1
1
1
1
1
1
1
1
1
1
1
1
1
1
1
1
1
1
1
1
1
1
1
1
1
1
1
1
1
1
1
1
1
1
1
1
1
1
1
1
1
1
1
1
1
1
1
1
1
1
1
1
1
1
1
1
1
1
1
1
