# Vetor de dados - syn_f004197-0-Pre--front--vetorcoluna.txt
# Total de elementos: 1024
# Formato: um valor por linha
#==================================================

1
1
1
1
1
1
1
1
1
1
1
1
1
1
1
1
1
1
1
1
1
1
1
1
1
1
1
1
1
1
1
1
1
1
1
1
1
1
1
1
1
1
1
1
1
1
1
1
1
1
1
1
1
1
1
1
1
1
1
1
1
1
1
1
1
1
1
1
1
1
1
1
1
1
1
1
1
1
1
1
1
1
1
1
1
1
1
1
1
1
1
1
1
1
1
1
1
1
1
1
1
1
1
1
1
1
1
1
1
1
1
1
1
1
1
1
1
1
1
1
1
1
1
1
1
1
1
1
1
1
1
1
1
1
1
1
1
1
1
1
1
1
1
1
1
1
1
1
1
1
1
1
1
1
1
1
1
1
1
1
1
1
1
1
1
1
1
1
1
1
1
1
1
1
1
1
1
1
1
1
1
1
1
1
1
1
1
1
1
1
1
1
1
1
1
1
1
1
1
1
1
1
1
1
1
1
1
1
1
1
1
1
1
1
1
1
1
1
1
1
1
1
1
1
1
1
1
1
1
1
1
1
1
1
1
1
1
1
1
1
1
34
1
1
1
1
1
1
1
1
1
1
1
1
1
1
1
1
1
1
1
1
1
1
1
1
1
1
1
1
1
1
1
1
1
1
1
1
1
1
1
1
1
1
1
1
1
1
1
1
1
1
1
1
1
1
1
1
1
1
1
1
1
1
1
37
37
37
37
37
37
37
37
37
37
37
37
38
38
38
38
38
38
38
38
38
38
38
38
38
38
38
38
38
38
38
38
39
39
38
38
39
38
38
38
38
38
38
38
38
38
38
38
37
37
37
37
37
36
36
36
36
35
35
35
35
35
34
34
34
34
33
33
33
33
33
32
33
33
33
32
32
32
32
33
32
32
32
32
33
33
32
32
32
33
33
33
32
32
33
33
33
33
33
33
34
34
34
34
34
35
35
35
35
35
36
36
36
36
36
37
38
38
38
38
38
40
40
40
41
41
41
42
43
44
45
45
46
47
49
50
51
54
55
57
58
59
60
61
62
63
65
66
67
68
287
291
295
302
308
316
405
412
419
425
429
433
504
505
506
507
506
507
508
508
508
507
507
507
506
507
509
509
510
511
511
511
510
587
502
501
498
495
491
488
484
446
443
439
436
433
428
390
383
378
372
367
364
359
353
347
357
361
364
368
372
375
380
385
393
432
434
437
440
479
483
486
491
494
498
502
507
512
583
587
510
511
511
511
509
509
508
508
506
507
508
507
507
507
505
504
504
504
504
427
422
415
408
401
393
322
314
306
300
295
290
285
280
68
67
65
63
62
61
61
60
58
57
56
55
54
52
51
50
49
47
46
45
44
43
42
41
41
39
39
39
38
37
37
37
36
36
35
35
35
35
35
35
35
34
33
33
33
33
33
33
33
33
33
33
33
33
33
33
32
32
32
32
32
31
31
32
32
32
31
31
31
31
31
31
31
31
31
31
32
31
31
31
32
32
32
32
33
33
33
33
34
33
33
33
33
34
34
34
34
34
35
35
35
34
34
34
34
34
34
33
33
33
33
33
33
33
33
33
33
33
32
31
31
31
31
31
31
31
30
29
29
29
29
29
29
29
28
28
28
28
28
28
28
28
27
27
27
27
27
27
27
27
27
27
26
26
26
26
26
26
26
26
26
26
26
26
26
26
26
26
26
26
26
26
26
26
26
26
26
26
26
26
26
26
26
25
25
25
25
25
24
24
24
24
24
24
24
23
23
23
23
23
23
23
23
23
22
22
22
22
22
22
22
22
22
22
21
21
21
21
21
21
21
21
21
1
1
1
1
1
1
1
1
1
1
1
1
1
1
1
1
1
1
1
1
1
1
1
1
1
1
1
1
1
1
1
1
1
1
1
1
1
1
1
1
1
1
1
1
1
1
1
1
1
1
1
1
1
1
1
1
1
1
1
1
1
1
1
1
1
1
1
1
1
1
1
1
1
1
1
1
1
1
1
1
1
1
1
1
1
1
1
1
1
1
1
1
1
1
1
1
1
1
1
1
1
1
1
1
1
1
1
1
1
1
1
1
1
1
1
1
1
1
1
1
1
1
1
1
1
1
1
1
1
1
1
1
1
1
1
1
1
1
1
1
1
1
1
1
1
1
1
1
1
1
1
1
1
1
1
1
1
1
1
1
1
1
1
1
1
1
1
1
1
1
1
1
1
1
1
1
1
1
1
1
1
1
1
1
1
1
1
1
1
1
1
1
1
1
1
1
1
1
1
1
1
1
1
1
1
1
1
1
1
1
1
1
1
1
1
1
1
1
1
1
1
1
1
1
1
1
1
1
1
1
1
1
1
