# Vetor de dados - syn_f000118-1-Pre--front--vetorlinha.txt
# Total de elementos: 768
# Formato: um valor por linha
#==================================================

1
1
1
1
1
1
1
1
1
1
1
1
1
1
1
1
1
1
1
1
1
1
1
1
1
1
1
1
1
1
1
1
1
1
1
1
1
1
1
1
1
1
1
1
1
1
1
1
1
1
1
1
1
1
1
1
1
1
1
1
1
1
1
1
1
1
1
1
1
1
1
1
1
1
1
1
1
1
1
1
1
1
1
1
1
1
1
1
1
1
1
1
1
1
1
1
1
1
1
1
1
1
1
1
1
1
1
1
1
20
24
28
32
36
38
40
42
44
46
48
50
50
52
52
54
55
56
57
58
58
59
60
60
61
62
62
62
62
62
62
62
62
62
62
62
62
62
61
61
63
68
70
70
70
70
70
70
70
68
68
68
66
66
66
64
64
62
61
60
59
55
50
50
50
48
48
48
46
46
45
45
45
44
44
44
44
44
44
45
45
45
44
44
44
44
44
45
45
46
47
48
50
53
57
60
64
66
70
73
77
82
86
92
99
276
312
324
333
344
358
371
412
471
480
488
494
498
501
504
501
494
498
506
510
513
517
520
523
467
468
467
467
471
475
476
481
476
467
462
457
452
437
408
405
400
395
389
269
249
214
159
156
153
150
149
148
147
146
145
144
143
142
141
139
138
137
136
135
134
133
133
132
131
131
131
131
131
131
131
130
130
130
129
129
129
128
128
127
126
126
126
124
124
124
122
122
121
120
119
118
117
116
114
114
112
112
112
112
112
112
112
111
111
111
111
111
111
111
109
109
109
109
109
109
109
108
107
107
107
107
107
107
107
107
107
107
107
107
109
109
110
111
111
113
113
115
115
117
118
119
120
122
123
124
126
126
128
129
130
131
132
133
133
135
135
135
136
136
136
137
138
138
138
138
138
138
138
138
138
138
138
138
138
138
138
138
138
138
138
138
138
138
138
138
138
138
138
138
139
139
139
139
140
140
140
141
141
141
142
142
143
143
144
144
145
145
145
146
147
147
147
147
147
148
148
148
149
149
149
149
149
149
149
149
149
149
149
149
149
149
148
148
148
148
148
147
147
147
147
147
146
145
145
145
145
145
145
143
143
143
143
143
143
142
141
141
141
141
141
139
139
139
138
137
136
135
135
134
133
133
132
131
131
130
129
129
129
129
128
127
127
127
126
126
125
125
125
124
124
123
123
122
122
122
121
121
120
120
119
118
118
118
117
116
116
116
116
116
115
114
114
114
114
114
114
114
114
113
113
113
113
113
112
112
112
112
112
112
112
112
112
112
112
112
112
112
113
113
113
114
114
115
115
115
117
117
117
117
117
117
119
119
119
119
119
120
121
121
121
121
121
121
121
121
121
121
122
122
122
122
122
121
121
121
121
121
121
121
121
120
120
119
119
119
119
118
117
117
117
117
116
115
115
115
115
114
113
113
113
112
111
111
111
110
110
109
109
109
108
107
107
107
106
105
105
104
104
103
103
102
102
102
101
100
100
100
99
98
98
98
98
97
96
96
96
96
96
95
95
95
94
94
94
94
94
94
94
94
95
95
95
95
95
95
96
96
96
97
97
97
97
99
99
99
100
101
101
103
103
104
105
106
107
107
109
109
111
111
112
113
114
115
115
115
115
115
115
115
113
112
110
109
107
105
102
100
96
47
46
1
1
1
1
1
1
1
1
1
1
1
1
1
1
1
1
1
1
1
1
1
1
1
1
1
1
1
1
1
1
1
1
1
1
1
1
1
1
1
1
1
1
1
1
1
1
1
1
1
