# Vetor de dados - syn_f002727-1-Pre--front--vetorlinha.txt
# Total de elementos: 768
# Formato: um valor por linha
#==================================================

1
1
1
1
1
1
1
1
1
1
1
1
1
1
1
1
1
1
1
1
1
1
1
1
1
1
1
1
1
1
1
1
1
1
1
1
1
1
1
1
1
1
1
1
1
1
1
1
1
1
1
1
1
1
1
1
1
1
1
1
1
1
1
1
1
1
1
1
1
1
1
1
1
1
1
1
1
1
1
1
1
1
1
1
1
1
1
1
1
1
1
1
1
1
1
1
1
1
1
1
1
1
1
1
1
1
1
1
1
1
1
1
1
1
1
1
1
1
1
1
18
24
28
32
36
38
40
43
44
46
48
49
51
51
53
54
55
57
57
58
59
59
60
60
61
61
61
61
62
62
62
61
61
61
61
61
61
60
61
63
67
68
68
68
67
67
67
67
65
65
65
63
63
62
61
59
59
57
55
53
52
51
51
50
50
49
48
48
46
46
44
42
41
41
41
41
41
41
39
39
39
39
39
39
39
39
39
40
42
45
48
51
54
58
61
69
73
93
102
112
129
155
164
172
179
187
200
219
299
311
323
369
381
397
410
426
439
449
459
469
480
494
507
523
534
549
552
556
558
562
566
569
558
563
571
579
579
579
400
389
384
357
357
150
148
146
143
142
141
139
137
136
135
133
131
129
127
125
123
121
119
117
117
115
114
113
112
111
110
110
109
108
108
106
106
105
103
103
103
101
101
100
100
100
100
99
98
98
97
96
96
96
95
94
94
94
94
94
94
94
93
93
93
93
93
93
92
92
91
91
91
91
91
90
89
89
89
88
88
88
87
86
86
86
85
84
84
84
84
84
84
85
86
86
87
88
89
89
90
91
91
92
92
93
94
95
95
97
98
98
100
100
102
103
104
105
106
106
108
108
109
110
110
111
112
112
112
112
114
114
114
114
115
115
116
116
116
116
117
117
117
118
119
119
119
119
119
120
121
121
121
121
121
121
122
123
123
123
124
125
125
125
126
126
127
127
127
127
127
127
127
128
129
129
129
129
129
129
129
129
129
129
130
130
130
130
130
130
130
129
129
129
128
128
128
128
128
128
128
128
128
127
127
127
127
127
127
127
127
126
125
125
125
125
125
124
124
123
122
122
121
120
120
120
119
118
118
118
116
116
116
115
114
114
114
112
112
112
110
110
110
108
108
108
106
106
106
106
104
104
104
104
103
103
102
102
101
101
101
101
101
101
101
101
100
100
100
99
99
99
99
99
99
99
99
99
99
98
98
98
98
98
98
98
98
98
98
98
98
100
100
100
100
100
101
102
102
102
102
104
104
104
104
105
105
106
106
106
107
107
107
107
107
107
107
107
107
108
108
108
109
108
108
108
107
107
107
107
107
107
107
107
106
105
105
105
105
105
103
103
103
103
103
103
102
101
101
101
101
100
99
99
99
99
98
97
97
97
96
96
95
95
95
94
94
93
93
92
92
91
91
90
90
89
89
88
88
87
87
86
86
85
84
84
84
83
82
82
82
82
82
82
82
82
82
83
83
83
83
83
84
84
84
84
84
83
83
84
84
84
86
86
87
88
89
89
90
90
91
92
93
95
97
97
98
99
100
100
100
101
101
101
101
101
100
101
101
101
103
103
102
101
98
95
94
90
43
1
1
1
1
1
1
1
1
1
1
1
1
1
1
1
1
1
1
1
1
1
1
1
1
1
1
1
1
1
1
1
1
1
1
1
1
1
1
1
1
1
1
1
1
1
1
1
1
1
1
1
1
1
1
1
1
1
1
1
1
1
