# Vetor de dados - syn_f002835-2-Pre--front--vetorlinha.txt
# Total de elementos: 768
# Formato: um valor por linha
#==================================================

1
1
1
1
1
1
1
1
1
1
1
1
1
1
1
1
1
1
1
1
1
1
1
1
1
1
1
1
1
1
1
1
1
1
1
1
1
1
1
1
1
1
1
1
1
1
1
1
1
1
1
1
1
1
1
1
1
1
1
1
1
1
1
1
1
1
1
1
1
1
1
1
1
1
1
1
1
1
1
1
1
1
1
1
1
1
1
1
1
1
1
1
1
1
1
1
1
1
1
1
1
1
1
1
1
1
1
1
1
1
1
1
1
1
1
1
1
1
1
1
1
1
1
1
1
1
1
17
24
28
31
35
37
39
41
43
46
47
48
50
51
52
54
54
56
56
57
58
58
59
60
60
60
60
61
61
61
61
61
61
61
60
60
60
60
64
67
69
69
69
69
69
68
67
67
67
66
66
65
64
63
61
61
61
59
55
52
52
50
50
50
50
48
48
48
48
46
46
46
46
46
46
46
45
45
45
46
46
47
49
52
55
57
60
62
65
73
77
87
102
111
119
142
154
165
266
294
323
384
394
405
415
426
439
451
473
496
508
511
514
518
522
525
525
513
518
534
542
553
553
551
477
471
464
455
427
421
413
383
375
366
255
162
157
153
151
148
146
144
143
142
140
139
138
137
136
135
133
132
130
128
125
125
123
122
120
119
118
117
116
115
113
113
111
111
109
109
109
107
107
106
106
106
104
104
104
103
102
102
101
100
99
98
98
97
97
97
97
97
97
97
97
97
97
98
98
98
98
97
96
96
96
96
96
95
94
94
93
93
92
91
91
89
89
88
87
87
86
86
87
88
90
92
93
94
96
98
100
101
102
103
104
106
106
107
108
109
109
111
111
111
113
113
115
115
115
116
117
117
117
118
118
119
120
120
120
120
121
122
122
122
122
122
122
122
123
123
123
123
123
123
123
123
124
125
125
125
125
125
126
127
127
128
128
129
130
130
130
131
132
132
133
134
134
134
135
135
136
136
136
137
137
138
138
138
139
139
139
138
138
138
138
138
138
138
138
138
138
137
137
137
137
136
136
136
136
136
136
135
135
134
134
134
134
134
134
133
133
132
132
132
132
132
130
130
130
130
129
128
128
127
126
126
126
124
124
124
122
122
122
120
120
120
119
118
118
116
116
115
114
114
112
112
112
111
110
110
110
109
108
108
108
107
106
106
106
105
105
105
104
104
104
104
103
103
103
103
103
102
102
102
102
102
102
102
102
102
102
101
101
101
101
101
100
100
100
100
101
101
102
102
102
102
103
103
104
104
105
105
105
106
106
107
107
108
108
109
109
109
110
110
110
111
111
111
111
112
112
112
112
112
112
112
112
112
112
112
112
111
111
111
111
110
110
110
110
109
108
108
108
108
108
107
106
106
106
106
104
104
104
104
103
102
102
102
101
101
100
100
100
99
98
98
98
98
96
96
96
96
96
95
94
94
94
93
93
93
92
92
91
91
90
90
90
89
89
89
89
89
90
90
90
90
90
90
90
91
91
92
92
92
92
92
92
91
92
91
91
92
93
93
94
94
95
96
96
98
98
100
101
102
103
105
105
107
107
108
109
110
111
112
111
110
110
110
110
108
106
102
101
98
94
91
44
1
1
1
1
1
1
1
1
1
1
1
1
1
1
1
1
1
1
1
1
1
1
1
1
1
1
1
1
1
1
1
1
1
1
1
1
1
1
1
1
1
1
1
1
1
1
1
1
1
1
1
1
1
1
1
1
1
1
1
1
1
1
1
1
