# Vetor de dados - syn_f003774-3-Pre--front--vetorlinha.txt
# Total de elementos: 768
# Formato: um valor por linha
#==================================================

1
1
1
1
1
1
1
1
1
1
1
1
1
1
1
1
1
1
1
1
1
1
1
1
1
1
1
1
1
1
1
1
1
1
1
1
1
1
1
1
1
1
1
1
1
1
1
1
1
1
1
1
1
1
1
1
1
1
1
1
1
1
1
1
1
1
1
1
1
1
1
1
1
1
1
1
1
1
1
1
1
1
1
1
1
1
1
1
1
1
1
1
1
1
1
1
1
1
1
1
1
1
1
1
1
1
1
1
1
1
1
1
1
1
1
1
1
1
1
1
1
1
1
16
23
27
30
34
37
39
41
43
45
47
48
49
51
51
53
53
55
55
57
57
57
59
59
59
59
59
60
60
60
60
60
60
60
59
59
59
59
61
66
66
67
67
67
66
66
66
66
64
64
64
64
62
61
60
58
58
57
54
50
49
49
49
48
48
47
46
45
45
44
44
44
43
43
43
43
42
42
42
42
43
44
51
57
61
65
69
231
243
259
314
327
425
442
459
487
511
518
527
532
535
539
541
539
535
550
570
571
570
570
570
568
501
484
472
470
467
463
459
454
450
378
366
357
347
335
319
299
284
266
247
225
209
164
159
156
153
152
150
149
148
147
147
145
145
144
143
142
142
140
140
138
137
136
135
133
133
132
131
130
129
128
128
127
125
125
123
123
122
121
119
119
117
115
115
113
112
110
108
106
105
104
104
104
104
104
105
105
105
106
106
106
106
106
105
105
105
104
104
103
103
103
103
101
101
101
100
99
98
97
97
95
95
95
94
94
94
96
96
97
98
100
101
102
103
105
107
109
109
111
113
115
116
118
120
120
122
123
124
125
126
127
127
129
129
129
129
131
131
131
131
131
131
132
133
133
133
133
133
133
134
134
134
134
134
135
135
136
137
137
138
138
139
140
140
141
142
142
143
144
145
146
146
147
148
148
150
150
152
152
152
152
152
153
154
154
154
154
155
155
156
156
156
156
156
156
156
156
156
156
156
156
156
156
156
156
156
156
156
156
156
156
156
154
154
154
154
154
153
153
153
153
153
152
151
151
151
151
149
149
149
149
149
148
147
146
146
145
144
144
143
142
142
141
140
140
138
138
138
136
136
135
134
134
133
132
132
132
131
130
129
129
128
127
127
127
127
125
125
125
124
123
123
123
122
122
121
121
121
120
120
120
120
119
118
118
118
118
118
118
118
118
117
117
117
117
117
116
116
115
115
115
115
115
115
115
115
115
115
116
116
117
117
117
118
118
118
119
120
120
120
121
121
122
122
122
123
123
123
123
124
125
125
125
125
125
125
125
125
125
125
125
125
126
126
125
125
125
125
124
124
124
124
124
124
123
122
122
122
121
120
120
120
119
118
118
118
117
116
116
116
115
114
114
113
112
112
111
111
110
110
109
109
108
108
108
107
106
106
106
105
104
104
104
104
103
102
102
102
102
101
101
100
100
100
100
100
99
98
98
98
98
98
98
98
98
98
98
98
98
98
98
98
99
100
100
100
99
100
100
100
100
100
100
100
100
100
100
102
102
102
104
104
104
106
106
107
108
108
110
111
112
113
114
115
116
117
117
118
118
119
119
120
120
120
120
120
119
117
115
115
114
112
106
44
37
1
1
1
1
1
1
1
1
1
1
1
1
1
1
1
1
1
1
1
1
1
1
1
1
1
1
1
1
1
1
1
1
1
1
1
1
1
1
1
1
1
1
1
1
1
1
1
1
1
1
1
1
1
1
1
1
1
1
1
