# Vetor de dados - syn_f004608-1-Pre--front--vetorcoluna.txt
# Total de elementos: 1024
# Formato: um valor por linha
#==================================================

1
1
1
1
1
1
1
1
1
1
1
1
1
1
1
1
1
1
1
1
1
1
1
1
1
1
1
1
1
1
1
1
1
1
1
1
1
1
1
1
1
1
1
1
1
1
1
1
1
1
1
1
1
1
1
1
1
1
1
1
1
1
1
1
1
1
1
1
1
1
1
1
1
1
1
1
1
1
1
1
1
1
1
1
1
1
1
1
1
1
1
1
1
1
1
1
1
1
1
1
1
1
1
1
1
1
1
1
1
1
1
1
1
1
1
1
1
1
1
1
1
1
1
1
1
1
1
1
1
1
1
1
1
1
1
1
1
1
1
1
1
1
1
1
1
1
1
1
1
1
1
1
1
1
1
1
1
1
1
1
1
1
1
1
1
1
1
1
1
1
1
1
1
1
1
1
1
1
1
1
1
1
1
1
1
1
1
1
1
1
1
1
1
1
1
1
1
1
1
1
1
1
1
1
1
1
1
1
1
1
1
1
1
1
1
1
1
1
1
1
1
1
1
1
1
1
1
1
1
1
1
13
13
13
13
13
15
18
18
20
18
18
18
20
20
19
19
19
18
18
20
19
18
18
18
18
18
20
20
20
19
19
21
20
20
19
19
20
20
19
18
18
19
19
19
19
19
19
19
19
19
19
19
19
20
20
20
20
20
20
20
20
20
20
21
21
21
21
22
23
23
23
23
23
24
24
24
25
25
25
26
26
26
27
27
27
28
28
28
28
29
29
30
30
30
30
30
31
31
32
32
32
32
32
32
33
34
34
34
34
34
34
34
35
35
35
35
35
35
35
35
36
36
36
36
36
36
35
35
35
34
34
34
33
33
33
33
33
33
32
32
32
32
32
31
31
31
31
31
31
31
32
32
32
32
32
33
33
33
33
34
34
34
34
34
34
34
34
36
36
36
36
36
36
36
36
36
36
36
36
36
36
36
36
36
37
37
37
37
37
37
37
38
38
38
38
38
39
39
39
39
40
40
41
41
41
42
42
43
43
44
44
46
48
50
51
53
55
56
57
58
59
59
297
300
303
306
405
409
412
415
419
421
424
427
497
498
498
498
497
498
499
499
500
499
499
498
498
499
500
501
502
502
503
504
503
502
500
430
427
499
496
492
487
482
476
470
448
441
437
434
430
427
419
403
394
377
367
355
345
337
336
342
353
362
368
377
386
395
412
420
426
429
433
435
439
455
469
475
479
484
489
495
499
426
431
433
495
498
500
501
502
502
501
500
499
499
497
497
498
498
499
499
499
498
497
497
497
495
495
424
421
417
414
410
407
403
399
305
300
56
55
54
53
51
50
49
48
46
45
44
44
44
42
42
42
42
41
40
40
40
39
39
39
39
38
38
38
38
37
37
37
37
37
37
36
36
36
36
36
36
36
36
36
36
36
36
36
36
36
35
35
35
35
35
35
35
35
35
35
35
34
34
34
33
33
33
32
32
32
32
32
32
32
31
31
31
31
31
31
31
31
31
32
32
32
32
32
32
33
33
33
33
34
35
35
35
35
35
35
35
35
35
35
35
35
35
35
35
35
35
35
34
34
34
34
34
34
33
33
33
33
32
32
32
32
31
31
31
30
29
29
29
29
28
28
28
28
27
27
27
26
25
25
25
25
24
24
24
24
23
22
22
22
22
21
21
21
21
19
19
19
19
19
20
18
18
17
17
17
17
17
17
17
17
16
16
16
16
17
17
18
17
18
19
20
18
19
19
20
20
19
19
20
20
18
18
18
19
18
18
18
18
19
19
18
19
19
20
20
19
19
19
19
19
18
17
16
12
12
12
12
12
12
12
12
12
12
12
12
12
12
12
12
12
12
12
12
10
1
1
1
1
1
1
1
1
1
1
1
1
1
1
1
1
1
1
1
1
1
1
1
1
1
1
1
1
1
1
1
1
1
1
1
1
1
1
1
1
1
1
1
1
1
1
1
1
1
1
1
1
1
1
1
1
1
1
1
1
1
1
1
1
1
1
1
1
1
1
1
1
1
1
1
1
1
1
1
1
1
1
1
1
1
1
1
1
1
1
1
1
1
1
1
1
1
1
1
1
1
1
1
1
1
1
1
1
1
1
1
1
1
1
1
1
1
1
1
1
1
1
1
1
1
1
1
1
1
1
1
1
1
1
1
1
1
1
1
1
1
1
1
1
1
1
1
1
1
1
1
1
1
1
1
1
1
1
1
1
1
1
1
1
1
1
1
1
1
1
1
1
1
1
1
1
1
1
1
1
1
1
1
1
1
1
1
1
1
1
1
1
1
1
1
1
1
1
1
1
1
1
1
1
1
1
1
1
1
1
1
1
1
1
1
