# Vetor de dados - syn_f002399-2-Pre--left--vetorcoluna.txt
# Total de elementos: 1024
# Formato: um valor por linha
#==================================================

1
1
1
1
1
1
1
1
1
1
1
1
1
1
1
1
1
1
1
1
1
1
1
1
1
1
1
1
1
1
1
1
1
1
1
1
1
1
1
1
1
1
1
1
1
1
1
1
1
1
1
1
1
1
1
1
1
1
1
1
1
1
1
1
1
1
1
1
1
1
1
1
1
1
1
1
1
1
1
1
1
1
1
1
1
1
1
1
1
1
1
1
1
1
1
1
1
1
1
1
1
1
1
1
1
1
1
1
1
1
1
1
1
1
1
1
1
1
1
1
1
1
1
1
1
1
1
1
1
1
1
1
1
1
1
1
1
1
1
1
1
1
1
1
1
1
1
1
1
1
1
1
1
1
1
1
1
1
1
1
1
1
1
1
1
1
1
1
1
1
1
1
1
1
1
1
1
1
1
1
1
1
1
1
1
1
1
1
1
1
1
1
1
1
1
1
1
1
1
1
1
1
1
1
1
1
1
1
1
1
1
1
1
1
1
1
1
1
1
1
1
1
1
1
1
1
1
1
1
1
1
1
1
1
1
1
1
1
1
1
1
1
1
1
1
1
1
1
1
1
1
1
1
1
1
1
1
12
13
13
14
14
14
16
16
16
16
16
16
16
16
16
16
16
16
17
17
17
18
18
17
17
17
17
17
17
17
17
16
16
16
16
16
16
15
17
17
17
18
19
19
19
20
20
20
19
21
21
21
20
20
21
21
21
22
22
22
22
23
23
23
24
24
24
24
23
24
24
23
24
23
23
23
23
24
24
24
24
24
24
25
25
25
25
25
26
27
27
27
27
27
28
28
28
28
28
28
30
30
30
30
30
31
31
32
32
32
33
33
33
33
34
35
35
35
36
36
36
36
36
37
37
38
38
39
39
39
39
38
39
39
39
39
39
40
40
40
40
40
41
41
41
41
41
42
42
42
42
42
42
42
42
43
43
43
43
43
43
43
43
43
43
42
42
41
41
41
41
41
40
40
40
39
39
39
39
39
39
38
38
38
38
38
38
39
39
38
38
38
38
38
38
39
39
39
39
39
39
39
40
40
40
40
40
40
211
213
214
251
258
263
268
274
278
283
286
290
293
297
301
399
404
410
414
418
422
425
429
432
437
444
455
458
461
464
467
469
470
473
475
478
479
481
484
485
487
489
491
494
501
507
513
636
636
636
636
636
636
635
635
635
635
633
633
633
633
633
632
632
632
631
630
630
630
629
629
628
628
627
625
625
624
623
622
620
618
616
613
610
345
256
252
249
246
244
241
239
236
233
103
97
92
86
81
74
65
55
45
35
23
16
1
1
1
1
1
1
1
1
1
1
1
1
1
1
1
1
1
1
1
1
1
1
1
1
1
1
1
1
1
1
1
1
1
1
1
1
1
1
1
1
1
1
1
1
1
1
1
1
1
1
1
1
1
1
1
1
1
1
1
1
1
1
1
1
1
1
1
1
1
1
1
1
1
1
1
1
1
1
1
1
1
1
1
1
1
1
1
1
1
1
1
1
1
1
1
1
1
1
1
1
1
1
1
1
1
1
1
1
1
1
1
1
1
1
1
1
1
1
1
1
1
1
1
1
1
1
1
1
1
1
1
1
1
1
1
1
1
1
1
1
1
1
1
1
1
1
1
1
1
1
1
1
1
1
1
1
1
1
1
1
1
1
1
1
1
1
1
1
1
1
1
1
1
1
1
1
1
1
1
1
1
1
1
1
1
1
1
1
1
1
1
1
1
1
1
1
1
1
1
1
1
1
1
1
1
1
1
1
1
1
1
1
1
1
1
1
1
1
1
1
1
1
1
1
1
1
1
1
1
1
1
1
1
1
1
1
1
1
1
1
1
1
1
1
1
1
1
1
1
1
1
1
1
1
1
1
1
1
1
1
1
1
1
1
1
1
1
1
1
1
1
1
1
1
1
1
1
1
1
1
1
1
1
1
1
1
1
1
1
1
1
1
1
1
1
1
1
1
1
1
1
1
1
1
1
1
1
1
1
1
1
1
1
1
1
1
1
1
1
1
1
1
1
1
1
1
1
1
1
1
1
1
1
1
1
1
1
1
1
1
1
1
1
1
1
1
1
1
1
1
1
1
1
1
1
1
1
1
1
1
1
1
1
1
1
1
1
1
1
1
1
1
1
1
1
1
1
1
1
1
1
1
1
1
1
1
1
1
1
1
1
1
1
1
1
1
1
1
1
1
1
1
1
1
1
1
1
1
1
1
1
1
1
1
1
1
1
1
1
1
1
1
1
1
1
1
1
1
1
1
1
1
1
1
1
1
1
1
1
1
1
1
1
1
1
1
1
1
1
1
1
1
1
