# Vetor de dados - syn_f004520-1-Pre--front--vetorcoluna.txt
# Total de elementos: 1024
# Formato: um valor por linha
#==================================================

1
1
1
1
1
1
1
1
1
1
1
1
1
1
1
1
1
1
1
1
1
1
1
1
1
1
1
1
1
1
1
1
1
1
1
1
1
1
1
1
1
1
1
1
1
1
1
1
1
1
1
1
1
1
1
1
1
1
1
1
1
1
1
1
1
1
1
1
1
1
1
1
1
1
1
1
1
1
1
1
1
1
1
1
1
1
1
1
1
1
1
1
1
1
1
1
1
1
1
1
1
1
1
1
1
1
1
1
1
1
1
1
1
1
1
1
1
1
1
1
1
1
1
1
1
1
1
1
1
1
1
1
1
1
1
1
1
1
1
1
1
1
1
1
1
1
1
1
1
1
1
1
1
1
1
1
1
1
1
1
1
1
1
1
1
1
1
1
1
1
1
1
1
1
1
1
1
1
1
1
1
1
1
1
1
1
1
1
1
1
1
1
1
1
1
1
1
1
1
1
1
1
1
1
1
1
1
1
1
1
1
1
1
1
1
1
1
1
1
1
1
1
1
1
1
1
1
1
1
1
1
1
1
1
1
1
1
1
1
1
1
1
1
1
1
1
1
14
16
17
18
18
18
18
18
18
18
18
17
17
18
18
18
18
18
18
18
20
20
20
19
19
21
21
20
20
21
21
20
19
20
20
19
20
20
20
20
20
21
22
22
22
22
22
23
23
23
23
23
23
23
24
24
24
24
24
24
25
25
25
25
25
26
26
26
27
27
28
28
28
28
28
29
29
29
29
29
29
30
30
30
30
30
32
32
32
32
32
33
33
33
33
34
34
34
34
34
34
35
35
35
35
36
36
36
36
36
36
35
35
35
35
35
35
35
34
34
34
34
34
34
33
33
33
33
33
33
33
34
33
33
33
33
33
33
33
33
33
34
34
34
34
34
34
34
34
35
35
35
35
35
35
35
35
35
35
35
35
36
36
36
36
36
36
36
36
36
36
36
37
37
37
37
37
37
38
39
39
39
39
39
40
40
41
41
42
43
45
47
49
51
53
54
56
58
59
59
61
65
71
76
78
82
83
84
86
257
261
265
268
272
276
280
285
290
377
382
386
391
396
401
467
468
470
470
470
470
472
472
472
472
472
472
473
475
477
478
479
480
547
547
548
512
481
475
472
468
465
462
458
412
407
404
397
391
374
361
356
351
347
342
338
341
346
350
357
367
376
384
394
399
404
408
412
455
459
463
465
468
471
476
550
552
552
551
551
550
548
479
477
476
475
476
476
475
475
474
473
473
473
473
471
470
470
407
401
396
391
387
383
378
285
279
275
271
268
264
261
85
83
82
78
73
67
63
60
58
56
54
53
51
49
47
45
44
43
41
41
41
40
40
40
40
40
38
38
38
38
37
37
37
37
37
37
37
37
36
36
37
37
36
36
36
36
36
35
35
35
35
35
34
34
34
34
34
35
35
35
34
34
34
34
34
34
34
34
34
34
34
34
34
34
34
34
34
35
35
35
35
35
35
35
35
35
35
36
36
36
36
37
37
37
37
37
37
36
36
36
35
35
35
35
35
35
35
35
35
35
34
34
34
34
34
34
34
33
33
33
33
33
31
31
31
31
30
30
30
30
29
29
29
29
28
27
27
27
27
26
26
26
26
26
25
25
24
24
24
24
24
23
23
23
23
23
22
21
21
21
21
20
20
20
19
19
20
20
20
21
21
22
22
23
23
24
24
24
24
24
25
25
25
25
25
25
25
25
26
26
26
27
27
27
28
28
28
28
28
28
28
28
28
27
21
21
21
21
21
21
21
21
21
21
1
1
1
1
1
1
1
1
1
1
1
1
1
1
1
1
1
1
1
1
1
1
1
1
1
1
1
1
1
1
1
1
1
1
1
1
1
1
1
1
1
1
1
1
1
1
1
1
1
1
1
1
1
1
1
1
1
1
1
1
1
1
1
1
1
1
1
1
1
1
1
1
1
1
1
1
1
1
1
1
1
1
1
1
1
1
1
1
1
1
1
1
1
1
1
1
1
1
1
1
1
1
1
1
1
1
1
1
1
1
1
1
1
1
1
1
1
1
1
1
1
1
1
1
1
1
1
1
1
1
1
1
1
1
1
1
1
1
1
1
1
1
1
1
1
1
1
1
1
1
1
1
1
1
1
1
1
1
1
1
1
1
1
1
1
1
1
1
1
1
1
1
1
1
1
1
1
1
1
1
1
1
1
1
1
1
1
1
1
1
1
1
1
1
1
1
1
1
1
1
1
1
1
1
1
1
1
1
1
1
1
1
1
1
1
1
1
1
1
1
1
1
1
1
1
1
1
1
1
1
1
1
1
1
1
1
1
1
1
1
1
1
