# Vetor de dados - syn_f000946-3-Pre--left--vetorlinha.txt
# Total de elementos: 768
# Formato: um valor por linha
#==================================================

1
1
1
1
1
1
1
1
1
1
1
1
1
1
1
1
1
1
1
1
1
1
1
1
1
1
1
1
1
1
1
1
1
1
1
1
1
1
1
1
1
1
1
1
1
1
1
1
1
1
1
1
1
1
1
1
1
1
1
1
1
1
1
1
1
1
1
1
1
1
1
1
1
1
1
1
1
1
1
1
1
1
1
1
1
1
1
1
1
1
1
1
1
1
1
1
1
1
1
1
1
1
1
1
1
1
1
1
1
1
1
1
1
1
1
1
1
1
1
1
1
9
23
30
36
40
44
47
50
52
55
57
59
61
63
65
67
68
69
70
71
72
73
74
74
76
76
76
76
77
78
78
78
78
78
78
78
78
78
78
79
79
79
79
80
81
80
81
82
83
83
83
83
82
82
80
79
76
75
74
73
73
72
71
70
70
69
69
68
68
66
66
65
65
65
65
65
65
64
65
64
63
62
60
59
57
54
52
52
51
51
51
50
51
51
51
52
53
54
54
55
56
57
57
58
58
177
189
211
220
227
233
242
253
263
283
298
299
298
298
297
296
293
292
288
283
282
280
262
259
250
214
210
205
201
196
191
187
183
178
170
163
157
146
117
112
105
93
92
93
93
93
94
94
94
95
95
96
96
97
96
96
97
97
97
98
98
97
98
98
97
97
97
97
96
96
97
97
95
95
95
94
94
94
94
93
93
94
94
93
94
94
95
95
94
95
95
96
96
95
95
95
94
94
94
93
93
92
92
92
92
92
91
91
90
90
88
88
87
87
87
87
86
87
87
86
86
86
85
85
84
84
85
87
87
88
89
89
90
90
91
92
92
93
94
94
95
96
97
98
99
99
101
101
102
102
104
104
104
105
106
106
106
106
108
108
108
109
109
110
110
110
110
111
111
111
111
112
112
112
112
112
112
112
112
112
112
112
112
112
111
110
110
110
110
108
108
107
106
105
105
104
102
101
99
97
97
96
96
95
94
94
94
93
93
92
91
91
90
89
88
88
87
87
87
87
86
86
86
86
86
86
86
86
86
87
87
86
86
86
86
87
87
87
87
87
86
86
86
86
86
86
86
86
85
85
85
85
85
85
83
83
83
83
83
83
82
81
81
80
80
80
79
79
79
79
78
77
77
76
76
76
76
75
75
75
74
73
73
71
71
71
70
70
69
68
68
66
66
66
65
65
64
64
63
63
63
62
62
61
61
60
60
59
60
59
59
59
59
58
59
59
59
59
59
59
59
59
59
59
59
58
58
58
57
58
57
57
57
57
56
56
56
55
54
54
54
54
53
53
53
53
53
53
53
53
53
53
53
53
53
53
53
53
52
52
52
52
53
53
53
53
54
54
54
54
54
53
53
53
53
53
53
53
53
53
53
52
52
51
51
51
51
50
50
49
49
48
48
48
48
46
46
46
45
45
44
44
43
42
42
42
41
41
40
39
39
39
39
38
38
38
38
36
36
36
36
36
37
37
38
38
40
40
42
44
45
48
49
53
55
57
61
65
69
73
74
77
77
79
80
81
82
81
80
80
80
81
79
65
45
47
49
51
54
58
61
65
69
72
75
77
80
82
85
87
88
90
91
89
88
86
83
81
77
70
62
57
52
46
43
38
28
1
1
1
1
1
1
1
1
1
1
1
1
1
1
1
1
1
1
1
1
1
1
1
1
1
1
1
1
1
1
1
1
1
1
1
1
1
1
1
1
1
1
1
1
1
1
1
1
1
1
1
1
1
1
1
