# Vetor de dados - syn_f003040-3-Pre--front--vetorlinha.txt
# Total de elementos: 768
# Formato: um valor por linha
#==================================================

1
1
1
1
1
1
1
1
1
1
1
1
1
1
1
1
1
1
1
1
1
1
1
1
1
1
1
1
1
1
1
1
1
1
1
1
1
1
1
1
1
1
1
1
1
1
1
1
1
1
1
1
1
1
1
1
1
1
1
1
1
1
1
1
1
1
1
1
1
1
1
1
1
1
1
1
1
1
1
1
1
1
1
1
1
1
1
1
1
1
1
1
1
1
1
1
1
1
1
1
1
1
1
1
1
1
1
1
1
1
1
20
25
29
33
37
39
41
43
45
47
49
51
52
53
54
56
57
58
59
60
60
62
62
62
64
64
64
64
64
64
64
64
64
64
64
64
64
64
64
64
66
71
72
73
73
72
72
72
72
71
70
70
70
68
68
68
66
65
64
63
61
58
54
53
53
53
53
51
51
51
49
49
48
47
47
46
46
46
46
46
46
46
47
47
47
49
50
50
53
55
58
62
65
69
72
76
79
83
107
127
136
159
170
181
193
213
224
233
243
288
308
325
341
353
364
410
426
445
461
468
475
481
489
496
506
516
529
538
549
562
572
584
587
590
594
598
601
603
588
595
602
613
615
615
514
501
415
410
406
381
380
380
181
175
174
171
169
167
166
164
163
161
160
159
157
157
155
154
152
151
150
148
146
145
143
142
141
140
139
139
137
137
135
135
133
133
131
131
129
129
128
127
126
125
125
123
123
121
121
119
119
119
117
117
117
117
117
119
119
119
119
119
119
119
119
119
118
118
118
118
118
117
117
117
117
117
117
115
115
115
114
113
113
111
111
110
109
109
108
108
109
109
109
111
112
113
115
116
118
119
121
123
124
125
127
128
129
131
131
133
133
134
135
135
135
136
136
137
137
137
137
137
137
137
137
137
137
137
137
137
136
136
136
136
137
137
137
138
138
138
138
138
138
138
138
138
138
138
139
139
140
140
141
141
142
143
143
144
145
145
145
146
146
147
147
147
148
148
149
149
149
150
150
150
150
151
151
151
151
151
151
151
151
151
151
151
151
151
151
152
152
152
152
152
152
152
151
151
151
151
151
151
151
151
150
150
149
149
149
149
148
148
147
147
147
147
146
145
145
144
143
143
142
141
141
141
140
139
139
139
137
137
136
136
135
134
134
133
132
131
130
129
129
127
127
126
125
125
123
123
123
121
121
121
119
119
119
119
118
117
117
117
117
117
117
116
116
116
116
116
115
115
115
115
115
115
115
115
115
115
115
114
113
113
113
113
114
114
115
115
115
115
115
116
116
117
117
118
118
119
119
119
120
121
121
121
121
122
123
123
123
123
123
125
125
125
125
125
125
125
125
125
125
125
125
125
125
125
125
125
125
125
125
125
124
124
123
123
123
123
122
122
121
121
120
120
120
119
118
118
118
117
116
116
115
114
114
114
112
112
112
111
110
110
109
108
108
108
107
106
106
106
105
104
104
104
103
103
102
102
101
100
100
100
100
99
98
98
98
98
97
97
97
96
96
96
96
96
96
96
95
96
97
97
98
99
99
100
101
102
102
102
101
101
101
101
101
100
100
100
102
102
102
103
103
104
104
104
106
106
108
109
110
111
112
113
114
115
115
117
118
119
120
121
121
121
119
120
119
119
118
117
114
113
109
105
102
98
43
1
1
1
1
1
1
1
1
1
1
1
1
1
1
1
1
1
1
1
1
1
1
1
1
1
1
1
1
1
1
1
1
1
1
1
1
1
1
1
1
1
1
1
1
1
1
1
1
