# Vetor de dados - syn_f002446-3-Pre--left--vetorlinha.txt
# Total de elementos: 768
# Formato: um valor por linha
#==================================================

1
1
1
1
1
1
1
1
1
1
1
1
1
1
1
1
1
1
1
1
1
1
1
1
1
1
1
1
1
1
1
1
1
1
1
1
1
1
1
1
1
1
1
1
1
1
1
1
1
1
1
1
1
1
1
1
1
1
1
1
1
1
1
1
1
1
1
1
1
1
1
1
1
1
1
1
1
1
1
1
1
1
1
1
1
1
1
1
1
1
1
1
1
1
1
1
1
1
1
1
1
1
1
1
1
1
1
1
1
1
1
1
1
1
1
1
17
25
32
36
41
44
47
50
53
55
57
58
60
61
63
65
66
67
68
69
70
70
71
72
73
73
74
74
74
74
74
75
75
75
75
75
76
76
76
77
78
78
78
78
79
80
79
80
80
80
79
79
76
75
73
72
72
71
70
69
68
67
67
67
66
65
64
64
64
63
63
63
63
64
63
62
61
60
58
56
54
53
51
51
50
50
50
50
49
50
49
50
49
50
50
50
51
50
178
190
204
218
223
230
238
249
258
278
299
299
300
299
299
298
295
294
292
284
283
283
278
262
259
218
215
211
208
204
200
197
193
189
183
177
169
162
158
152
142
125
120
115
110
104
99
99
99
101
101
102
102
103
103
102
103
103
103
103
103
103
103
103
103
103
102
102
102
102
102
102
102
102
102
102
101
100
100
100
100
99
99
98
98
97
97
96
95
95
95
94
94
93
93
93
92
92
92
91
91
91
91
91
91
91
91
91
90
91
91
91
91
90
90
90
90
90
90
89
89
89
89
88
88
88
87
87
87
87
86
86
87
88
88
88
89
91
91
92
93
94
95
96
96
97
98
100
101
102
103
104
105
106
107
108
108
108
109
110
111
111
112
112
112
113
113
113
113
115
114
114
115
115
115
115
115
116
116
115
115
115
115
115
115
114
114
114
114
113
113
112
112
111
111
111
110
109
109
108
108
108
106
106
106
105
105
105
104
105
104
104
104
103
103
103
102
102
101
100
99
98
98
97
96
95
94
94
93
93
93
92
92
92
92
92
92
92
91
91
91
91
91
91
92
92
92
92
92
91
91
91
92
92
92
92
92
91
91
91
91
91
91
90
90
90
90
89
89
89
89
89
88
87
87
87
86
86
85
85
85
84
83
83
82
82
81
80
80
80
79
78
78
77
76
76
75
75
73
73
72
72
71
69
69
68
67
67
66
65
64
63
63
62
61
60
59
59
58
58
57
57
57
58
57
58
57
58
57
58
58
58
58
58
58
59
58
59
58
59
59
58
59
58
59
58
58
58
58
57
57
57
57
56
56
55
55
56
55
55
55
54
53
53
53
53
53
54
54
54
55
55
55
55
55
55
54
55
55
55
55
55
55
55
55
55
54
54
54
54
54
54
54
53
52
52
52
52
52
52
51
50
50
49
49
49
49
47
47
47
46
46
45
44
44
44
43
43
42
42
41
41
41
40
39
39
39
38
38
38
38
38
37
37
38
38
38
38
38
38
39
39
40
41
42
43
46
47
49
52
55
58
61
65
69
74
76
78
82
83
84
87
87
89
88
88
88
88
89
86
46
48
50
52
55
59
62
67
71
76
79
83
87
89
92
94
95
96
95
94
92
90
87
82
74
67
60
56
51
45
43
37
1
1
1
1
1
1
1
1
1
1
1
1
1
1
1
1
1
1
1
1
1
1
1
1
1
1
1
1
1
1
1
1
1
1
1
1
1
1
1
1
1
1
1
1
1
1
1
1
1
1
1
1
