# Vetor de dados - syn_f001500-3-Pre--left--vetorlinha.txt
# Total de elementos: 768
# Formato: um valor por linha
#==================================================

1
1
1
1
1
1
1
1
1
1
1
1
1
1
1
1
1
1
1
1
1
1
1
1
1
1
1
1
1
1
1
1
1
1
1
1
1
1
1
1
1
1
1
1
1
1
1
1
1
1
1
1
1
1
1
1
1
1
1
1
1
1
1
1
1
1
1
1
1
1
1
1
1
1
1
1
1
1
1
1
1
1
1
1
1
1
1
1
1
1
1
1
1
1
1
1
1
1
1
1
1
1
1
5
21
29
34
39
43
47
49
52
55
57
59
61
63
65
66
68
69
70
71
72
73
74
74
76
76
77
77
78
78
78
78
78
78
78
78
79
79
79
79
79
79
79
79
80
80
81
81
82
82
83
83
83
82
82
80
79
76
75
74
73
72
72
71
69
70
69
68
67
66
65
65
65
65
65
65
64
63
62
62
61
59
58
57
57
56
55
55
56
55
56
56
56
56
56
56
57
57
57
58
58
59
59
60
195
227
231
235
241
251
260
282
298
298
299
298
298
296
295
292
285
285
284
277
267
265
255
249
227
224
221
217
214
211
208
204
200
196
192
186
181
175
169
166
159
153
149
144
129
120
112
105
104
105
105
106
108
108
109
108
109
110
110
111
111
112
112
112
112
112
113
113
112
113
113
113
113
112
112
112
112
112
111
111
111
110
110
109
109
108
107
107
106
105
106
106
106
106
105
105
106
106
106
106
106
106
106
106
105
106
105
105
105
105
105
104
103
103
103
102
101
101
101
100
100
101
100
100
100
100
99
99
99
99
98
98
98
98
97
97
98
97
97
97
96
96
96
96
97
97
98
98
99
100
101
101
103
104
104
105
105
107
107
108
109
110
111
112
113
113
114
115
115
116
116
117
117
118
118
119
119
119
120
120
121
121
121
121
121
122
122
122
122
121
121
121
121
121
120
120
120
120
119
119
119
118
117
117
116
116
116
115
114
113
113
111
111
110
108
108
107
105
104
102
102
101
101
101
101
101
100
99
99
99
98
98
97
96
96
95
95
94
92
91
90
90
90
89
89
89
88
88
88
87
87
88
88
88
88
89
89
88
88
88
89
89
89
89
89
89
88
88
88
89
89
89
88
88
88
87
87
86
86
86
86
86
86
85
84
84
84
84
83
82
82
82
82
81
80
80
79
79
77
77
77
76
75
75
74
74
72
72
71
71
69
69
68
68
67
66
65
65
64
63
63
62
62
61
61
60
60
60
59
59
59
59
59
59
59
59
60
59
60
60
60
61
61
61
61
61
61
62
61
60
60
60
60
59
60
59
60
59
59
59
60
59
59
59
59
58
57
57
57
57
56
56
57
56
56
56
56
56
56
56
55
55
55
55
55
55
55
55
55
55
55
55
55
55
56
56
56
57
57
56
56
56
56
56
56
56
56
55
55
55
55
55
55
55
54
54
54
53
53
53
52
51
51
51
51
49
49
49
49
48
47
47
46
46
46
44
44
43
43
42
41
41
41
40
40
40
40
40
40
40
40
40
40
41
42
41
42
43
44
45
46
47
49
51
53
56
57
60
70
73
74
75
77
78
79
81
81
82
83
84
84
85
86
86
85
86
86
85
48
49
52
54
56
59
63
66
69
73
76
79
82
84
85
87
88
89
89
88
87
85
84
83
79
72
62
56
51
47
40
38
32
1
1
1
1
1
1
1
1
1
1
1
1
1
1
1
1
1
1
1
1
1
1
1
1
1
1
1
1
1
1
1
1
1
1
1
1
1
1
1
1
