# Vetor de dados - syn_f000389-2-Pre--front--vetorcoluna.txt
# Total de elementos: 1024
# Formato: um valor por linha
#==================================================

1
1
1
1
1
1
1
1
1
1
1
1
1
1
1
1
1
1
1
1
1
1
1
1
1
1
1
1
1
1
1
1
1
1
1
1
1
1
1
1
1
1
1
1
1
1
1
1
1
1
1
1
1
1
1
1
1
1
1
1
1
1
1
1
1
1
1
1
1
1
1
1
1
1
1
1
1
1
1
1
1
1
1
1
1
1
1
1
1
1
1
1
1
1
1
1
1
1
1
1
1
1
1
1
1
1
1
1
1
1
1
1
1
1
1
1
1
1
1
1
1
1
1
1
1
1
1
1
1
1
1
1
1
1
1
1
1
1
1
1
1
1
1
1
1
1
1
1
1
1
1
1
1
1
1
1
1
1
1
1
1
1
1
1
1
1
1
1
1
1
1
1
1
1
1
1
1
1
1
1
1
1
1
1
1
1
1
1
1
1
1
1
1
1
1
1
1
1
1
1
1
1
1
1
1
1
1
1
1
1
1
1
1
1
1
1
1
1
1
1
1
1
1
1
1
1
1
1
1
1
1
1
1
1
1
1
1
1
1
1
14
16
16
16
16
16
16
16
16
16
16
16
16
16
16
16
16
16
16
16
16
21
22
23
23
23
23
23
23
23
22
22
22
22
21
21
21
21
21
21
21
21
21
20
20
20
19
19
20
20
19
20
20
19
18
18
18
17
17
17
18
18
18
18
18
20
19
19
19
19
19
20
20
20
21
21
21
22
22
22
22
22
23
24
24
24
24
25
25
26
26
26
27
27
27
27
28
28
29
29
30
30
30
30
30
31
31
31
31
31
31
32
32
32
33
33
33
33
33
33
33
33
34
34
34
34
33
33
33
33
33
33
33
33
33
33
33
32
32
32
32
32
32
32
31
31
31
31
31
31
32
32
32
32
32
32
32
32
32
32
32
32
32
33
33
33
33
33
33
33
33
33
33
33
33
33
33
33
33
33
34
34
34
34
34
35
35
35
36
37
37
37
38
38
38
38
40
40
40
41
42
42
43
43
45
45
46
47
49
51
53
55
57
59
61
63
66
70
284
289
295
307
378
382
386
390
394
398
403
472
472
474
475
474
475
476
476
477
477
476
476
477
479
480
481
482
483
482
553
553
553
493
488
484
480
477
472
468
461
419
415
411
409
403
380
369
360
354
349
344
338
328
334
342
348
353
359
367
382
398
404
406
409
457
462
466
469
473
479
482
484
487
477
477
477
477
477
476
475
475
474
473
474
474
474
473
472
471
470
471
470
468
468
405
401
396
392
388
384
380
377
298
287
282
278
274
66
62
58
57
55
54
52
50
49
46
45
44
43
43
42
42
41
40
40
40
39
39
38
38
38
37
36
36
35
35
35
35
34
34
34
34
35
34
34
34
34
33
33
33
33
33
33
33
33
33
33
33
33
33
33
33
33
33
33
33
33
33
33
32
32
32
33
33
33
32
32
32
32
32
33
33
33
33
33
33
33
33
33
33
33
33
33
34
34
34
34
35
34
34
34
34
34
34
34
34
34
34
34
34
33
33
33
33
33
32
32
32
32
32
30
30
30
30
30
29
29
29
28
28
28
28
27
27
27
26
25
25
25
25
25
24
24
24
24
24
23
23
22
22
22
22
22
22
22
22
22
22
22
22
22
22
22
22
23
23
24
24
25
26
26
27
27
27
28
28
28
28
28
28
29
29
29
29
29
29
29
30
30
30
31
31
31
32
32
32
32
32
32
32
31
1
1
1
1
1
1
1
1
1
1
1
1
1
1
1
1
1
1
1
1
1
1
1
1
1
1
1
1
1
1
1
1
1
1
1
1
1
1
1
1
1
1
1
1
1
1
1
1
1
1
1
1
1
1
1
1
1
1
1
1
1
1
1
1
1
1
1
1
1
1
1
1
1
1
1
1
1
1
1
1
1
1
1
1
1
1
1
1
1
1
1
1
1
1
1
1
1
1
1
1
1
1
1
1
1
1
1
1
1
1
1
1
1
1
1
1
1
1
1
1
1
1
1
1
1
1
1
1
1
1
1
1
1
1
1
1
1
1
1
1
1
1
1
1
1
1
1
1
1
1
1
1
1
1
1
1
1
1
1
1
1
1
1
1
1
1
1
1
1
1
1
1
1
1
1
1
1
1
1
1
1
1
1
1
1
1
1
1
1
1
1
1
1
1
1
1
1
1
1
1
1
1
1
1
1
1
1
1
1
1
1
1
1
1
1
1
1
1
1
1
1
1
1
1
1
1
1
1
1
1
1
1
1
1
1
1
1
1
1
1
1
1
1
1
1
1
1
1
1
1
1
1
1
1
1
1
1
1
1
1
1
1
1
