# Vetor de dados - syn_f003448-0-Pre--front--vetorcoluna.txt
# Total de elementos: 1024
# Formato: um valor por linha
#==================================================

1
1
1
1
1
1
1
1
1
1
1
1
1
1
1
1
1
1
1
1
1
1
1
1
1
1
1
1
1
1
1
1
1
1
1
1
1
1
1
1
1
1
1
1
1
1
1
1
1
1
1
1
1
1
1
1
1
1
1
1
1
1
1
1
1
1
1
1
1
1
1
1
1
1
1
1
1
1
1
1
1
1
1
1
1
1
1
1
1
1
1
1
1
1
1
1
1
1
1
1
1
1
1
1
1
1
1
1
1
1
1
1
1
1
1
1
1
1
1
1
1
1
1
1
1
1
1
1
1
1
1
1
1
1
1
1
1
1
1
1
1
1
1
1
1
1
1
1
1
1
1
1
1
1
1
1
1
1
1
1
1
1
1
1
1
1
1
1
1
1
1
1
1
1
1
1
1
1
1
1
1
1
1
1
1
1
1
1
1
1
1
1
1
1
1
1
1
1
1
1
1
1
1
1
1
1
1
1
1
1
1
1
1
1
1
1
1
1
1
1
1
1
1
1
1
1
1
1
1
1
1
1
1
1
1
1
1
1
1
1
1
1
1
27
27
27
27
27
27
27
27
27
27
27
27
27
27
27
27
27
27
28
28
28
28
28
28
28
28
29
29
29
29
29
29
29
30
30
30
30
30
30
30
30
30
30
30
30
30
30
30
30
30
30
30
29
30
29
29
29
29
29
30
30
30
30
30
30
30
30
30
30
30
30
30
30
30
30
30
30
30
30
30
30
30
30
30
30
30
30
30
30
30
30
30
30
30
30
31
31
31
31
32
32
32
32
33
34
34
34
34
35
34
34
34
35
35
35
35
35
35
34
34
34
34
33
33
33
33
33
32
32
32
32
33
32
31
32
32
32
32
32
32
32
32
31
31
31
31
31
32
32
32
32
32
33
33
33
33
33
33
34
33
33
33
33
34
34
34
34
34
34
35
35
35
35
36
36
36
36
37
37
37
38
38
38
38
38
39
39
40
41
41
42
42
43
44
45
46
47
48
50
51
52
53
54
55
56
57
57
58
59
60
274
278
282
286
290
297
304
371
379
387
395
401
408
476
477
478
478
478
480
480
480
479
479
479
480
481
481
483
483
484
483
482
480
477
457
485
480
476
472
464
458
453
446
433
417
412
408
405
403
399
396
386
375
362
356
349
340
332
336
341
345
350
355
362
372
382
391
396
399
402
405
407
410
413
443
448
453
458
464
471
479
411
414
418
447
475
476
479
481
482
481
481
481
481
481
480
481
482
482
482
481
481
480
480
480
413
408
404
399
394
387
379
371
302
293
287
284
60
58
57
57
56
56
56
54
53
52
51
49
47
46
45
44
44
43
43
42
42
41
41
39
39
39
39
38
38
38
38
36
36
36
36
36
36
35
35
35
35
35
35
34
34
34
34
34
34
33
33
33
33
33
32
32
32
32
32
32
31
31
31
31
31
31
31
31
30
30
30
30
30
30
31
31
31
31
31
31
31
32
32
32
32
32
33
33
33
33
33
34
34
34
34
33
33
33
33
33
33
33
32
33
33
33
32
32
32
32
31
31
31
31
31
31
30
30
30
30
30
30
29
29
29
29
28
27
27
27
27
27
27
26
26
26
26
25
25
25
25
25
25
25
25
25
25
25
25
25
25
24
24
24
24
24
24
24
24
24
24
24
24
24
24
25
25
25
25
25
25
25
25
25
25
25
24
24
24
24
24
23
23
23
23
23
23
22
22
22
22
22
22
22
22
22
22
22
22
21
21
21
21
21
21
21
21
21
21
21
21
21
21
1
1
1
1
1
1
1
1
1
1
1
1
1
1
1
1
1
1
1
1
1
1
1
1
1
1
1
1
1
1
1
1
1
1
1
1
1
1
1
1
1
1
1
1
1
1
1
1
1
1
1
1
1
1
1
1
1
1
1
1
1
1
1
1
1
1
1
1
1
1
1
1
1
1
1
1
1
1
1
1
1
1
1
1
1
1
1
1
1
1
1
1
1
1
1
1
1
1
1
1
1
1
1
1
1
1
1
1
1
1
1
1
1
1
1
1
1
1
1
1
1
1
1
1
1
1
1
1
1
1
1
1
1
1
1
1
1
1
1
1
1
1
1
1
1
1
1
1
1
1
1
1
1
1
1
1
1
1
1
1
1
1
1
1
1
1
1
1
1
1
1
1
1
1
1
1
1
1
1
1
1
1
1
1
1
1
1
1
1
1
1
1
1
1
1
1
1
1
1
1
1
1
1
1
1
1
1
1
1
1
1
1
1
1
1
1
1
1
1
1
1
1
1
1
1
1
1
1
1
1
1
1
1
1
1
1
1
1
1
1
1
