# Vetor de dados - syn_f002835-2-Pre--left--vetorlinha.txt
# Total de elementos: 768
# Formato: um valor por linha
#==================================================

1
1
1
1
1
1
1
1
1
1
1
1
1
1
1
1
1
1
1
1
1
1
1
1
1
1
1
1
1
1
1
1
1
1
1
1
1
1
1
1
1
1
1
1
1
1
1
1
1
1
1
1
1
1
1
1
1
1
1
1
1
1
1
1
1
1
1
1
1
1
1
1
1
1
1
1
1
1
1
1
1
1
1
1
1
1
1
1
1
1
1
1
1
1
1
1
1
1
1
1
1
1
1
1
1
1
1
1
1
1
1
1
1
1
1
1
1
1
1
1
1
1
1
1
1
1
8
22
29
34
38
43
45
48
51
53
55
57
59
61
62
64
64
66
66
67
68
69
70
70
71
72
72
72
72
72
72
72
73
73
73
73
73
73
73
72
72
73
72
73
73
74
74
75
76
75
76
75
75
73
72
71
69
68
67
66
67
66
65
64
63
64
63
63
63
62
62
62
62
62
62
62
62
61
61
60
59
57
53
49
47
47
47
47
47
48
48
48
49
49
50
50
51
51
52
52
53
53
54
55
56
58
63
74
85
93
101
133
140
147
154
160
165
170
178
185
191
197
205
211
215
218
221
225
229
233
238
242
246
252
259
264
269
278
281
282
282
281
280
277
274
264
86
87
87
88
88
89
89
90
89
89
90
90
90
91
90
90
90
91
91
90
90
90
90
89
88
88
88
87
86
86
86
85
84
84
83
83
82
81
82
82
81
81
81
81
81
81
81
81
81
81
80
80
80
79
79
79
79
78
78
78
78
77
76
76
76
76
76
76
76
76
76
75
75
75
75
75
76
76
77
77
78
79
81
81
82
83
85
85
85
87
88
88
89
91
92
92
93
94
95
96
97
97
98
98
99
99
100
101
101
101
102
102
101
101
102
102
102
102
102
103
102
102
102
102
103
103
103
103
103
103
103
103
104
104
103
103
103
103
102
102
101
101
100
100
99
99
98
97
97
96
94
94
93
93
92
92
91
91
91
90
90
89
88
89
88
87
86
85
85
84
83
83
82
82
81
81
81
80
80
79
79
79
78
78
78
78
78
78
78
78
78
78
78
77
77
77
77
77
77
77
77
77
76
76
76
76
75
75
75
75
74
74
74
73
73
72
72
72
72
70
70
70
70
70
69
68
68
68
67
67
67
65
65
65
64
64
63
62
62
62
61
60
60
59
59
58
57
57
56
56
56
54
54
54
53
53
53
52
52
52
52
51
51
51
50
50
51
51
50
51
51
51
51
51
52
51
52
52
51
52
51
52
52
51
52
51
52
52
51
52
52
51
52
52
51
51
50
50
51
50
50
50
50
49
49
49
49
49
49
49
48
48
48
48
48
48
48
48
48
49
49
49
49
48
48
48
48
48
48
48
48
47
47
47
47
47
47
46
46
46
45
45
45
45
44
44
43
43
43
42
42
42
41
41
41
40
39
39
39
39
37
37
37
37
37
37
35
35
35
35
35
35
34
33
33
33
34
34
35
36
37
38
40
42
44
47
49
52
54
57
59
61
67
69
71
74
77
78
79
79
78
78
78
78
78
75
63
45
48
50
52
56
59
63
68
71
73
78
80
83
85
85
85
84
83
81
81
78
72
62
56
51
45
39
36
1
1
1
1
1
1
1
1
1
1
1
1
1
1
1
1
1
1
1
1
1
1
1
1
1
1
1
1
1
1
1
1
1
1
1
1
1
1
1
1
1
1
1
1
1
1
1
1
1
1
1
1
1
1
1
1
1
1
1
1
1
