# Vetor de dados - syn_f003460-1-Pre--front--vetorlinha.txt
# Total de elementos: 768
# Formato: um valor por linha
#==================================================

1
1
1
1
1
1
1
1
1
1
1
1
1
1
1
1
1
1
1
1
1
1
1
1
1
1
1
1
1
1
1
1
1
1
1
1
1
1
1
1
1
1
1
1
1
1
1
1
1
1
1
1
1
1
1
1
1
1
1
1
1
1
1
1
1
1
1
1
1
1
1
1
1
1
1
1
1
1
1
1
1
1
1
1
1
1
1
1
1
1
1
1
1
1
1
1
1
1
1
1
1
1
1
1
1
1
1
1
1
1
1
1
1
1
1
1
1
1
1
1
1
1
1
1
1
1
1
1
1
1
1
1
1
1
1
1
1
1
1
16
24
27
31
35
38
40
42
44
46
48
50
50
52
53
54
56
56
58
58
58
60
60
60
62
62
62
62
62
62
62
62
62
62
62
62
62
60
61
64
68
69
69
70
69
69
69
69
68
67
67
67
65
65
64
62
61
61
60
56
54
53
51
51
51
51
49
49
47
47
45
45
45
45
45
45
44
44
44
44
45
45
45
45
46
48
52
55
60
64
68
245
262
291
302
311
320
333
373
376
380
386
396
439
446
446
441
440
446
451
455
461
467
472
426
427
425
423
421
417
415
414
411
409
407
401
399
395
394
393
387
365
362
360
357
332
333
333
146
144
143
142
140
139
138
137
135
134
133
131
130
129
129
129
128
128
129
129
129
129
129
129
129
129
129
128
127
127
127
126
126
124
124
123
122
120
119
118
117
116
116
115
115
114
114
114
114
113
113
113
112
112
112
112
112
112
112
113
113
113
113
113
114
114
114
114
115
115
116
116
116
116
117
117
117
117
117
116
117
117
116
115
115
114
114
114
113
113
113
114
114
115
116
116
117
117
118
119
119
120
121
121
121
122
123
123
123
123
123
124
124
124
124
124
124
124
124
124
124
122
122
122
122
122
122
122
122
122
122
122
122
122
122
122
122
122
122
122
122
123
124
124
124
124
124
125
125
125
125
125
125
126
126
126
126
126
126
126
126
126
126
126
126
126
126
125
125
125
125
125
125
125
125
125
125
125
125
125
124
123
123
123
123
123
123
123
123
123
121
121
121
121
121
120
119
119
119
118
118
118
118
118
117
117
117
116
116
115
115
115
114
113
113
113
112
111
111
111
110
109
109
108
108
108
107
106
106
106
105
104
104
104
103
103
102
102
102
102
102
102
102
101
102
101
102
102
101
101
101
101
101
100
100
100
100
100
100
99
100
99
99
100
100
100
100
100
101
101
102
102
102
103
103
104
104
104
105
105
106
106
106
106
107
107
108
108
108
108
108
108
108
108
108
108
108
108
108
108
107
107
107
106
106
106
106
106
106
104
104
104
104
104
102
102
102
102
102
100
100
100
100
99
98
98
98
97
96
96
96
96
94
94
94
94
93
92
92
92
91
90
90
90
89
88
88
88
87
86
86
86
86
85
85
84
84
84
84
84
84
85
85
85
85
86
87
87
87
87
88
89
89
89
89
89
89
89
90
90
91
92
92
92
94
95
95
97
97
97
99
100
100
102
103
104
106
106
106
108
109
109
109
108
108
107
106
105
103
101
97
93
43
40
38
35
1
1
1
1
1
1
1
1
1
1
1
1
1
1
1
1
1
1
1
1
1
1
1
1
1
1
1
1
1
1
1
1
1
1
1
1
1
1
1
1
1
1
1
1
1
1
1
1
1
1
1
1
1
1
1
1
1
1
1
1
1
1
1
1
1
1
1
1
1
1
1
1
1
1
1
