# Vetor de dados - syn_f002007-0-Pre--front--vetorcoluna.txt
# Total de elementos: 1024
# Formato: um valor por linha
#==================================================

1
1
1
1
1
1
1
1
1
1
1
1
1
1
1
1
1
1
1
1
1
1
1
1
1
1
1
1
1
1
1
1
1
1
1
1
1
1
1
1
1
1
1
1
1
1
1
1
1
1
1
1
1
1
1
1
1
1
1
1
1
1
1
1
1
1
1
1
1
1
1
1
1
1
1
1
1
1
1
1
1
1
1
1
1
1
1
1
1
1
1
1
1
1
1
1
1
1
1
1
1
1
1
1
1
1
1
1
1
1
1
1
1
1
1
1
1
1
1
1
1
1
1
1
1
1
1
1
1
1
1
1
1
1
1
1
1
1
1
1
1
1
1
1
1
1
1
1
1
1
1
1
1
1
1
1
1
1
1
1
1
1
1
1
1
1
1
1
1
1
1
1
1
1
1
1
1
1
1
1
1
1
1
1
1
1
1
1
1
1
1
1
1
1
1
1
1
1
1
1
1
1
1
1
1
1
1
1
1
1
1
1
1
1
1
1
1
1
1
1
1
1
1
10
9
9
9
9
10
10
10
10
10
10
10
10
10
10
10
10
12
12
12
12
17
18
19
20
20
20
20
20
19
19
19
19
18
20
19
19
19
18
18
18
20
20
20
20
19
21
21
21
20
20
19
21
20
20
19
20
18
18
18
17
17
18
18
18
18
18
18
18
18
19
19
19
19
21
21
21
21
21
22
22
22
22
22
24
24
24
24
24
24
25
25
26
26
26
27
27
28
28
28
28
29
29
30
30
30
30
31
31
31
32
32
32
32
32
32
33
33
34
34
34
34
34
34
34
34
34
35
35
36
36
36
36
36
36
36
36
36
36
36
36
36
36
36
37
37
36
36
36
36
36
36
36
36
36
36
36
36
36
36
36
36
36
36
36
36
36
36
36
36
37
37
37
37
37
37
37
38
38
38
38
38
38
38
39
39
39
39
39
39
39
40
41
41
41
41
41
42
42
42
42
42
43
43
43
43
43
43
44
45
45
45
45
46
46
46
47
48
49
50
51
52
53
54
55
57
58
59
61
280
283
286
288
292
296
306
319
382
388
393
400
405
411
417
421
492
494
494
495
495
495
496
497
498
497
497
497
496
498
498
499
500
501
501
502
501
499
432
501
498
495
492
489
486
483
478
475
470
465
432
429
427
426
424
421
417
408
388
379
371
362
363
368
377
385
394
415
420
423
424
427
428
431
462
469
473
477
480
484
487
492
498
503
504
429
432
493
495
495
496
495
495
493
493
491
491
492
492
493
492
492
492
490
489
490
489
419
414
410
405
400
395
390
385
379
319
298
293
288
285
282
279
63
60
59
59
59
58
58
57
55
54
53
52
51
50
50
49
49
48
47
46
46
45
45
44
43
43
43
43
42
41
41
41
41
40
40
39
39
39
39
39
38
38
38
38
38
38
37
37
37
37
37
36
36
36
36
36
36
35
35
35
35
35
34
34
34
34
34
34
34
34
35
35
35
35
35
36
36
36
35
35
36
36
36
36
36
36
36
36
36
36
36
36
36
35
35
35
35
35
34
34
34
34
34
34
34
34
34
33
33
33
33
33
32
32
31
31
31
31
31
31
30
30
30
29
29
29
29
28
28
28
28
27
26
26
26
26
26
26
25
25
25
24
24
23
23
23
23
22
22
22
22
22
22
22
22
22
22
22
22
21
21
21
21
21
21
21
20
20
20
20
20
20
19
19
19
19
20
20
19
19
19
19
20
20
20
18
18
18
18
18
18
18
19
19
20
20
19
19
19
19
19
19
19
19
19
18
17
1
1
1
1
1
1
1
1
1
1
1
1
1
1
1
1
1
1
1
1
1
1
1
1
1
1
1
1
1
1
1
1
1
1
1
1
1
1
1
1
1
1
1
1
1
1
1
1
1
1
1
1
1
1
1
1
1
1
1
1
1
1
1
1
1
1
1
1
1
1
1
1
1
1
1
1
1
1
1
1
1
1
1
1
1
1
1
1
1
1
1
1
1
1
1
1
1
1
1
1
1
1
1
1
1
1
1
1
1
1
1
1
1
1
1
1
1
1
1
1
1
1
1
1
1
1
1
1
1
1
1
1
1
1
1
1
1
1
1
1
1
1
1
1
1
1
1
1
1
1
1
1
1
1
1
1
1
1
1
1
1
1
1
1
1
1
1
1
1
1
1
1
1
1
1
1
1
1
1
1
1
1
1
1
1
1
1
1
1
1
1
1
1
1
1
1
1
1
1
1
1
1
1
1
1
1
1
1
1
1
1
1
1
1
1
1
1
1
1
1
1
1
1
1
1
1
1
1
1
1
1
1
1
1
1
1
1
1
1
1
1
1
