# Vetor de dados - syn_f000438-0-Pre--left--vetorlinha.txt
# Total de elementos: 768
# Formato: um valor por linha
#==================================================

1
1
1
1
1
1
1
1
1
1
1
1
1
1
1
1
1
1
1
1
1
1
1
1
1
1
1
1
1
1
1
1
1
1
1
1
1
1
1
1
1
1
1
1
1
1
1
1
1
1
1
1
1
1
1
1
1
1
1
1
1
1
1
1
1
1
1
1
1
1
1
1
1
1
1
1
1
1
1
1
1
1
1
1
1
1
1
1
1
1
1
1
1
1
1
1
1
1
1
1
1
1
1
1
1
1
1
1
1
1
1
16
24
31
35
40
43
45
49
52
54
56
58
59
61
62
63
66
66
68
68
69
70
70
71
72
72
73
73
73
73
73
74
74
74
74
74
75
75
75
76
77
78
78
79
79
80
80
80
79
79
77
76
74
73
73
72
72
71
71
70
69
68
67
67
66
65
64
64
63
62
62
62
61
61
60
59
58
57
55
53
51
48
46
45
44
43
43
43
43
42
43
42
43
42
43
42
43
43
44
45
44
45
46
47
48
48
49
50
50
51
52
53
54
55
56
57
59
64
69
151
157
164
171
178
186
195
207
222
229
233
239
245
251
256
262
271
277
284
295
296
296
295
294
293
290
287
280
157
91
83
82
83
83
84
84
85
86
86
86
86
87
87
86
87
87
87
87
87
87
86
86
86
86
86
86
85
85
85
85
84
83
83
83
82
80
80
79
78
76
75
74
73
72
73
73
73
72
73
73
73
73
73
73
73
74
73
74
74
74
73
74
73
73
74
74
74
74
74
74
74
75
75
74
74
74
74
75
75
75
75
75
76
76
76
76
77
77
76
77
77
77
77
77
77
77
78
78
78
79
80
81
81
82
82
83
83
84
84
84
85
85
85
86
87
86
87
87
87
88
88
88
89
89
89
90
90
90
90
90
90
91
91
91
91
92
92
91
91
92
92
92
93
93
92
92
92
91
92
92
92
91
90
90
89
89
88
88
87
86
85
85
85
84
84
84
84
83
82
83
82
82
82
81
80
80
79
78
78
77
76
76
75
74
73
73
72
72
71
71
70
70
69
69
69
68
68
68
67
67
67
67
66
65
65
65
64
64
64
64
64
63
63
63
63
62
62
62
62
61
61
61
61
61
60
60
60
60
59
59
59
59
59
58
58
58
58
57
57
57
57
57
56
56
56
56
56
54
54
54
54
54
54
53
53
53
52
52
52
51
50
50
50
50
49
49
49
49
49
48
48
48
48
48
48
47
47
48
48
48
48
48
48
48
48
49
48
48
49
48
48
48
48
47
48
48
47
48
47
47
48
47
47
48
47
47
46
47
47
46
46
45
45
45
45
44
44
44
43
43
43
43
43
42
42
42
42
42
42
42
42
42
42
41
42
42
42
42
41
41
41
41
41
40
40
40
40
40
39
39
39
39
39
39
38
38
37
37
37
36
36
36
36
36
35
35
35
35
35
35
34
34
34
34
34
34
34
33
33
33
33
33
33
33
33
32
32
32
32
32
32
32
32
33
32
33
33
34
35
36
37
39
40
43
45
46
48
51
53
55
57
59
61
66
69
72
74
77
79
79
80
82
83
83
84
84
83
83
76
48
50
52
55
58
61
64
68
72
75
79
82
84
86
87
89
89
88
87
85
84
82
79
63
55
50
45
38
27
1
1
1
1
1
1
1
1
1
1
1
1
1
1
1
1
1
1
1
1
1
1
1
1
1
1
1
1
1
1
1
1
1
1
1
1
1
1
1
1
1
1
1
1
1
1
1
1
1
1
