# Vetor de dados - syn_f001724-1-Pre--front--vetorlinha.txt
# Total de elementos: 768
# Formato: um valor por linha
#==================================================

1
1
1
1
1
1
1
1
1
1
1
1
1
1
1
1
1
1
1
1
1
1
1
1
1
1
1
1
1
1
1
1
1
1
1
1
1
1
1
1
1
1
1
1
1
1
1
1
1
1
1
1
1
1
1
1
1
1
1
1
1
1
1
1
1
1
1
1
1
1
1
1
1
1
1
1
1
1
1
1
1
1
1
1
1
1
1
1
1
1
1
1
1
1
1
1
1
1
1
1
1
1
1
1
1
1
1
1
1
1
1
1
16
24
28
32
36
38
40
42
44
46
48
50
51
52
53
55
56
57
59
59
59
61
61
61
63
63
63
63
63
64
64
64
64
64
64
63
63
63
63
63
67
70
72
72
72
71
70
70
70
70
69
68
68
67
66
66
64
62
62
61
55
54
54
53
52
52
51
50
50
48
49
48
48
48
48
48
48
48
48
48
48
48
47
47
47
47
47
49
52
57
61
64
68
71
74
78
81
97
258
390
417
466
482
494
506
520
537
571
604
620
620
619
619
618
614
604
591
573
566
570
571
571
571
570
491
485
399
389
378
367
354
343
332
319
294
269
235
209
184
170
164
159
157
155
153
152
151
149
149
147
146
146
144
144
142
142
140
139
138
137
136
135
134
133
132
132
131
130
130
128
128
128
127
127
126
125
125
125
124
123
122
122
122
120
120
119
117
116
114
113
113
113
114
113
113
114
114
115
116
116
116
116
115
115
115
115
115
115
115
114
115
115
115
115
114
114
114
114
113
112
112
111
110
109
108
107
105
105
105
104
104
105
105
107
109
110
111
114
116
117
119
120
121
122
123
124
125
125
126
127
127
127
128
128
128
129
129
129
129
129
129
129
128
127
128
127
128
128
126
126
126
126
126
126
126
126
126
126
127
127
128
128
128
128
128
128
128
129
129
129
130
130
130
130
131
131
132
132
132
132
133
133
133
133
133
133
133
133
133
133
134
134
134
133
133
133
133
133
133
133
133
133
133
132
132
132
131
131
131
130
130
130
129
129
129
128
128
128
128
127
126
126
126
124
124
124
123
122
122
121
121
121
121
120
120
120
119
119
119
119
118
118
118
118
117
117
117
116
116
115
115
115
115
115
114
113
113
113
113
113
113
112
111
111
111
111
111
111
110
109
109
109
109
108
108
107
107
107
107
107
107
107
107
107
107
107
107
107
107
107
107
107
107
107
107
107
107
106
105
105
105
105
105
104
104
104
104
104
104
105
105
105
105
105
105
105
106
106
106
106
106
107
107
107
108
109
109
109
109
109
109
111
111
111
111
111
111
112
112
113
112
113
113
113
113
113
113
113
113
113
113
111
111
111
111
111
111
111
111
111
110
109
109
109
109
109
108
107
107
107
107
106
106
105
105
105
104
103
103
103
102
102
101
101
101
100
100
100
99
98
98
98
98
97
96
96
96
96
95
94
94
94
94
94
93
93
92
92
92
92
91
91
91
90
90
90
90
90
90
90
90
90
90
90
90
90
90
90
90
90
91
91
91
91
91
91
91
92
93
93
93
93
93
93
94
94
95
95
96
96
97
97
98
99
100
101
102
104
104
106
106
107
108
109
109
109
109
110
110
109
108
108
108
107
107
107
106
104
102
100
99
97
94
89
38
1
1
1
1
1
1
1
1
1
1
1
1
1
1
1
1
1
1
1
1
1
1
1
1
1
1
1
1
1
1
1
1
1
1
1
1
1
1
1
1
1
1
1
1
1
1
1
1
1
1
1
