# Vetor de dados - syn_f002601-0-Pre--left--vetorlinha.txt
# Total de elementos: 768
# Formato: um valor por linha
#==================================================

1
1
1
1
1
1
1
1
1
1
1
1
1
1
1
1
1
1
1
1
1
1
1
1
1
1
1
1
1
1
1
1
1
1
1
1
1
1
1
1
1
1
1
1
1
1
1
1
1
1
1
1
1
1
1
1
1
1
1
1
1
1
1
1
1
1
1
1
1
1
1
1
1
1
1
1
1
1
1
1
1
1
1
1
1
1
1
1
1
1
1
1
1
1
1
1
1
1
1
1
1
1
1
1
1
1
1
1
1
1
1
1
1
1
1
1
1
1
1
1
1
1
1
1
1
13
23
31
35
40
44
46
49
52
54
56
58
60
62
63
65
65
67
68
69
69
71
71
72
72
73
73
73
73
73
73
73
75
75
75
75
75
76
75
76
77
78
77
78
79
79
79
79
80
79
78
77
75
71
70
69
68
67
66
66
64
63
63
62
62
60
60
60
60
59
59
59
59
59
58
57
56
52
43
43
42
41
41
42
41
41
42
41
42
42
42
42
43
44
45
46
46
47
48
49
50
51
51
52
52
53
53
54
55
56
58
155
162
168
176
187
213
218
222
227
233
240
245
250
261
268
281
285
285
285
284
283
280
279
274
268
267
178
169
160
96
88
88
90
90
91
92
93
93
94
93
94
94
94
95
95
94
94
94
94
94
93
93
93
93
91
92
92
92
91
90
90
90
90
89
88
88
87
86
85
84
82
82
81
81
80
80
80
80
80
79
80
80
79
79
79
79
79
79
79
79
79
79
79
78
78
79
79
78
78
78
78
78
77
78
78
78
78
78
78
77
77
77
77
78
78
78
78
78
78
79
79
79
80
80
80
82
82
83
83
84
84
85
85
85
85
84
85
85
85
86
86
87
87
87
88
88
88
89
89
89
90
90
91
91
90
91
91
91
92
92
91
92
92
92
93
92
92
92
93
93
93
92
92
93
93
93
93
92
92
93
93
93
92
92
92
91
91
91
90
90
89
89
88
88
86
86
86
86
86
85
85
84
84
84
83
83
82
81
81
80
80
79
79
77
76
75
74
73
72
71
71
70
69
68
67
66
66
66
65
65
64
63
63
62
62
62
62
62
61
60
60
60
60
60
60
59
59
59
59
59
58
58
58
58
58
58
58
58
57
57
57
57
56
56
56
56
55
55
55
55
54
54
54
53
53
53
53
52
51
51
50
50
50
50
49
49
49
49
50
50
49
49
49
49
49
49
48
48
48
49
49
49
48
48
48
48
48
48
48
48
48
48
47
48
48
48
47
47
48
47
46
47
46
46
45
46
45
44
44
43
43
43
42
43
42
42
43
43
43
43
43
43
43
43
43
44
44
44
43
43
43
43
43
43
42
43
43
43
43
42
42
41
41
41
41
40
40
40
40
40
40
40
39
39
39
39
39
38
38
38
37
37
37
37
37
37
37
37
37
37
37
36
37
37
37
37
37
37
37
37
38
38
38
37
37
38
38
38
39
39
39
40
40
41
42
42
42
44
45
47
50
52
55
58
60
62
63
65
66
69
72
75
80
85
85
85
85
85
86
85
83
74
55
59
62
66
69
72
75
78
81
83
85
87
88
89
89
88
87
86
83
81
67
60
55
48
44
40
37
1
1
1
1
1
1
1
1
1
1
1
1
1
1
1
1
1
1
1
1
1
1
1
1
1
1
1
1
1
1
1
1
1
1
1
1
1
1
1
1
1
1
1
1
1
1
1
1
1
1
1
1
1
1
1
1
1
1
1
1
1
1
1
