# Vetor de dados - syn_f000870-0-Pre--front--vetorlinha.txt
# Total de elementos: 768
# Formato: um valor por linha
#==================================================

1
1
1
1
1
1
1
1
1
1
1
1
1
1
1
1
1
1
1
1
1
1
1
1
1
1
1
1
1
1
1
1
1
1
1
1
1
1
1
1
1
1
1
1
1
1
1
1
1
1
1
1
1
1
1
1
1
1
1
1
1
1
1
1
1
1
1
1
1
1
1
1
1
1
1
1
1
1
1
1
1
1
1
1
1
1
1
1
1
1
1
1
1
1
1
1
1
1
1
1
1
1
1
1
1
1
1
1
1
1
1
1
1
1
1
1
1
1
1
1
1
1
1
1
1
1
1
1
12
21
25
29
33
36
38
40
42
44
45
47
47
49
51
51
53
54
54
55
56
56
57
58
58
58
58
58
58
58
58
58
58
58
58
58
58
59
63
65
65
65
65
65
64
64
63
63
62
61
61
60
58
58
56
56
52
48
47
47
46
46
45
44
43
42
42
42
41
41
41
40
40
40
40
40
40
40
40
40
40
41
42
44
48
52
56
59
65
90
97
105
256
281
312
326
405
417
429
468
475
481
511
520
522
524
523
517
520
528
539
554
555
554
491
485
480
472
450
439
436
429
423
416
318
301
285
207
184
163
146
140
136
133
131
130
128
126
125
123
121
119
116
112
110
108
106
105
104
103
101
101
100
99
99
99
99
98
97
97
97
97
96
96
95
95
95
94
94
94
94
94
94
95
95
95
95
96
95
95
95
95
95
95
95
93
93
93
93
93
93
93
93
93
93
93
93
93
94
94
94
95
95
95
96
97
97
97
98
98
97
97
97
97
97
96
96
96
97
98
98
99
99
100
101
101
103
104
105
107
109
109
111
112
113
114
115
116
116
117
118
118
119
120
120
120
121
121
122
122
122
123
124
124
124
124
125
126
126
126
126
126
126
126
128
128
128
128
129
130
130
131
131
132
132
133
133
134
134
135
135
136
136
137
138
138
138
139
139
139
139
139
139
139
139
139
139
139
139
139
139
139
139
139
139
138
138
138
137
137
137
137
137
137
137
137
137
136
136
136
135
135
135
135
135
135
135
135
135
134
133
133
133
133
131
131
131
131
131
129
129
129
129
129
127
127
127
126
125
125
125
125
124
123
123
122
122
122
121
120
120
120
119
118
118
118
116
116
116
116
114
114
114
114
113
112
112
112
111
110
110
110
110
109
109
109
109
108
108
108
108
107
107
107
107
107
107
107
107
107
107
108
108
108
106
106
106
106
106
106
106
106
106
106
106
106
106
106
106
106
106
106
106
106
106
106
106
107
107
108
108
108
108
108
108
108
108
108
108
108
108
108
108
108
108
108
108
108
108
108
108
108
107
107
106
106
106
106
106
106
106
105
105
105
104
104
104
104
104
103
103
103
102
102
102
102
101
101
101
101
101
100
100
99
99
99
99
99
98
98
97
97
97
97
97
97
96
95
95
95
95
95
95
94
93
93
93
93
93
92
91
91
91
91
91
91
90
89
89
89
89
89
90
91
91
91
91
92
92
92
92
91
91
91
91
92
92
93
93
93
95
95
95
96
96
98
98
100
100
102
102
104
104
106
106
107
108
108
109
109
109
109
109
109
109
108
107
107
105
103
100
95
91
1
1
1
1
1
1
1
1
1
1
1
1
1
1
1
1
1
1
1
1
1
1
1
1
1
1
1
1
1
1
1
1
1
1
1
1
1
1
1
1
1
1
1
1
1
1
1
1
1
1
1
1
1
1
1
1
1
1
1
1
1
1
1
1
1
1
1
