# Vetor de dados - syn_f002811-3-Pre--front--vetorlinha.txt
# Total de elementos: 768
# Formato: um valor por linha
#==================================================

1
1
1
1
1
1
1
1
1
1
1
1
1
1
1
1
1
1
1
1
1
1
1
1
1
1
1
1
1
1
1
1
1
1
1
1
1
1
1
1
1
1
1
1
1
1
1
1
1
1
1
1
1
1
1
1
1
1
1
1
1
1
1
1
1
1
1
1
1
1
1
1
1
1
1
1
1
1
1
1
1
1
1
1
1
1
1
1
1
1
1
1
1
1
1
1
1
1
1
1
1
1
1
1
1
1
1
1
20
24
28
31
35
38
40
42
44
45
47
48
50
51
52
54
54
56
56
58
58
58
60
60
60
60
61
62
62
62
62
62
62
62
62
62
61
60
60
61
66
69
69
70
70
69
69
69
69
68
67
67
67
65
65
64
62
61
60
59
53
51
50
49
49
49
47
47
46
46
46
46
46
46
46
47
47
47
47
47
47
48
48
49
51
54
57
61
64
67
71
74
77
273
285
458
475
496
507
518
564
569
574
582
589
620
619
616
607
599
594
595
593
583
574
573
573
573
516
513
510
506
444
436
428
421
413
406
398
390
380
372
362
351
339
328
310
283
269
249
218
186
179
176
173
171
169
167
166
165
163
163
162
162
161
160
160
159
159
159
157
157
155
154
154
152
150
150
148
147
145
145
144
143
143
142
141
141
140
140
139
138
138
137
136
136
135
134
134
133
131
131
130
128
125
123
121
119
119
117
116
115
116
117
117
117
118
118
118
118
118
118
118
118
118
118
118
118
118
117
117
117
117
117
117
115
115
115
114
114
114
112
112
112
111
112
112
113
115
116
117
119
121
122
123
125
127
127
129
130
131
132
132
134
134
136
136
136
137
138
138
139
140
140
140
140
141
142
142
142
142
142
142
142
142
142
142
142
142
142
142
141
141
141
141
141
141
141
141
141
141
141
141
141
142
143
143
143
143
143
145
145
145
145
147
147
147
148
148
149
149
149
150
150
151
151
151
151
152
153
153
153
153
153
154
154
154
153
153
153
153
153
153
153
153
153
153
153
153
153
153
153
153
153
153
151
151
151
151
151
151
151
151
151
150
150
149
149
149
149
149
147
147
147
147
147
146
145
145
145
145
144
144
144
143
143
142
142
142
142
142
140
140
140
139
138
138
138
136
136
136
134
134
133
132
132
131
130
129
129
128
128
127
127
126
125
125
125
124
123
123
123
123
122
121
121
121
121
121
120
120
120
120
120
120
120
120
120
120
120
120
119
119
118
118
118
118
118
118
118
118
118
119
119
119
119
119
119
119
120
121
121
121
122
122
123
123
124
124
125
125
125
126
126
126
127
127
127
127
128
128
128
128
129
129
129
129
129
129
129
129
129
128
128
128
128
127
127
127
127
126
126
126
126
125
124
124
124
124
122
122
122
122
122
121
120
120
119
118
118
117
117
116
116
115
114
114
113
113
112
111
111
110
110
109
109
108
107
107
106
105
105
105
104
103
103
103
101
101
101
101
99
99
99
99
98
98
97
97
97
97
97
97
96
96
96
97
98
98
98
100
100
100
100
100
100
100
100
100
100
100
100
100
102
102
102
102
104
104
105
105
107
107
109
111
111
113
115
116
117
118
119
121
121
123
123
125
125
124
123
122
122
121
120
116
114
111
107
103
101
95
48
1
1
1
1
1
1
1
1
1
1
1
1
1
1
1
1
1
1
1
1
1
1
1
1
1
1
1
1
1
1
1
1
1
1
1
1
1
1
1
1
1
1
1
1
1
1
1
1
