# Vetor de dados - syn_f004384-3-Pre--front--vetorcoluna.txt
# Total de elementos: 1024
# Formato: um valor por linha
#==================================================

1
1
1
1
1
1
1
1
1
1
1
1
1
1
1
1
1
1
1
1
1
1
1
1
1
1
1
1
1
1
1
1
1
1
1
1
1
1
1
1
1
1
1
1
1
1
1
1
1
1
1
1
1
1
1
1
1
1
1
1
1
1
1
1
1
1
1
1
1
1
1
1
1
1
1
1
1
1
1
1
1
1
1
1
1
1
1
1
1
1
1
1
1
1
1
1
1
1
1
1
1
1
1
1
1
1
1
1
1
1
1
1
1
1
1
1
1
1
1
1
1
1
1
1
1
1
1
1
1
1
1
1
1
1
1
1
1
1
1
1
1
1
1
1
1
1
1
1
1
1
1
1
1
1
1
1
1
1
1
1
1
1
1
1
1
1
1
1
1
1
1
1
1
1
1
1
1
1
1
1
1
1
1
1
1
1
1
1
1
1
1
1
1
1
1
1
1
1
1
1
1
1
1
1
1
1
1
1
1
1
1
1
1
1
1
1
1
1
1
1
1
1
1
1
1
1
16
16
16
16
16
16
16
16
16
16
16
16
16
16
16
16
16
16
16
16
16
16
16
22
23
24
24
24
24
24
24
24
23
23
23
22
22
22
22
22
21
21
21
21
21
21
21
22
22
22
23
22
22
23
22
23
23
22
22
21
22
22
21
21
21
21
21
22
22
21
21
22
22
22
23
23
23
23
23
24
25
25
25
25
26
26
26
26
27
28
28
28
28
29
29
29
29
30
31
31
32
32
32
32
32
33
33
33
33
33
33
34
34
35
35
35
35
35
35
35
35
36
36
36
36
36
36
36
36
36
36
36
36
36
36
36
36
36
36
36
36
36
36
35
35
35
35
35
35
35
35
35
35
35
35
35
35
35
36
36
36
36
36
36
36
37
37
37
37
37
37
37
38
38
38
38
38
38
38
38
39
39
39
39
39
39
39
39
39
39
39
39
40
40
40
40
40
41
41
40
40
41
42
42
42
43
43
43
43
44
44
46
46
47
48
49
50
53
57
59
62
64
66
68
70
71
278
281
283
286
289
292
384
387
390
393
396
399
402
406
410
480
480
479
479
479
481
482
482
482
482
481
481
482
484
484
485
486
486
485
485
485
550
549
486
482
479
476
473
470
467
462
458
450
416
413
411
409
408
406
403
400
389
379
372
364
362
371
376
381
386
395
400
404
406
408
409
412
415
456
461
466
469
472
475
478
480
484
486
481
482
484
485
484
484
483
482
481
480
479
480
481
481
481
481
481
479
478
479
479
479
405
401
397
394
391
388
385
382
379
291
287
284
281
278
277
71
67
65
62
61
60
58
56
54
53
51
50
49
48
47
46
46
45
44
43
43
42
41
41
41
40
40
39
39
39
39
38
38
38
38
38
38
38
38
38
38
38
37
37
37
37
37
37
37
37
37
37
37
36
36
36
36
36
36
36
35
35
36
36
36
35
35
35
35
35
35
35
35
34
34
34
35
35
35
35
35
35
35
35
35
36
36
36
36
35
35
35
35
35
35
35
35
35
35
35
35
35
35
35
35
35
35
34
34
34
34
34
34
33
33
33
33
33
33
32
32
32
32
31
31
31
31
30
30
29
28
28
28
28
27
27
27
27
25
25
25
25
25
24
23
23
23
23
22
21
21
21
21
21
21
19
19
19
20
20
18
18
18
19
18
19
20
19
21
21
20
21
21
21
21
21
21
21
21
21
21
21
21
22
22
22
22
22
23
23
23
24
24
24
25
25
25
25
25
25
25
24
23
16
16
16
16
16
16
16
17
17
17
17
17
17
17
17
17
17
17
17
17
17
16
1
1
1
1
1
1
1
1
1
1
1
1
1
1
1
1
1
1
1
1
1
1
1
1
1
1
1
1
1
1
1
1
1
1
1
1
1
1
1
1
1
1
1
1
1
1
1
1
1
1
1
1
1
1
1
1
1
1
1
1
1
1
1
1
1
1
1
1
1
1
1
1
1
1
1
1
1
1
1
1
1
1
1
1
1
1
1
1
1
1
1
1
1
1
1
1
1
1
1
1
1
1
1
1
1
1
1
1
1
1
1
1
1
1
1
1
1
1
1
1
1
1
1
1
1
1
1
1
1
1
1
1
1
1
1
1
1
1
1
1
1
1
1
1
1
1
1
1
1
1
1
1
1
1
1
1
1
1
1
1
1
1
1
1
1
1
1
1
1
1
1
1
1
1
1
1
1
1
1
1
1
1
1
1
1
1
1
1
1
1
1
1
1
1
1
1
1
1
1
1
1
1
1
1
1
1
1
1
1
1
1
1
1
1
1
1
1
1
1
1
1
1
1
1
1
1
1
