# Vetor de dados - syn_f003301-1-Pre--left--vetorlinha.txt
# Total de elementos: 768
# Formato: um valor por linha
#==================================================

1
1
1
1
1
1
1
1
1
1
1
1
1
1
1
1
1
1
1
1
1
1
1
1
1
1
1
1
1
1
1
1
1
1
1
1
1
1
1
1
1
1
1
1
1
1
1
1
1
1
1
1
1
1
1
1
1
1
1
1
1
1
1
1
1
1
1
1
1
1
1
1
1
1
1
1
1
1
1
1
1
1
1
1
1
17
25
33
38
43
46
49
52
55
58
60
62
64
66
67
69
70
72
74
75
76
77
78
78
79
79
81
81
82
82
83
83
83
83
83
83
84
84
84
84
85
85
87
87
88
88
89
90
90
90
91
91
91
91
91
91
90
88
86
84
81
81
80
79
78
77
76
75
74
73
73
73
71
71
70
70
70
70
70
69
69
69
70
70
70
69
68
67
65
62
61
59
58
57
57
58
57
57
57
57
58
58
57
58
58
58
57
58
58
59
58
59
59
60
59
60
61
63
70
76
81
87
93
99
107
114
173
181
190
196
201
207
213
218
225
234
247
254
257
261
265
270
277
283
287
293
303
309
315
327
327
328
327
327
325
322
320
310
309
207
186
177
172
102
103
104
106
107
106
107
108
109
109
110
111
111
112
112
112
112
112
113
113
113
114
114
113
113
113
112
112
111
111
111
111
110
110
109
108
107
107
105
104
103
102
100
100
98
97
95
94
93
91
92
91
92
92
91
92
92
91
91
92
91
91
91
91
90
91
91
91
90
90
89
89
88
88
88
88
87
87
86
86
86
86
86
86
87
87
88
88
89
89
90
91
91
92
93
94
95
95
97
97
97
97
98
99
99
100
100
100
101
101
103
103
104
104
105
105
106
106
107
107
109
109
109
110
110
111
111
111
112
112
112
112
112
113
112
112
112
112
112
112
113
113
113
112
112
112
112
112
111
111
111
110
110
110
109
109
109
108
107
106
106
106
105
104
103
102
102
100
99
98
97
97
98
98
97
97
96
96
96
96
96
95
95
94
93
93
92
91
92
91
90
90
89
89
89
88
88
88
87
87
87
86
86
84
84
84
84
83
83
83
83
82
82
82
82
81
80
80
80
80
80
80
79
79
78
78
78
78
78
78
78
76
76
76
76
76
75
75
75
75
75
75
74
74
74
74
74
73
73
73
73
73
72
72
72
72
72
71
70
70
70
69
69
69
68
68
68
68
67
67
67
67
66
66
66
66
64
64
64
63
63
63
63
62
62
62
62
62
62
62
61
61
61
62
62
62
62
62
63
63
63
63
63
64
64
63
64
64
63
64
63
63
63
63
62
63
62
62
61
62
61
61
60
61
60
60
59
58
58
57
58
57
56
56
55
55
54
54
54
53
53
53
53
53
53
52
51
51
51
51
51
51
52
51
51
51
51
50
50
50
50
50
49
49
49
49
49
49
48
48
48
48
47
46
46
46
46
46
45
45
45
44
44
44
43
43
42
42
42
41
41
41
40
40
40
39
39
38
38
38
38
37
37
36
36
36
36
35
34
34
34
34
34
33
33
33
33
33
34
34
34
35
35
36
36
36
37
38
39
40
40
41
43
44
46
47
49
51
53
57
59
61
63
66
68
72
76
78
79
81
82
84
86
89
91
92
91
91
91
91
91
46
48
50
52
54
57
60
63
66
71
74
78
80
84
85
88
91
93
94
97
98
98
96
95
94
91
90
86
65
57
51
50
48
46
1
1
1
1
1
1
1
1
1
1
1
1
1
1
1
1
1
1
1
1
1
1
1
1
1
