# Vetor de dados - syn_f004271-1-Pre--front--vetorlinha.txt
# Total de elementos: 768
# Formato: um valor por linha
#==================================================

1
1
1
1
1
1
1
1
1
1
1
1
1
1
1
1
1
1
1
1
1
1
1
1
1
1
1
1
1
1
1
1
1
1
1
1
1
1
1
1
1
1
1
1
1
1
1
1
1
1
1
1
1
1
1
1
1
1
1
1
1
1
1
1
1
1
1
1
1
1
1
1
1
1
1
1
1
1
1
1
1
1
1
1
1
1
1
1
1
1
1
1
1
1
1
1
1
1
1
1
1
1
1
1
1
1
1
1
1
1
1
1
1
1
1
1
1
1
1
1
10
21
25
29
33
37
39
41
43
45
47
49
50
51
52
54
54
56
56
58
58
59
60
60
61
62
62
62
62
62
62
62
62
62
62
62
62
62
61
61
65
69
70
70
70
70
70
70
69
68
68
68
67
66
66
65
64
62
62
60
57
55
53
53
52
51
51
50
49
49
48
47
46
46
46
46
46
46
46
45
45
45
45
44
44
44
45
47
50
54
58
63
67
72
76
80
90
254
272
291
314
324
333
344
355
367
406
413
422
468
473
478
480
479
472
471
476
481
485
490
494
499
429
430
429
428
426
424
421
421
421
413
405
402
405
406
405
411
406
395
379
375
373
371
144
143
142
140
140
139
138
137
137
135
134
133
132
130
130
128
127
126
125
124
123
123
122
121
120
120
120
118
118
118
117
116
116
115
115
114
113
113
112
111
109
109
108
108
108
108
107
107
107
107
107
107
107
107
106
106
105
105
105
104
105
105
105
105
105
105
106
107
107
107
107
107
108
108
108
109
110
110
111
111
112
112
114
114
115
116
117
117
119
120
121
122
123
125
126
127
127
128
129
130
131
131
131
132
133
133
134
134
134
135
135
135
135
135
136
136
137
137
137
137
137
137
137
137
137
137
137
137
137
137
137
137
138
138
138
138
138
139
140
140
140
140
140
141
142
142
142
143
143
143
143
145
145
145
145
145
145
145
145
145
145
145
145
144
145
144
143
143
143
143
143
143
141
141
141
141
141
141
141
140
140
139
139
139
139
139
138
138
138
137
137
137
137
136
136
136
135
135
135
135
134
134
133
133
133
133
132
131
131
130
129
129
128
127
126
126
125
125
124
124
123
123
122
121
121
120
120
119
118
118
117
117
116
116
115
114
114
114
114
113
112
112
112
112
110
110
110
110
110
110
110
110
109
108
108
108
108
108
108
108
108
108
108
108
108
108
108
108
108
108
108
107
107
107
107
107
107
107
107
107
107
107
107
107
107
107
107
108
108
108
109
109
109
110
110
111
111
112
112
112
113
113
114
114
114
114
114
114
114
115
115
115
115
115
115
115
115
115
115
115
115
114
114
114
114
113
113
113
113
113
113
111
111
111
111
111
110
109
109
109
109
108
107
107
107
107
106
105
105
105
105
103
103
103
103
103
101
101
101
101
101
99
99
99
99
98
97
97
97
97
96
95
95
95
95
94
93
93
93
93
92
92
91
91
91
91
91
91
91
91
91
91
92
92
92
92
93
93
93
93
93
93
93
93
93
93
93
93
93
95
95
95
95
97
97
97
99
99
101
102
103
105
106
107
107
108
109
109
110
111
111
110
110
108
108
109
109
108
107
105
104
102
101
98
95
92
44
1
1
1
1
1
1
1
1
1
1
1
1
1
1
1
1
1
1
1
1
1
1
1
1
1
1
1
1
1
1
1
1
1
1
1
1
1
1
1
1
1
1
1
1
1
1
1
1
1
1
1
1
1
1
1
1
1
