# Vetor de dados - syn_f002987-3-Pre--left--vetorlinha.txt
# Total de elementos: 768
# Formato: um valor por linha
#==================================================

1
1
1
1
1
1
1
1
1
1
1
1
1
1
1
1
1
1
1
1
1
1
1
1
1
1
1
1
1
1
1
1
1
1
1
1
1
1
1
1
1
1
1
1
1
1
1
1
1
1
1
1
1
1
1
1
1
1
1
1
1
1
1
1
1
1
1
1
1
1
1
1
1
1
1
1
1
1
1
1
1
1
1
1
1
1
1
1
1
1
1
1
1
1
1
1
1
1
1
1
1
1
1
1
1
1
1
1
1
14
25
31
36
41
44
48
51
53
55
57
59
61
62
64
66
67
68
69
70
72
72
73
73
75
75
75
75
76
76
76
77
77
77
77
78
78
78
78
77
78
78
79
78
79
80
80
81
81
81
82
80
80
78
77
74
72
72
71
70
69
69
67
67
67
66
66
65
65
65
65
65
65
65
66
66
66
64
63
63
61
51
47
47
47
46
47
47
47
47
48
48
49
50
51
52
52
53
54
55
56
57
58
58
62
67
97
107
115
173
189
196
203
210
216
223
234
244
249
252
257
263
268
275
279
286
297
304
317
318
318
317
316
316
313
311
301
300
298
200
190
177
119
113
104
97
94
93
94
94
94
95
95
96
96
97
97
98
97
97
98
98
98
99
98
98
98
98
98
97
98
98
98
97
97
96
95
95
95
94
93
93
93
93
94
93
93
93
93
93
93
93
93
93
92
92
91
91
91
90
90
88
88
87
87
86
85
85
85
84
84
84
84
84
83
82
82
82
82
81
81
81
81
81
80
80
80
81
81
81
82
84
85
87
88
89
90
91
92
93
93
94
96
96
97
99
99
100
100
102
102
103
104
104
105
105
106
106
107
107
108
109
109
109
109
110
110
110
110
111
111
111
110
110
110
110
110
110
110
110
109
109
109
109
108
108
108
108
106
106
106
105
104
103
103
102
101
100
100
99
99
98
98
98
97
97
97
96
95
95
94
93
91
91
90
89
88
89
88
87
86
85
85
85
85
85
85
85
85
85
85
85
85
85
85
85
85
85
85
86
86
86
86
86
85
85
86
86
86
86
86
86
86
85
85
85
85
85
85
84
84
83
83
83
82
82
82
82
81
81
80
80
80
79
79
78
78
78
77
76
76
76
76
75
74
74
74
74
73
72
71
71
71
70
70
69
68
68
67
67
66
65
64
64
63
63
63
62
62
61
60
59
59
59
58
58
58
57
57
56
56
56
55
56
56
56
55
56
56
55
56
56
56
56
56
57
56
57
57
57
57
56
57
56
57
56
56
56
55
55
55
54
54
54
53
52
53
53
52
52
52
53
53
53
53
53
52
52
52
52
52
52
52
52
52
51
52
52
52
52
52
52
53
53
52
52
52
53
53
53
53
53
53
51
51
51
51
51
51
51
50
50
50
50
50
49
49
49
48
48
47
47
47
47
47
46
46
45
45
44
44
44
43
43
42
42
41
41
41
40
40
40
39
38
38
38
38
37
37
37
37
37
37
36
35
35
35
35
35
35
35
35
37
37
38
39
40
41
43
45
47
49
52
55
58
61
67
70
71
73
75
76
77
79
81
83
84
84
84
84
84
77
45
48
50
52
56
59
62
65
70
74
76
77
80
82
85
86
90
91
90
89
87
85
82
77
70
62
55
49
42
38
1
1
1
1
1
1
1
1
1
1
1
1
1
1
1
1
1
1
1
1
1
1
1
1
1
1
1
1
1
1
1
1
1
1
1
1
1
1
1
1
1
1
1
1
1
1
1
