# Vetor de dados - syn_f002219-0-Pre--front--vetorcoluna.txt
# Total de elementos: 1024
# Formato: um valor por linha
#==================================================

1
1
1
1
1
1
1
1
1
1
1
1
1
1
1
1
1
1
1
1
1
1
1
1
1
1
1
1
1
1
1
1
1
1
1
1
1
1
1
1
1
1
1
1
1
1
1
1
1
1
1
1
1
1
1
1
1
1
1
1
1
1
1
1
1
1
1
1
1
1
1
1
1
1
1
1
1
1
1
1
1
1
1
1
1
1
1
1
1
1
1
1
1
1
1
1
1
1
1
1
1
1
1
1
1
1
1
1
1
1
1
1
1
1
1
1
1
1
1
1
1
1
1
1
1
1
1
1
1
1
1
1
1
1
1
1
1
1
1
1
1
1
1
1
1
1
1
1
1
1
1
1
1
1
1
1
1
1
1
1
1
1
1
1
1
1
1
1
1
1
1
1
1
1
1
1
1
1
1
1
1
1
1
1
1
1
1
1
1
1
1
1
1
1
1
1
1
1
1
1
1
1
1
1
1
1
1
1
1
1
1
1
1
1
1
1
1
1
1
1
1
1
1
1
1
1
1
1
1
1
1
1
1
1
1
1
1
1
1
1
1
1
1
1
1
1
1
1
1
1
1
1
1
1
1
16
17
18
18
18
18
18
18
18
18
18
18
18
18
18
18
18
18
18
18
20
20
19
19
19
19
19
19
19
20
20
20
18
18
17
17
16
17
17
17
17
17
17
17
17
17
17
17
17
17
17
17
18
18
18
18
18
19
19
20
20
20
20
20
21
21
21
21
21
22
22
22
22
22
23
23
23
23
24
24
24
24
25
25
25
25
25
26
26
26
26
27
27
27
27
27
28
28
28
28
28
29
29
30
29
29
30
30
30
30
31
31
31
31
31
31
32
32
31
31
31
31
31
31
30
30
30
30
30
29
30
30
30
29
29
29
29
29
29
29
29
29
29
30
29
29
29
29
30
30
30
30
30
30
30
31
31
31
31
31
32
32
32
32
32
32
33
33
33
33
33
33
33
35
35
35
35
35
36
37
37
37
38
38
38
39
39
40
40
41
42
44
45
46
47
48
49
51
51
52
53
53
54
55
56
57
58
60
270
277
283
295
363
370
375
380
385
391
463
463
463
464
464
466
465
465
464
463
463
465
466
466
467
468
468
467
467
479
476
472
469
466
464
461
459
456
452
414
409
405
401
396
378
366
359
354
350
344
334
335
342
346
351
356
360
366
374
395
401
405
407
445
450
454
457
461
464
467
470
473
477
545
545
466
465
465
464
464
463
462
462
462
463
464
463
464
463
463
462
461
460
389
385
380
375
370
364
297
285
274
57
55
54
52
51
50
49
48
47
46
44
43
42
42
41
40
40
40
38
38
38
38
36
36
36
35
35
35
34
34
34
34
33
33
33
33
32
32
32
32
32
31
31
31
31
31
30
30
30
30
30
30
30
30
29
29
29
29
29
29
28
28
28
28
28
28
28
28
28
28
28
28
28
28
28
28
28
29
29
29
30
30
30
30
30
30
31
31
31
31
31
31
31
30
30
30
29
29
29
29
29
29
29
28
28
28
28
28
28
28
28
27
27
27
27
27
26
26
26
25
25
24
24
24
24
24
24
24
24
24
24
24
24
24
24
24
24
24
24
24
23
23
23
23
23
23
23
23
23
23
23
23
23
23
23
23
23
23
23
23
23
23
23
23
24
24
24
24
25
26
26
27
28
28
28
29
29
29
29
30
30
30
30
30
30
30
30
30
31
31
31
32
32
32
33
33
33
33
33
33
32
32
1
1
1
1
1
1
1
1
1
1
1
1
1
1
1
1
1
1
1
1
1
1
1
1
1
1
1
1
1
1
1
1
1
1
1
1
1
1
1
1
1
1
1
1
1
1
1
1
1
1
1
1
1
1
1
1
1
1
1
1
1
1
1
1
1
1
1
1
1
1
1
1
1
1
1
1
1
1
1
1
1
1
1
1
1
1
1
1
1
1
1
1
1
1
1
1
1
1
1
1
1
1
1
1
1
1
1
1
1
1
1
1
1
1
1
1
1
1
1
1
1
1
1
1
1
1
1
1
1
1
1
1
1
1
1
1
1
1
1
1
1
1
1
1
1
1
1
1
1
1
1
1
1
1
1
1
1
1
1
1
1
1
1
1
1
1
1
1
1
1
1
1
1
1
1
1
1
1
1
1
1
1
1
1
1
1
1
1
1
1
1
1
1
1
1
1
1
1
1
1
1
1
1
1
1
1
1
1
1
1
1
1
1
1
1
1
1
1
1
1
1
1
1
1
1
1
1
1
1
1
1
1
1
1
1
1
1
1
1
1
1
1
1
1
1
1
1
1
1
1
1
1
1
1
1
1
1
