# Vetor de dados - syn_f004436-1-Pre--front--vetorlinha.txt
# Total de elementos: 768
# Formato: um valor por linha
#==================================================

1
1
1
1
1
1
1
1
1
1
1
1
1
1
1
1
1
1
1
1
1
1
1
1
1
1
1
1
1
1
1
1
1
1
1
1
1
1
1
1
1
1
1
1
1
1
1
1
1
1
1
1
1
1
1
1
1
1
1
1
1
1
1
1
1
1
1
1
1
1
1
1
1
1
1
1
1
1
1
1
1
1
1
1
1
1
1
1
1
1
1
1
1
1
1
1
1
1
1
1
1
1
1
1
1
1
1
1
16
24
28
32
36
39
41
43
45
47
49
51
51
53
54
55
56
57
58
59
60
61
61
62
63
63
63
64
64
65
65
65
65
65
65
64
64
64
64
63
64
69
71
73
73
73
73
72
72
71
71
71
69
69
69
68
66
66
64
63
60
57
53
53
52
51
51
50
50
50
49
49
50
50
50
50
50
49
49
49
49
49
49
49
49
50
50
51
51
52
53
54
259
266
274
283
479
545
551
555
559
566
576
613
609
599
593
589
591
591
589
583
572
564
566
515
514
510
507
502
498
438
430
423
415
407
399
390
376
365
356
344
330
318
307
296
282
273
263
253
244
235
222
204
195
187
178
170
165
160
157
154
153
151
150
148
147
146
145
144
143
142
140
140
138
138
136
136
135
135
134
133
133
133
132
132
132
132
132
131
131
131
130
130
130
130
129
129
128
128
127
126
126
125
124
123
122
122
122
121
120
120
120
121
121
121
122
122
123
123
123
123
123
123
123
123
124
124
124
124
124
124
126
126
126
126
127
127
128
128
129
129
128
128
128
128
128
129
129
129
130
131
131
132
133
134
134
135
136
137
138
138
140
140
142
142
143
144
144
145
146
147
147
148
149
149
150
151
151
151
153
153
153
153
153
153
153
153
154
154
154
154
154
154
154
154
154
154
154
154
154
154
154
154
155
155
155
155
155
156
156
156
157
157
157
157
159
159
159
159
159
160
161
161
161
161
161
161
161
161
161
161
161
161
161
161
161
161
161
161
161
161
161
160
159
159
159
159
159
159
159
159
158
157
157
157
157
157
155
155
155
155
155
154
153
153
153
153
153
151
151
151
150
149
149
149
147
147
147
147
145
145
145
145
144
143
143
143
142
142
141
141
140
139
139
137
137
137
136
135
135
134
134
133
133
132
132
131
131
130
130
130
129
128
128
127
126
126
126
125
125
125
124
124
123
123
123
123
122
122
121
121
121
121
121
121
121
121
121
121
120
120
119
119
119
119
119
119
119
119
119
119
119
119
119
120
120
120
120
122
122
122
123
124
124
124
125
125
126
126
126
127
127
128
128
128
128
129
129
129
129
129
129
129
129
129
129
129
129
127
127
127
127
127
127
127
125
125
125
125
125
125
123
123
123
123
122
121
121
121
120
120
119
119
119
118
117
117
117
116
115
115
115
114
113
113
113
112
111
111
111
111
109
109
109
109
109
107
107
107
107
106
105
105
105
105
105
103
103
103
103
103
102
101
102
102
102
102
102
102
102
102
102
102
102
102
102
102
103
103
103
103
103
103
103
103
103
103
103
103
103
104
104
105
105
106
106
107
108
109
110
112
112
114
114
116
116
118
118
120
120
121
121
123
123
123
123
123
123
123
122
122
120
119
118
116
112
110
104
54
53
50
48
42
1
1
1
1
1
1
1
1
1
1
1
1
1
1
1
1
1
1
1
1
1
1
1
1
1
1
1
1
1
1
1
1
1
1
1
1
1
1
1
1
1
1
1
1
1
1
