# Vetor de dados - syn_f000999-0-Pre--front--vetorlinha.txt
# Total de elementos: 768
# Formato: um valor por linha
#==================================================

1
1
1
1
1
1
1
1
1
1
1
1
1
1
1
1
1
1
1
1
1
1
1
1
1
1
1
1
1
1
1
1
1
1
1
1
1
1
1
1
1
1
1
1
1
1
1
1
1
1
1
1
1
1
1
1
1
1
1
1
1
1
1
1
1
1
1
1
1
1
1
1
1
1
1
1
1
1
1
1
1
1
1
1
1
1
1
1
1
1
1
1
1
1
1
1
1
1
1
1
1
1
1
1
1
1
1
1
1
1
1
1
1
1
1
1
1
1
1
1
1
1
1
1
1
1
8
20
25
29
33
36
38
40
42
44
46
48
50
50
52
53
54
56
56
57
58
58
59
60
60
60
60
61
62
62
62
62
62
61
61
60
60
60
61
66
68
69
69
69
69
68
68
67
67
66
66
65
64
64
62
61
60
59
56
52
51
51
51
49
49
49
47
47
46
46
46
46
46
46
45
45
45
45
45
45
45
45
45
46
46
47
48
51
55
61
67
277
483
499
557
594
594
594
593
592
590
584
571
555
546
548
550
550
550
549
547
490
429
422
415
408
401
393
383
374
362
346
332
299
287
275
245
231
218
205
193
178
169
164
161
157
154
152
150
148
146
144
143
142
140
138
135
133
131
129
127
126
125
124
123
122
122
122
122
120
120
120
120
120
120
120
119
119
119
119
119
118
117
117
117
117
116
115
115
115
114
114
113
112
111
111
109
109
109
109
109
109
108
109
109
109
109
109
109
109
110
110
110
110
111
112
112
112
112
113
114
114
114
114
114
115
115
115
115
115
115
115
115
115
115
115
116
116
117
117
118
118
120
120
122
123
124
125
126
127
128
128
130
130
130
131
132
132
133
133
134
134
135
135
135
135
135
135
135
135
135
135
135
135
135
135
135
135
135
135
135
135
135
135
135
135
135
137
137
137
137
137
138
138
139
139
139
139
139
139
140
140
140
140
140
140
140
140
140
140
140
139
139
138
138
138
138
138
138
137
136
136
135
135
135
134
133
133
133
133
131
131
131
131
131
130
129
129
128
128
128
127
126
126
126
126
126
126
125
124
124
124
124
124
124
124
123
122
122
121
121
120
119
119
118
118
117
116
116
116
116
116
115
114
114
114
114
113
113
113
113
113
112
112
112
111
111
111
111
111
111
111
111
110
110
110
110
110
110
110
110
110
110
110
110
110
110
110
110
110
110
110
110
110
110
110
110
110
109
109
108
108
108
108
108
108
108
108
109
109
109
109
109
109
111
111
111
111
111
111
111
113
113
113
113
113
113
113
114
115
115
115
115
115
115
115
115
115
115
114
114
114
113
113
113
113
113
112
112
112
112
111
111
110
110
110
109
109
108
108
108
107
107
107
107
106
105
105
105
104
104
104
103
103
103
102
102
101
101
101
101
100
100
99
99
99
98
98
98
97
97
97
96
96
96
95
95
95
95
94
94
94
94
94
93
93
93
93
93
93
93
93
94
94
94
95
96
96
96
96
96
96
96
96
96
96
96
96
96
97
98
98
99
100
101
101
103
104
105
107
109
110
111
113
113
113
115
115
116
117
117
117
117
117
117
118
118
117
115
112
109
107
105
100
48
1
1
1
1
1
1
1
1
1
1
1
1
1
1
1
1
1
1
1
1
1
1
1
1
1
1
1
1
1
1
1
1
1
1
1
1
1
1
1
1
1
1
1
1
1
1
1
1
1
1
1
1
1
1
1
1
1
1
1
1
1
1
1
1
1
1
1
