# Vetor de dados - syn_f002405-0-Pre--front--vetorlinha.txt
# Total de elementos: 768
# Formato: um valor por linha
#==================================================

1
1
1
1
1
1
1
1
1
1
1
1
1
1
1
1
1
1
1
1
1
1
1
1
1
1
1
1
1
1
1
1
1
1
1
1
1
1
1
1
1
1
1
1
1
1
1
1
1
1
1
1
1
1
1
1
1
1
1
1
1
1
1
1
1
1
1
1
1
1
1
1
1
1
1
1
1
1
1
1
1
1
1
1
1
1
1
1
1
1
1
1
1
1
1
1
1
1
1
1
1
1
1
1
1
1
1
1
1
1
1
1
1
1
16
23
27
31
35
38
40
42
44
46
49
49
51
52
53
54
56
57
58
58
59
60
60
61
62
62
63
63
63
63
63
63
63
63
63
63
63
63
62
63
64
69
71
71
71
71
71
71
71
70
69
69
69
68
67
67
65
64
63
62
61
55
54
53
53
52
51
51
50
49
49
48
48
48
47
48
47
47
47
47
47
47
47
46
46
47
47
47
47
49
49
50
52
54
57
60
65
70
76
129
164
251
274
290
304
338
419
432
444
455
470
492
527
546
551
553
558
564
568
571
573
569
583
584
585
585
583
582
502
492
466
462
456
449
445
438
333
315
299
288
273
243
206
172
160
154
152
150
148
146
145
143
143
141
139
137
137
135
133
133
131
131
129
129
129
128
128
127
127
127
126
126
126
126
126
126
126
126
126
125
125
125
125
125
125
124
123
122
122
120
120
118
117
116
116
115
116
117
117
117
117
118
118
118
118
118
117
117
117
118
118
118
118
118
118
119
120
120
120
120
121
122
122
122
122
122
122
122
122
123
125
125
126
128
129
131
132
133
134
135
137
138
139
141
141
142
143
143
145
145
145
145
146
147
147
147
147
147
148
148
148
148
148
148
148
148
148
148
148
148
148
148
148
148
148
148
148
148
148
148
148
148
148
148
148
149
148
149
150
150
150
150
150
150
150
150
150
150
151
151
151
151
151
151
151
151
151
151
151
151
151
151
151
151
150
150
150
150
150
150
150
149
148
148
148
148
148
148
147
146
146
146
146
145
145
145
144
144
143
143
143
143
142
141
141
141
141
141
140
139
139
139
139
138
137
137
137
137
136
135
134
134
133
132
132
130
130
130
128
128
128
128
127
127
126
126
125
125
125
124
123
123
123
121
121
121
120
120
119
119
119
118
118
118
117
117
117
116
116
116
116
116
116
116
116
116
115
115
114
114
114
114
114
114
114
114
114
114
114
114
114
114
113
112
112
112
112
112
112
112
112
112
112
112
112
112
112
112
112
112
112
112
112
113
113
114
114
114
115
115
116
116
116
116
116
117
117
117
117
117
117
117
117
117
117
117
117
117
117
117
117
117
117
117
117
116
116
115
115
115
115
115
115
115
114
113
113
113
113
113
112
111
111
111
111
111
109
109
109
109
109
108
107
107
107
107
106
106
105
105
105
104
104
103
103
103
102
102
101
101
100
100
100
99
98
98
98
98
97
96
96
96
96
95
95
95
95
95
96
95
95
94
94
96
96
96
97
98
98
98
98
98
98
98
98
98
98
98
98
99
99
99
99
100
101
101
102
102
103
104
105
106
107
108
109
110
112
112
114
114
116
117
118
119
119
119
119
118
118
118
116
114
111
107
105
101
44
43
1
1
1
1
1
1
1
1
1
1
1
1
1
1
1
1
1
1
1
1
1
1
1
1
1
1
1
1
1
1
1
1
1
1
1
1
1
1
1
1
1
1
1
1
1
1
1
1
1
1
1
1
1
1
1
1
