# Vetor de dados - syn_f001717-0-Pre--front--vetorcoluna.txt
# Total de elementos: 1024
# Formato: um valor por linha
#==================================================

1
1
1
1
1
1
1
1
1
1
1
1
1
1
1
1
1
1
1
1
1
1
1
1
1
1
1
1
1
1
1
1
1
1
1
1
1
1
1
1
1
1
1
1
1
1
1
1
1
1
1
1
1
1
1
1
1
1
1
1
1
1
1
1
1
1
1
1
1
1
1
1
1
1
1
1
1
1
1
1
1
1
1
1
1
1
1
1
1
1
1
1
1
1
1
1
1
1
1
1
1
1
1
1
1
1
1
1
1
1
1
1
1
1
1
1
1
1
1
1
1
1
1
1
1
1
1
1
1
1
1
1
1
1
1
1
1
1
1
1
1
1
1
1
1
1
1
1
1
1
1
1
1
1
1
1
1
1
1
1
1
1
1
1
1
1
1
1
1
1
1
1
1
1
1
1
1
1
1
1
1
1
1
1
1
1
1
1
1
1
1
1
1
1
1
1
1
1
1
1
1
1
1
1
1
1
1
1
1
1
1
1
1
1
1
1
1
1
1
1
1
1
1
1
1
1
1
1
1
1
1
1
1
1
1
1
1
1
1
1
1
1
1
1
1
1
1
1
1
1
1
1
1
1
1
1
1
1
21
21
21
21
21
21
22
26
27
28
28
28
28
28
28
28
28
27
27
27
26
26
26
26
26
26
26
26
26
25
25
25
25
25
24
24
24
23
23
22
21
20
20
20
20
20
20
20
20
20
20
20
20
20
19
19
19
19
21
21
21
22
22
22
23
23
23
23
23
24
25
25
25
25
25
26
27
27
27
27
28
28
28
28
28
29
29
29
30
30
31
31
31
31
31
31
32
32
32
32
32
32
32
32
32
33
33
33
33
33
33
33
33
33
33
33
33
33
33
33
33
33
33
33
32
32
32
32
32
32
32
32
31
31
31
31
31
31
31
31
31
30
30
30
30
30
30
31
31
31
31
31
31
31
31
31
32
32
32
32
32
34
34
34
34
34
35
35
35
35
35
36
35
35
35
36
36
36
36
37
37
36
36
36
37
37
37
38
38
38
39
39
41
42
44
46
47
49
50
265
267
270
274
277
280
370
375
381
386
391
396
457
458
458
459
461
460
461
462
462
462
462
462
461
460
462
463
464
465
465
466
466
466
475
471
468
465
463
460
457
453
450
446
441
401
398
394
390
375
362
354
348
343
335
335
341
346
351
358
372
391
396
398
401
404
447
451
456
459
462
465
468
471
473
476
543
543
466
466
466
465
464
463
462
462
463
464
465
465
464
464
462
462
461
460
459
459
397
393
388
384
380
375
371
283
280
276
273
270
267
52
51
50
49
48
46
45
44
42
42
41
41
40
40
40
39
39
39
39
38
38
37
37
37
36
36
36
36
36
36
36
36
36
35
35
35
35
35
35
34
34
34
34
33
33
32
32
32
32
32
32
32
32
32
32
32
32
32
32
32
32
32
32
32
32
32
32
32
32
32
32
33
33
33
33
33
33
33
33
34
34
34
34
34
34
34
34
34
34
34
34
34
34
34
33
33
33
33
33
32
32
32
31
31
31
31
31
31
29
29
29
29
29
29
28
27
27
27
27
27
26
26
26
26
25
24
24
24
24
23
23
23
23
23
22
22
22
22
21
21
21
20
20
18
18
18
18
18
18
18
17
17
17
17
17
17
17
17
18
18
18
18
19
20
20
19
19
19
19
20
20
18
18
18
18
18
18
18
18
18
18
18
18
19
19
19
20
18
18
18
18
17
17
9
9
9
9
9
9
9
9
9
9
9
9
9
9
8
8
8
8
8
8
8
1
1
1
1
1
1
1
1
1
1
1
1
1
1
1
1
1
1
1
1
1
1
1
1
1
1
1
1
1
1
1
1
1
1
1
1
1
1
1
1
1
1
1
1
1
1
1
1
1
1
1
1
1
1
1
1
1
1
1
1
1
1
1
1
1
1
1
1
1
1
1
1
1
1
1
1
1
1
1
1
1
1
1
1
1
1
1
1
1
1
1
1
1
1
1
1
1
1
1
1
1
1
1
1
1
1
1
1
1
1
1
1
1
1
1
1
1
1
1
1
1
1
1
1
1
1
1
1
1
1
1
1
1
1
1
1
1
1
1
1
1
1
1
1
1
1
1
1
1
1
1
1
1
1
1
1
1
1
1
1
1
1
1
1
1
1
1
1
1
1
1
1
1
1
1
1
1
1
1
1
1
1
1
1
1
1
1
1
1
1
1
1
1
1
1
1
1
1
1
1
1
1
1
1
1
1
1
1
1
1
1
1
1
1
1
1
1
1
1
1
1
1
1
1
1
1
1
1
1
1
1
1
1
1
1
1
1
1
1
1
1
1
