# Vetor de dados - syn_f003880-3-Pre--left--vetorlinha.txt
# Total de elementos: 768
# Formato: um valor por linha
#==================================================

1
1
1
1
1
1
1
1
1
1
1
1
1
1
1
1
1
1
1
1
1
1
1
1
1
1
1
1
1
1
1
1
1
1
1
1
1
1
1
1
1
1
1
1
1
1
1
1
1
1
1
1
1
1
1
1
1
1
1
1
1
1
1
1
1
1
1
1
1
1
1
1
1
1
1
1
1
1
1
1
1
1
1
1
1
1
1
1
1
1
1
1
1
1
1
1
1
1
1
1
1
1
1
1
1
1
1
1
1
1
1
13
24
32
36
41
45
48
51
54
56
58
60
62
64
66
67
69
69
71
71
73
74
75
75
77
77
77
77
78
78
78
78
78
78
78
79
80
80
80
79
79
79
80
79
80
80
81
81
82
83
83
83
83
83
81
81
78
77
74
73
72
71
71
70
70
68
68
68
68
67
66
66
66
66
66
66
66
66
67
66
67
65
64
63
60
58
53
50
50
49
48
49
48
49
49
49
50
51
52
52
53
54
57
85
176
184
192
200
207
215
228
233
236
240
245
251
261
266
277
289
307
307
307
307
307
305
303
300
297
291
290
286
269
267
213
207
201
196
190
183
173
161
113
108
100
99
100
100
101
101
102
102
104
104
104
104
105
105
105
105
105
105
105
105
105
105
105
104
103
103
103
102
102
102
101
101
101
101
99
99
98
97
97
96
96
95
96
96
96
95
96
96
97
96
96
97
97
96
96
96
95
95
95
95
94
94
93
93
92
91
91
91
89
89
89
88
88
87
86
86
85
84
84
83
83
82
81
82
82
82
82
84
85
87
88
89
91
92
93
95
96
98
98
100
101
102
103
105
105
106
107
108
108
109
110
110
111
111
111
111
112
112
112
112
113
113
113
114
114
113
113
113
113
113
114
112
112
112
112
112
112
111
111
111
111
111
111
110
109
109
109
108
108
108
107
106
106
106
105
104
104
104
104
103
103
103
102
102
101
101
102
100
100
99
99
99
98
97
97
96
95
94
94
93
92
91
90
89
88
88
88
88
87
87
87
86
86
86
86
85
85
86
86
86
86
86
86
86
86
86
86
85
86
86
86
86
85
85
85
86
85
85
85
85
84
84
84
84
83
83
83
83
82
81
81
81
81
81
80
80
80
80
78
78
78
78
77
76
76
76
75
75
74
73
73
72
71
71
70
70
69
68
68
67
66
65
65
65
64
63
62
62
62
61
61
60
59
59
59
58
58
58
57
57
57
56
57
57
57
57
58
57
58
58
58
58
58
59
58
59
58
59
58
59
59
59
59
59
60
59
59
59
59
59
59
58
59
58
58
57
58
58
57
57
58
58
58
57
57
57
57
57
57
57
57
57
57
56
56
56
56
56
56
56
56
56
57
56
56
56
56
56
56
56
55
55
55
55
55
55
55
54
54
54
54
54
54
52
52
52
52
51
51
50
50
50
49
49
48
48
48
46
46
46
45
45
45
43
43
43
43
42
42
41
41
40
40
40
40
39
39
40
40
40
40
41
42
43
43
44
45
48
49
51
54
56
58
60
62
65
68
72
76
77
80
82
84
85
86
87
87
87
87
87
87
87
86
79
69
56
59
61
65
68
71
74
77
79
82
85
87
89
90
91
93
93
93
92
90
88
86
80
67
61
55
50
46
42
40
1
1
1
1
1
1
1
1
1
1
1
1
1
1
1
1
1
1
1
1
1
1
1
1
1
1
1
1
1
1
1
1
1
1
1
1
1
1
1
1
1
1
1
1
1
1
1
1
