# Vetor de dados - syn_f003648-1-Pre--front--vetorcoluna.txt
# Total de elementos: 1024
# Formato: um valor por linha
#==================================================

1
1
1
1
1
1
1
1
1
1
1
1
1
1
1
1
1
1
1
1
1
1
1
1
1
1
1
1
1
1
1
1
1
1
1
1
1
1
1
1
1
1
1
1
1
1
1
1
1
1
1
1
1
1
1
1
1
1
1
1
1
1
1
1
1
1
1
1
1
1
1
1
1
1
1
1
1
1
1
1
1
1
1
1
1
1
1
1
1
1
1
1
1
1
1
1
1
1
1
1
1
1
1
1
1
1
1
1
1
1
1
1
1
1
1
1
1
1
1
1
1
1
1
1
1
1
1
1
1
1
1
1
1
1
1
1
1
1
1
1
1
1
1
1
1
1
1
1
1
1
1
1
1
1
1
1
1
1
1
1
1
1
1
1
1
1
1
1
1
1
1
1
1
1
1
1
1
1
1
1
1
1
1
1
1
1
1
1
1
1
1
1
1
1
1
1
1
1
1
1
1
1
1
1
1
1
1
1
1
1
1
1
1
1
1
1
1
1
1
1
1
1
1
1
1
1
1
22
22
22
22
22
22
22
22
22
23
23
23
23
23
23
24
24
24
24
24
24
25
25
25
25
26
26
26
26
27
27
27
28
28
28
28
29
29
29
30
30
30
30
30
30
30
30
30
30
30
30
30
30
30
30
30
30
31
31
31
31
31
31
31
31
32
32
32
32
32
32
32
32
33
33
33
33
33
33
33
34
34
34
34
34
34
35
35
35
35
35
35
35
36
36
36
36
36
36
36
36
36
36
37
37
37
37
37
37
37
38
38
38
38
38
38
38
38
38
38
38
38
38
38
38
37
37
37
37
37
37
37
37
37
36
36
36
36
36
36
36
36
36
36
36
36
36
36
36
36
36
36
36
36
36
36
36
37
37
37
37
37
37
37
37
37
37
37
37
37
37
37
37
37
37
37
37
37
37
37
37
37
37
37
37
37
37
37
38
38
38
38
38
38
38
38
39
39
39
39
40
40
40
40
41
41
41
41
41
42
42
42
43
43
45
46
48
49
52
54
56
57
59
60
61
63
64
66
67
68
70
294
299
306
312
341
417
423
430
436
444
527
527
526
527
528
528
528
527
526
526
525
525
526
528
529
530
530
531
532
531
531
442
516
511
505
500
494
486
446
437
429
410
405
399
393
382
373
366
359
354
349
345
340
336
328
322
340
343
348
353
357
361
365
370
375
381
388
397
407
427
433
438
485
491
495
500
427
432
437
444
527
529
530
530
530
529
529
529
528
526
526
527
528
528
528
528
527
527
527
526
448
441
434
426
419
413
337
317
308
302
295
64
62
61
61
60
58
56
55
53
51
50
49
47
47
46
45
44
44
43
42
42
41
40
40
39
39
38
38
38
38
37
37
37
37
36
36
36
36
36
36
36
36
35
35
35
35
35
35
35
35
35
35
35
35
35
35
35
34
34
34
34
34
34
34
34
34
34
34
34
33
33
33
33
33
33
33
33
33
33
33
32
32
32
32
32
32
33
33
33
34
35
35
35
35
35
36
36
36
36
36
36
36
36
36
36
36
36
36
36
36
36
35
35
35
35
35
35
34
33
33
33
33
33
32
32
32
32
32
31
31
31
31
30
29
29
29
29
29
28
28
27
27
27
26
26
26
26
25
25
25
25
24
24
24
24
24
24
23
23
23
23
23
23
22
22
22
22
22
22
21
21
21
21
21
21
20
20
20
20
20
20
20
20
20
20
19
19
19
19
20
19
20
21
21
21
21
22
21
21
21
21
21
21
21
19
19
19
20
20
19
19
19
20
20
21
19
20
21
21
19
20
20
20
20
20
20
17
16
10
10
10
10
10
9
9
9
9
9
8
8
8
8
8
8
8
8
8
8
8
1
1
1
1
1
1
1
1
1
1
1
1
1
1
1
1
1
1
1
1
1
1
1
1
1
1
1
1
1
1
1
1
1
1
1
1
1
1
1
1
1
1
1
1
1
1
1
1
1
1
1
1
1
1
1
1
1
1
1
1
1
1
1
1
1
1
1
1
1
1
1
1
1
1
1
1
1
1
1
1
1
1
1
1
1
1
1
1
1
1
1
1
1
1
1
1
1
1
1
1
1
1
1
1
1
1
1
1
1
1
1
1
1
1
1
1
1
1
1
1
1
1
1
1
1
1
1
1
1
1
1
1
1
1
1
1
1
1
1
1
1
1
1
1
1
1
1
1
1
1
1
1
1
1
1
1
1
1
1
1
1
1
1
1
1
1
1
1
1
1
1
1
1
1
1
1
1
1
1
1
1
1
1
1
1
1
1
1
1
1
1
1
1
1
1
1
1
1
1
1
1
1
1
1
1
1
