# Vetor de dados - syn_f003742-1-Pre--front--vetorlinha.txt
# Total de elementos: 768
# Formato: um valor por linha
#==================================================

1
1
1
1
1
1
1
1
1
1
1
1
1
1
1
1
1
1
1
1
1
1
1
1
1
1
1
1
1
1
1
1
1
1
1
1
1
1
1
1
1
1
1
1
1
1
1
1
1
1
1
1
1
1
1
1
1
1
1
1
1
1
1
1
1
1
1
1
1
1
1
1
1
1
1
1
1
1
1
1
1
1
1
1
1
1
1
1
1
1
1
1
1
1
1
1
1
1
1
1
1
1
1
1
1
1
1
12
22
26
30
33
37
39
41
43
45
47
49
50
51
52
54
54
56
56
58
58
59
60
60
61
62
62
62
62
62
63
63
63
63
63
62
62
62
62
61
63
68
69
71
71
71
71
70
69
69
68
68
67
67
66
65
63
63
61
61
58
52
51
49
49
48
48
47
47
45
45
45
45
45
45
45
45
45
45
45
45
45
45
45
45
46
47
47
48
49
51
53
56
59
63
67
70
73
128
139
276
291
307
335
351
441
453
467
484
503
545
550
554
559
564
573
577
582
580
590
592
593
593
593
592
590
517
492
485
483
479
475
469
462
365
354
336
321
302
290
267
252
236
201
173
166
161
158
155
153
151
149
148
147
146
144
143
142
140
138
138
136
135
133
131
130
130
129
128
127
127
127
127
127
127
125
125
125
125
124
123
123
122
121
120
118
118
116
115
113
112
110
110
110
110
111
111
112
112
112
114
114
114
115
115
115
115
115
115
115
115
115
115
115
115
115
115
115
115
115
115
115
116
116
116
116
116
116
117
117
117
117
117
117
117
117
117
116
116
116
115
115
115
115
115
116
116
117
118
120
121
122
124
125
127
129
131
131
133
133
135
136
137
137
138
139
139
140
141
142
142
142
142
142
142
142
143
143
143
143
144
144
144
144
144
144
144
144
144
144
144
145
145
145
146
146
146
147
147
147
147
147
149
149
149
149
149
150
151
151
151
151
151
151
151
151
151
152
152
152
152
152
152
153
153
152
152
152
151
151
151
151
151
151
151
150
150
149
149
149
149
149
148
147
147
147
147
146
146
145
145
145
144
144
144
143
142
142
142
141
140
140
139
138
138
138
137
136
136
136
135
135
134
133
133
133
133
132
132
131
131
130
129
129
129
128
127
127
126
125
125
125
124
123
123
123
122
121
121
121
120
120
119
119
118
118
117
117
116
116
116
115
115
115
114
114
114
114
114
114
114
114
114
114
114
114
114
113
113
113
113
113
113
113
113
113
113
113
113
113
112
112
112
112
113
113
113
113
113
113
113
114
114
114
115
115
115
115
116
117
117
117
117
117
117
118
119
119
119
119
119
119
119
119
119
119
119
119
119
119
119
119
119
119
119
119
117
117
117
117
117
117
117
116
116
115
115
115
114
114
114
113
113
112
112
112
111
111
110
110
110
109
109
108
108
108
107
107
106
106
106
106
105
104
104
104
104
104
103
102
102
102
102
101
100
100
100
100
99
99
98
98
98
97
96
96
96
96
96
96
95
95
95
95
94
94
94
96
96
96
96
96
96
97
96
97
97
97
97
97
97
97
97
97
98
98
99
99
100
101
101
101
103
103
105
106
107
108
109
111
111
113
113
115
115
116
117
117
116
116
116
114
114
113
112
110
108
107
105
102
99
98
93
44
42
1
1
1
1
1
1
1
1
1
1
1
1
1
1
1
1
1
1
1
1
1
1
1
1
1
1
1
1
1
1
1
1
1
1
1
1
1
1
1
1
1
1
1
1
1
1
