# Vetor de dados - syn_f000316-3-Pre--front--vetorcoluna.txt
# Total de elementos: 1024
# Formato: um valor por linha
#==================================================

1
1
1
1
1
1
1
1
1
1
1
1
1
1
1
1
1
1
1
1
1
1
1
1
1
1
1
1
1
1
1
1
1
1
1
1
1
1
1
1
1
1
1
1
1
1
1
1
1
1
1
1
1
1
1
1
1
1
1
1
1
1
1
1
1
1
1
1
1
1
1
1
1
1
1
1
1
1
1
1
1
1
1
1
1
1
1
1
1
1
1
1
1
1
1
1
1
1
1
1
1
1
1
1
1
1
1
1
1
1
1
1
1
1
1
1
1
1
1
1
1
1
1
1
1
1
1
1
1
1
1
1
1
1
1
1
1
1
1
1
1
1
1
1
1
1
1
1
1
1
1
1
1
1
1
1
1
1
1
1
1
1
1
1
1
1
1
1
1
1
1
1
1
1
1
1
1
1
1
1
1
1
1
1
1
1
1
1
1
1
1
1
1
1
1
1
1
1
1
1
1
1
1
1
1
1
1
1
1
1
1
1
1
1
1
1
1
1
1
1
1
1
1
1
1
1
1
1
1
1
1
1
1
1
1
1
1
1
1
1
1
1
1
1
1
1
20
20
20
20
20
20
20
18
18
18
18
20
20
20
20
24
25
25
25
26
25
25
25
25
25
24
24
24
24
23
23
23
23
23
23
23
23
23
22
22
22
22
21
21
21
20
19
20
18
18
17
18
17
17
17
17
17
17
17
18
18
18
18
18
19
19
19
21
21
21
21
22
22
23
23
24
24
24
24
25
25
25
26
26
26
26
28
28
28
28
29
29
29
29
30
30
31
31
32
32
32
32
32
32
33
33
33
33
33
33
33
34
34
34
34
34
34
33
33
33
33
33
33
33
33
33
33
33
33
33
31
31
31
31
31
31
30
30
30
30
30
30
30
31
31
31
31
31
31
31
32
32
32
32
32
32
33
33
33
33
33
33
34
34
34
34
34
34
34
34
34
34
34
33
34
34
34
34
34
34
34
34
34
34
35
35
35
35
36
36
36
37
37
37
38
38
38
38
39
40
40
40
41
41
42
43
43
44
46
48
52
54
56
57
58
60
62
64
287
387
390
393
396
400
404
474
476
476
476
476
476
477
477
478
477
476
476
477
477
479
479
480
480
554
554
554
553
491
487
484
480
474
469
463
456
411
407
403
398
393
381
374
367
358
348
343
337
333
330
333
337
342
347
351
359
365
372
390
395
399
402
453
459
465
469
473
476
406
410
470
472
474
474
475
474
474
474
473
473
471
472
473
473
473
473
472
472
472
471
470
400
396
392
389
385
382
379
296
291
287
55
54
52
51
48
45
44
43
42
41
41
41
41
39
39
39
39
37
37
37
36
36
36
36
35
35
35
34
34
34
34
34
34
34
34
34
34
34
34
33
33
33
33
33
33
33
33
33
33
33
33
33
32
32
32
32
32
32
32
31
31
31
31
31
31
31
30
31
31
31
31
31
31
31
31
31
31
32
32
32
32
32
33
33
33
33
34
34
34
34
34
34
34
34
34
34
34
34
34
34
34
34
34
34
34
33
33
33
33
33
32
32
32
32
31
31
31
30
29
29
29
28
28
28
28
27
27
27
26
26
25
25
25
24
24
24
23
23
23
23
23
22
22
22
22
20
20
20
20
20
19
19
19
19
20
18
18
18
18
19
20
20
20
21
22
23
23
24
24
24
24
25
25
25
25
25
25
25
25
25
26
26
26
26
27
27
27
28
28
28
28
29
29
28
28
28
27
21
21
21
21
21
21
21
21
1
1
1
1
1
1
1
1
1
1
1
1
1
1
1
1
1
1
1
1
1
1
1
1
1
1
1
1
1
1
1
1
1
1
1
1
1
1
1
1
1
1
1
1
1
1
1
1
1
1
1
1
1
1
1
1
1
1
1
1
1
1
1
1
1
1
1
1
1
1
1
1
1
1
1
1
1
1
1
1
1
1
1
1
1
1
1
1
1
1
1
1
1
1
1
1
1
1
1
1
1
1
1
1
1
1
1
1
1
1
1
1
1
1
1
1
1
1
1
1
1
1
1
1
1
1
1
1
1
1
1
1
1
1
1
1
1
1
1
1
1
1
1
1
1
1
1
1
1
1
1
1
1
1
1
1
1
1
1
1
1
1
1
1
1
1
1
1
1
1
1
1
1
1
1
1
1
1
1
1
1
1
1
1
1
1
1
1
1
1
1
1
1
1
1
1
1
1
1
1
1
1
1
1
1
1
1
1
1
1
1
1
1
1
1
1
1
1
1
1
1
1
1
1
1
1
1
1
1
1
1
1
1
1
1
1
1
1
1
1
1
1
1
1
1
1
1
1
1
1
1
1
1
