# Vetor de dados - syn_f003860-1-Pre--front--vetorcoluna.txt
# Total de elementos: 1024
# Formato: um valor por linha
#==================================================

1
1
1
1
1
1
1
1
1
1
1
1
1
1
1
1
1
1
1
1
1
1
1
1
1
1
1
1
1
1
1
1
1
1
1
1
1
1
1
1
1
1
1
1
1
1
1
1
1
1
1
1
1
1
1
1
1
1
1
1
1
1
1
1
1
1
1
1
1
1
1
1
1
1
1
1
1
1
1
1
1
1
1
1
1
1
1
1
1
1
1
1
1
1
1
1
1
1
1
1
1
1
1
1
1
1
1
1
1
1
1
1
1
1
1
1
1
1
1
1
1
1
1
1
1
1
1
1
1
1
1
1
1
1
1
1
1
1
1
1
1
1
1
1
1
1
1
1
1
1
1
1
1
1
1
1
1
1
1
1
1
1
1
1
1
1
1
1
1
1
1
1
1
1
1
1
1
1
1
1
1
1
1
1
1
1
1
1
1
1
1
1
1
1
1
1
1
1
1
1
1
1
1
1
1
1
1
1
1
1
1
1
1
1
1
12
12
12
12
12
12
12
12
12
12
12
12
12
12
12
12
12
12
12
12
12
12
12
20
20
20
21
21
21
21
21
21
20
19
19
20
20
19
19
19
20
20
19
19
21
21
21
22
22
22
22
22
22
21
22
22
21
22
21
21
21
21
21
20
21
21
21
20
21
21
21
21
21
21
22
22
22
23
23
23
24
24
24
25
25
25
25
26
26
26
26
27
27
28
28
28
28
29
29
30
30
30
30
31
31
31
31
32
33
33
33
33
34
34
34
34
34
35
35
35
35
35
35
36
36
36
36
36
36
36
36
37
37
37
37
37
37
37
37
37
37
37
37
37
37
37
37
37
37
37
36
36
36
35
35
35
35
35
34
34
34
34
34
34
34
34
34
34
35
35
35
35
35
35
35
35
35
35
35
35
37
37
37
37
37
37
38
38
38
38
38
39
40
40
40
40
41
41
41
41
41
42
42
42
42
43
43
43
43
44
44
44
45
45
45
45
45
45
47
47
47
48
48
48
49
50
50
52
53
56
57
59
61
277
279
281
284
286
290
293
298
301
305
309
396
401
405
410
416
420
426
431
494
496
496
497
497
496
498
498
499
499
500
499
498
499
501
503
503
504
505
579
580
580
511
506
501
498
494
490
486
482
475
447
442
440
437
435
432
429
426
422
388
379
372
362
360
365
369
374
378
383
391
416
425
430
431
433
435
437
442
469
476
481
485
490
495
501
504
507
508
461
501
502
501
501
500
499
498
497
495
496
497
496
497
497
496
494
495
495
495
494
423
418
412
408
404
399
394
390
303
299
294
291
287
284
281
278
276
273
272
75
68
67
62
60
58
56
55
53
51
50
49
48
47
47
46
46
45
45
44
44
44
43
43
43
42
42
42
41
40
40
40
40
40
40
39
39
39
39
39
39
39
39
39
38
38
37
37
37
37
36
36
36
36
36
36
36
36
36
36
36
36
35
35
35
35
35
35
35
35
35
35
35
36
36
36
36
37
37
37
37
37
38
38
38
38
38
38
38
39
38
38
38
38
38
38
38
37
37
37
37
36
36
36
36
35
35
35
35
35
35
35
34
34
34
34
34
33
33
33
33
33
32
32
32
32
31
31
31
31
31
31
31
31
30
30
30
30
30
30
30
30
30
30
30
30
30
30
30
30
30
30
30
30
30
30
31
31
30
30
30
30
30
30
30
30
30
29
29
29
29
29
29
28
28
28
28
28
27
27
27
27
27
27
27
27
26
26
26
26
26
26
26
26
26
26
26
26
26
25
25
25
25
25
25
25
25
25
25
25
25
1
1
1
1
1
1
1
1
1
1
1
1
1
1
1
1
1
1
1
1
1
1
1
1
1
1
1
1
1
1
1
1
1
1
1
1
1
1
1
1
1
1
1
1
1
1
1
1
1
1
1
1
1
1
1
1
1
1
1
1
1
1
1
1
1
1
1
1
1
1
1
1
1
1
1
1
1
1
1
1
1
1
1
1
1
1
1
1
1
1
1
1
1
1
1
1
1
1
1
1
1
1
1
1
1
1
1
1
1
1
1
1
1
1
1
1
1
1
1
1
1
1
1
1
1
1
1
1
1
1
1
1
1
1
1
1
1
1
1
1
1
1
1
1
1
1
1
1
1
1
1
1
1
1
1
1
1
1
1
1
1
1
1
1
1
1
1
1
1
1
1
1
1
1
1
1
1
1
1
1
1
1
1
1
1
1
1
1
1
1
1
1
1
1
1
1
1
1
1
1
1
1
1
1
1
1
1
1
1
1
1
1
1
1
1
1
1
1
1
1
1
1
1
1
1
1
1
1
1
1
1
1
1
1
1
1
1
