# Vetor de dados - syn_f000999-0-Pre--left--vetorlinha.txt
# Total de elementos: 768
# Formato: um valor por linha
#==================================================

1
1
1
1
1
1
1
1
1
1
1
1
1
1
1
1
1
1
1
1
1
1
1
1
1
1
1
1
1
1
1
1
1
1
1
1
1
1
1
1
1
1
1
1
1
1
1
1
1
1
1
1
1
1
1
1
1
1
1
1
1
1
1
1
1
1
1
1
1
1
1
1
1
1
1
1
1
1
1
1
1
1
1
1
1
1
1
1
1
1
1
1
1
1
1
1
1
1
1
1
1
1
1
1
1
1
1
1
1
1
1
1
1
1
1
1
1
1
1
1
1
1
1
1
1
1
16
25
32
36
41
45
48
51
53
55
57
59
61
63
64
66
66
68
69
70
71
72
72
73
74
74
74
75
75
75
75
75
75
75
76
76
76
76
76
76
77
77
77
78
78
79
79
80
80
80
80
80
80
78
78
75
72
70
70
69
68
67
66
66
65
65
63
63
63
63
61
61
61
61
61
61
60
60
59
57
54
52
51
49
50
50
49
49
50
50
50
51
52
52
53
54
54
54
223
232
245
256
293
293
294
293
292
292
289
288
286
279
278
278
272
259
258
217
214
212
209
206
202
198
196
193
189
185
180
172
164
157
151
143
122
115
108
103
98
97
98
100
101
101
102
102
103
103
103
104
104
104
105
105
104
104
104
104
104
104
105
105
104
104
104
104
103
103
103
101
101
100
99
99
97
97
97
97
96
96
97
97
96
97
97
98
97
98
98
98
99
98
99
99
100
100
101
101
101
101
101
102
102
103
102
102
103
103
103
103
104
104
103
104
104
104
103
103
103
103
103
103
102
102
101
101
101
101
101
101
101
101
101
101
101
102
102
103
103
105
105
105
106
107
108
109
110
111
112
112
113
114
115
115
117
117
117
117
118
118
118
120
120
120
120
119
120
120
120
120
121
120
120
120
119
119
119
119
118
118
117
116
116
115
114
113
112
111
110
109
108
107
106
105
104
102
102
102
101
101
100
101
101
100
100
100
99
99
98
98
97
98
97
96
96
95
94
93
92
91
90
89
89
88
87
87
86
85
85
84
84
83
83
83
82
82
82
82
81
80
80
80
79
79
79
79
79
78
78
78
78
78
77
77
77
77
77
76
76
76
75
75
74
74
73
73
73
72
72
72
71
71
72
71
71
71
70
70
69
70
69
69
69
67
67
67
67
66
66
66
65
65
65
64
63
63
62
62
61
61
61
60
60
60
60
59
59
59
59
59
59
59
60
60
59
60
60
60
60
60
60
60
59
59
59
58
58
58
57
56
56
56
55
55
54
54
53
52
52
51
50
50
49
49
48
48
48
48
48
48
48
48
48
48
49
49
49
49
48
48
48
48
48
48
48
48
47
47
47
47
47
46
46
46
46
46
46
45
44
44
44
44
43
43
42
42
42
42
41
41
40
40
40
40
40
40
39
39
39
39
39
39
38
38
38
38
38
38
38
37
37
37
37
37
37
37
36
36
36
36
36
37
37
38
38
39
42
43
44
47
50
54
56
60
65
71
72
74
76
78
79
79
79
80
81
82
83
83
82
82
83
49
53
57
61
65
69
74
77
81
83
84
85
86
86
87
87
84
83
81
81
78
68
60
54
49
44
37
33
19
1
1
1
1
1
1
1
1
1
1
1
1
1
1
1
1
1
1
1
1
1
1
1
1
1
1
1
1
1
1
1
1
1
1
1
1
1
1
1
1
1
1
1
1
1
1
1
1
1
1
1
1
1
1
1
1
1
1
1
1
1
1
