# Vetor de dados - syn_f003676-3-Pre--left--vetorlinha.txt
# Total de elementos: 768
# Formato: um valor por linha
#==================================================

1
1
1
1
1
1
1
1
1
1
1
1
1
1
1
1
1
1
1
1
1
1
1
1
1
1
1
1
1
1
1
1
1
1
1
1
1
1
1
1
1
1
1
1
1
1
1
1
1
1
1
1
1
1
1
1
1
1
1
1
1
1
1
1
1
1
1
1
1
1
1
1
1
1
1
1
1
1
1
1
1
1
1
1
1
1
1
1
1
1
1
1
1
1
1
1
1
1
1
1
1
1
1
1
1
1
1
1
1
1
1
1
1
1
1
1
1
1
1
16
25
33
37
41
45
48
51
54
56
58
60
62
64
66
67
69
70
70
72
72
74
74
75
76
77
77
77
78
78
78
78
78
78
78
79
80
80
80
80
80
81
82
83
82
83
84
85
84
85
85
84
84
82
81
78
78
77
76
76
75
74
73
72
72
71
71
69
69
69
68
68
68
68
68
67
66
65
62
54
51
50
49
49
49
48
49
50
49
50
51
51
52
53
53
54
54
55
55
56
57
57
58
63
179
193
220
227
232
238
245
255
263
279
294
295
295
294
293
291
289
287
280
279
276
260
257
212
208
204
200
195
188
181
174
167
159
144
103
96
91
92
93
94
95
96
97
97
98
98
99
100
100
101
101
102
102
102
103
102
102
102
103
103
104
104
104
103
104
104
104
104
103
103
103
103
103
103
101
101
101
100
100
98
98
97
96
95
94
92
92
91
91
92
91
91
91
90
90
90
90
90
89
89
88
88
88
87
88
87
87
86
86
85
85
85
85
85
84
84
84
83
82
82
81
81
80
79
79
80
80
81
83
85
85
87
88
89
90
91
91
93
93
94
95
95
97
98
98
99
100
100
100
102
102
102
104
104
104
104
105
105
105
106
106
106
106
106
106
106
106
106
106
105
105
105
105
104
104
103
103
103
102
101
101
101
99
99
99
98
97
96
94
94
93
92
92
91
91
90
90
89
89
88
88
88
87
86
86
85
84
84
83
82
81
81
80
79
78
77
77
76
76
76
75
75
74
74
74
74
74
74
74
74
74
74
74
74
73
74
74
74
74
73
73
73
73
73
73
72
73
73
73
72
72
72
72
71
71
71
70
70
70
70
68
68
68
67
67
66
65
65
65
64
63
63
62
62
61
60
60
60
59
58
57
57
56
56
55
54
54
53
53
53
51
51
50
50
49
49
49
48
48
49
49
48
48
48
48
48
48
48
48
48
48
48
48
49
49
49
48
48
49
49
49
50
49
49
50
49
49
50
49
49
50
49
49
50
49
49
50
50
49
49
48
49
49
48
48
48
47
47
47
46
46
46
46
46
46
46
45
45
45
45
45
45
45
45
46
45
45
45
45
45
46
46
46
46
46
46
45
45
44
44
44
44
44
44
44
44
44
42
42
42
42
41
41
40
40
39
39
38
38
37
37
36
36
35
35
35
34
34
33
33
32
32
32
31
31
31
31
31
31
31
30
30
31
31
31
32
33
33
34
36
36
37
39
40
42
44
46
50
54
56
59
61
63
65
69
71
73
76
77
79
81
81
81
81
81
38
38
39
41
42
43
46
48
50
53
56
61
68
73
77
81
84
86
88
90
92
92
90
90
88
85
83
79
63
54
47
44
39
1
1
1
1
1
1
1
1
1
1
1
1
1
1
1
1
1
1
1
1
1
1
1
1
1
1
1
1
1
1
1
1
1
1
1
1
1
1
1
1
1
1
1
1
1
1
1
1
1
1
1
1
1
1
1
1
1
