# Vetor de dados - syn_f000407-1-Pre--left--vetorlinha.txt
# Total de elementos: 768
# Formato: um valor por linha
#==================================================

1
1
1
1
1
1
1
1
1
1
1
1
1
1
1
1
1
1
1
1
1
1
1
1
1
1
1
1
1
1
1
1
1
1
1
1
1
1
1
1
1
1
1
1
1
1
1
1
1
1
1
1
1
1
1
1
1
1
1
1
1
1
1
1
1
1
1
1
1
1
1
1
1
1
1
1
1
1
1
1
1
1
1
1
1
1
1
1
1
1
1
1
1
1
1
1
1
1
1
1
1
1
1
1
1
1
1
1
1
1
1
1
1
1
1
1
1
1
1
1
1
1
1
1
1
1
1
1
5
21
28
33
38
42
44
47
50
52
55
57
59
60
62
63
64
66
66
68
68
68
70
70
71
72
72
72
72
72
73
73
73
73
74
74
74
75
75
75
76
76
77
77
78
78
79
79
79
78
78
76
74
70
68
67
66
65
63
62
62
61
60
59
58
58
58
58
57
57
57
57
56
55
54
52
49
45
43
43
41
41
41
40
40
40
39
40
39
39
40
39
40
40
40
40
41
41
42
43
155
189
202
212
228
251
272
272
272
271
271
269
268
266
259
258
257
251
240
237
192
187
182
178
173
168
162
156
146
140
102
95
89
82
77
72
68
68
68
69
69
70
71
71
73
72
74
73
73
74
74
74
75
75
75
74
75
75
75
75
75
75
74
73
73
73
73
73
72
72
71
71
70
70
69
68
67
66
66
65
65
65
64
64
63
64
63
63
64
64
64
64
65
65
65
65
65
65
64
64
64
64
64
64
64
64
64
64
63
63
63
63
62
62
62
62
62
61
61
61
61
61
61
61
61
61
61
63
62
63
63
64
64
64
65
66
66
67
67
67
68
68
68
68
68
68
69
69
70
70
70
71
71
71
72
72
72
73
72
72
73
73
73
73
74
74
74
74
75
74
75
74
74
75
75
75
75
75
75
75
75
76
76
75
75
75
75
74
74
75
75
75
75
76
76
76
76
76
77
77
77
77
77
77
77
77
77
77
76
76
75
75
75
74
74
73
72
71
70
70
69
68
68
67
66
66
65
65
64
64
64
64
64
63
63
63
63
62
62
61
61
61
61
61
61
61
61
60
60
60
60
60
60
60
60
59
59
59
60
60
59
59
59
59
59
59
58
58
58
58
57
57
57
57
56
56
55
55
54
54
54
54
53
53
53
53
52
52
51
51
50
50
50
49
49
49
49
48
48
48
48
48
48
48
47
47
48
48
48
49
49
50
50
50
51
51
52
52
52
52
52
52
52
52
52
52
52
51
51
51
50
50
49
49
48
49
48
47
47
46
46
46
45
45
44
44
44
44
44
44
44
44
44
44
44
43
43
43
43
43
43
43
44
44
43
43
43
43
43
43
43
43
42
42
42
42
42
42
42
42
42
42
42
41
41
41
41
41
41
41
40
40
40
40
40
39
39
39
39
39
39
38
38
38
38
38
38
37
37
37
37
37
37
37
36
36
36
36
37
37
38
39
39
41
43
45
47
49
51
53
55
57
58
59
61
64
67
70
72
76
80
84
84
84
84
83
83
83
65
55
58
61
64
66
70
73
76
80
82
86
89
89
89
88
87
84
85
83
69
56
48
42
36
33
1
1
1
1
1
1
1
1
1
1
1
1
1
1
1
1
1
1
1
1
1
1
1
1
1
1
1
1
1
1
1
1
1
1
1
1
1
1
1
1
1
1
1
1
1
1
1
1
1
1
1
1
1
1
1
1
1
1
1
1
1
1
1
1
1
1
