# Vetor de dados - syn_f003205-3-Pre--left--vetorlinha.txt
# Total de elementos: 768
# Formato: um valor por linha
#==================================================

1
1
1
1
1
1
1
1
1
1
1
1
1
1
1
1
1
1
1
1
1
1
1
1
1
1
1
1
1
1
1
1
1
1
1
1
1
1
1
1
1
1
1
1
1
1
1
1
1
1
1
1
1
1
1
1
1
1
1
1
1
1
1
1
1
1
1
1
1
1
1
1
1
1
1
1
1
1
1
1
1
1
1
1
1
1
1
1
1
1
1
1
1
1
1
1
1
1
1
1
1
1
1
1
1
1
1
1
1
1
1
1
1
1
1
1
1
1
1
1
1
1
1
1
1
1
20
27
33
37
41
44
47
49
52
53
55
58
59
61
63
64
65
66
68
68
69
70
70
71
71
72
72
72
73
73
73
73
73
73
73
73
73
74
73
73
74
75
75
76
76
77
77
78
78
78
78
77
77
75
73
71
70
69
69
69
68
67
66
65
65
65
64
63
63
62
62
62
62
62
62
62
62
61
60
58
57
55
52
52
50
50
50
49
49
50
50
50
51
51
52
53
54
54
55
55
56
57
64
74
86
93
102
139
145
154
160
164
168
173
177
181
187
193
200
207
212
216
219
221
224
228
232
236
241
245
249
256
262
266
272
281
282
282
281
280
278
275
266
265
183
175
91
92
92
93
93
92
93
93
93
93
93
93
94
94
93
93
93
94
93
93
93
92
92
92
91
91
89
89
89
87
86
85
84
82
81
80
78
78
77
76
77
77
77
77
77
76
76
76
76
76
76
75
74
74
73
73
71
71
70
70
70
69
68
68
67
67
67
67
66
66
66
66
66
67
67
67
67
67
67
69
69
70
70
70
72
72
73
74
75
77
78
78
79
81
82
82
84
85
86
87
88
89
91
91
93
93
94
95
96
96
98
98
99
99
99
100
100
101
101
101
101
102
102
102
102
102
103
103
102
103
102
102
102
102
102
102
102
102
101
101
101
100
100
99
99
99
98
98
97
97
96
96
94
94
95
95
94
94
94
93
93
92
92
92
92
92
91
91
90
88
88
87
87
86
85
85
84
84
83
84
84
83
83
83
83
82
82
82
81
81
81
82
82
82
82
82
82
81
81
81
81
81
82
82
81
81
81
81
81
79
79
79
79
78
78
78
77
77
76
76
76
76
76
74
74
74
74
73
72
72
71
71
70
70
69
69
68
67
67
67
66
65
64
64
63
63
62
61
60
60
59
59
58
57
56
56
55
55
54
54
54
53
53
53
52
52
51
52
52
53
52
52
53
53
54
53
54
54
54
54
53
54
53
54
53
53
53
52
52
51
51
51
51
50
49
49
49
49
48
48
48
47
47
47
47
47
47
47
47
48
48
48
48
49
49
49
49
49
50
50
49
49
49
49
49
49
49
49
49
49
49
49
47
47
47
47
47
47
46
46
45
45
44
44
44
42
42
42
42
41
40
40
39
39
39
37
37
36
36
36
36
34
34
34
34
33
33
33
33
32
32
32
32
32
32
33
33
35
36
37
39
40
42
45
47
49
53
55
58
61
65
68
72
73
75
78
80
81
81
82
83
84
85
85
85
86
85
65
63
66
69
73
76
81
84
86
86
88
89
89
88
88
87
87
86
85
82
61
53
48
45
41
34
1
1
1
1
1
1
1
1
1
1
1
1
1
1
1
1
1
1
1
1
1
1
1
1
1
1
1
1
1
1
1
1
1
1
1
1
1
1
1
1
1
1
1
1
1
1
1
1
1
1
1
1
1
1
1
1
1
1
1
1
1
1
1
