# Vetor de dados - syn_f000438-0-Pre--front--vetorcoluna.txt
# Total de elementos: 1024
# Formato: um valor por linha
#==================================================

1
1
1
1
1
1
1
1
1
1
1
1
1
1
1
1
1
1
1
1
1
1
1
1
1
1
1
1
1
1
1
1
1
1
1
1
1
1
1
1
1
1
1
1
1
1
1
1
1
1
1
1
1
1
1
1
1
1
1
1
1
1
1
1
1
1
1
1
1
1
1
1
1
1
1
1
1
1
1
1
1
1
1
1
1
1
1
1
1
1
1
1
1
1
1
1
1
1
1
1
1
1
1
1
1
1
1
1
1
1
1
1
1
1
1
1
1
1
1
1
1
1
1
1
1
1
1
1
1
1
1
1
1
1
1
1
1
1
1
1
1
1
1
1
1
1
1
1
1
1
1
1
1
1
1
1
1
1
1
1
1
1
1
1
1
1
1
1
1
1
1
1
1
1
1
1
1
1
1
1
1
1
1
1
1
1
1
1
1
1
1
1
1
1
1
1
1
1
1
1
1
1
1
1
1
1
1
1
1
1
1
1
1
1
1
1
1
1
6
8
8
8
8
8
8
8
8
9
8
8
8
8
8
8
8
10
10
10
10
12
16
17
18
18
18
18
18
18
20
19
18
18
18
18
17
18
18
18
18
18
20
19
19
19
20
20
20
19
19
20
20
19
19
20
18
17
17
17
17
17
17
17
17
17
17
17
17
17
17
17
17
17
17
17
17
18
18
20
20
20
20
20
20
20
21
21
21
22
22
22
22
22
22
23
23
24
24
24
24
24
24
25
25
26
26
26
27
27
27
27
27
28
28
28
28
28
28
29
29
29
30
31
31
31
31
31
31
31
32
32
32
32
33
33
33
33
33
33
33
33
33
33
33
33
33
32
32
32
32
31
31
30
30
30
30
30
30
30
29
29
29
29
29
29
29
29
29
29
29
29
29
29
29
29
29
29
29
29
29
29
29
30
30
30
30
31
31
31
31
31
31
31
31
31
32
32
33
33
33
33
33
33
34
34
34
35
36
36
36
36
37
38
38
38
38
40
40
41
41
43
43
45
47
49
51
52
53
56
57
58
58
60
61
62
64
280
286
291
298
305
326
384
391
397
403
409
416
505
505
504
505
506
506
506
505
505
504
505
506
507
508
508
508
509
509
509
435
429
423
499
496
492
487
482
441
439
436
432
427
384
374
369
363
360
356
352
348
344
341
335
334
344
348
353
357
361
363
368
373
381
399
427
432
436
439
442
445
484
488
492
496
500
506
512
514
513
513
512
510
509
507
507
507
508
509
509
507
506
506
506
507
506
505
504
420
413
406
401
395
388
382
317
304
297
290
283
63
61
60
60
59
58
57
57
55
54
52
50
49
47
46
45
43
42
41
40
39
38
38
37
37
36
35
34
34
33
33
32
32
32
32
30
30
30
30
30
29
29
29
29
29
28
29
29
29
29
28
28
28
28
27
27
27
27
27
27
27
27
27
27
27
27
27
27
27
28
28
28
28
28
28
28
28
29
29
29
29
30
30
30
30
31
31
31
31
31
32
32
32
32
32
32
33
33
33
33
33
33
33
33
33
33
33
33
33
33
33
33
33
33
33
33
33
33
33
33
33
33
33
33
33
33
33
33
33
33
33
33
32
32
32
32
32
32
32
32
32
32
32
32
32
32
32
32
32
32
1
1
1
1
1
1
1
1
1
1
1
1
1
1
1
1
1
1
1
1
1
1
1
1
1
1
1
1
1
1
1
1
1
1
1
1
1
32
32
32
32
32
31
31
31
1
1
1
1
1
1
1
1
1
1
1
31
30
30
30
30
30
30
30
30
1
1
1
1
1
1
1
1
1
1
1
1
1
1
1
1
1
1
1
1
1
1
1
1
1
1
1
1
1
1
1
1
1
1
1
1
1
1
1
1
1
1
1
1
1
1
1
1
1
1
1
1
1
1
1
1
1
1
1
1
1
1
1
1
1
1
1
1
1
1
1
1
1
1
1
1
1
1
1
1
1
1
1
1
1
1
1
1
1
1
1
1
1
1
1
1
1
1
1
1
1
1
1
1
1
1
1
1
1
1
1
1
1
1
1
1
1
1
1
1
1
1
1
1
1
1
1
1
1
1
1
1
1
1
1
1
1
1
1
1
1
1
1
1
1
1
1
1
1
1
1
1
1
1
1
1
1
1
1
1
1
1
1
1
1
1
1
1
1
1
1
1
1
1
1
1
1
1
1
1
1
1
1
1
1
1
1
1
1
1
1
1
1
1
1
1
1
1
1
1
1
1
1
1
1
1
1
1
1
1
1
1
1
1
1
1
1
1
1
1
1
1
1
1
1
1
1
1
1
1
1
1
1
1
1
1
1
1
1
1
1
1
1
