# Vetor de dados - syn_f001491-2-Pre--left--vetorlinha.txt
# Total de elementos: 768
# Formato: um valor por linha
#==================================================

1
1
1
1
1
1
1
1
1
1
1
1
1
1
1
1
1
1
1
1
1
1
1
1
1
1
1
1
1
1
1
1
1
1
1
1
1
1
1
1
1
1
1
1
1
1
1
1
1
1
1
1
1
1
1
1
1
1
1
1
1
1
1
1
1
1
1
1
1
1
1
1
1
1
1
1
1
1
1
1
1
1
1
1
1
1
1
1
1
1
1
1
1
1
1
1
1
1
1
1
1
1
1
1
1
1
1
1
1
1
1
1
1
1
1
1
1
1
1
1
1
1
1
1
1
1
1
1
1
1
1
1
1
1
1
1
1
1
18
26
33
38
42
46
48
51
54
56
58
60
62
64
66
67
68
69
70
72
72
73
74
75
75
76
77
77
77
77
77
78
78
78
78
78
78
79
79
80
80
81
82
83
82
83
84
85
84
84
83
82
80
78
76
76
75
74
73
73
71
70
70
69
68
67
67
67
67
66
65
65
66
66
64
63
61
57
51
49
48
47
47
47
48
47
48
48
48
48
49
50
52
53
53
54
55
55
56
61
75
85
93
147
154
160
166
172
183
194
203
207
210
215
219
223
229
235
240
249
257
264
275
277
276
276
275
273
271
268
260
259
185
178
173
162
152
103
99
100
101
101
102
102
103
103
103
103
104
104
104
104
103
103
103
103
102
102
101
100
100
100
100
99
98
98
98
97
96
95
94
93
92
91
90
90
90
90
90
89
89
89
89
89
88
88
88
87
86
86
86
85
85
85
84
84
83
83
83
82
82
82
82
80
80
80
80
80
79
79
79
79
79
79
78
77
77
77
77
76
76
76
76
77
79
79
80
82
84
85
87
87
88
90
90
91
91
92
92
93
93
95
95
95
95
95
95
96
96
96
95
96
96
96
95
96
96
95
95
96
95
95
95
94
94
95
95
94
94
94
94
94
94
93
94
94
95
95
95
95
95
95
96
96
96
96
96
96
95
96
96
95
94
94
94
93
92
92
92
91
90
90
90
89
89
88
87
87
87
86
86
86
85
84
84
84
84
83
83
83
83
83
83
81
81
81
81
81
80
80
80
80
78
78
78
78
77
77
77
76
76
76
75
74
74
73
73
73
72
72
72
72
71
71
70
70
70
68
68
68
67
67
66
66
65
65
64
63
63
62
62
61
61
60
60
58
58
57
57
56
56
55
55
55
53
53
53
54
53
53
52
52
52
52
51
52
51
51
51
51
50
51
51
51
50
51
50
51
50
50
50
51
50
50
50
50
50
50
50
50
49
49
48
48
48
48
47
47
47
47
46
46
46
46
47
47
46
46
47
47
47
47
47
48
48
48
48
48
48
48
48
47
47
47
47
47
47
47
47
47
46
46
45
45
45
45
45
44
43
43
43
43
41
41
41
41
40
40
39
38
38
38
38
37
36
36
36
36
35
35
35
35
35
34
35
35
35
35
36
36
35
35
36
37
38
39
39
41
43
45
48
52
55
59
62
66
70
73
76
78
79
80
81
82
82
83
82
82
83
79
64
67
71
74
78
81
83
84
85
87
88
87
85
84
82
81
78
72
64
55
48
39
32
1
1
1
1
1
1
1
1
1
1
1
1
1
1
1
1
1
1
1
1
1
1
1
1
1
1
1
1
1
1
1
1
1
1
1
1
1
1
1
1
1
1
1
1
1
1
1
1
1
1
1
1
1
1
1
1
1
1
1
1
1
1
1
1
1
1
1
1
1
1
1
1
1
1
1
1
1
