# Vetor de dados - syn_f003768-0-Pre--left--vetorlinha.txt
# Total de elementos: 768
# Formato: um valor por linha
#==================================================

1
1
1
1
1
1
1
1
1
1
1
1
1
1
1
1
1
1
1
1
1
1
1
1
1
1
1
1
1
1
1
1
1
1
1
1
1
1
1
1
1
1
1
1
1
1
1
1
1
1
1
1
1
1
1
1
1
1
1
1
1
1
1
1
1
1
1
1
1
1
1
1
1
1
1
1
1
1
1
1
1
1
1
1
1
1
1
1
1
1
1
1
1
1
1
1
1
1
1
1
1
1
1
1
1
1
1
16
24
32
36
40
44
47
50
53
55
56
58
60
62
64
66
67
68
69
71
71
72
73
73
74
75
76
76
76
76
76
77
77
77
77
77
77
78
78
78
78
79
79
80
80
81
81
82
81
82
82
81
80
78
76
74
73
71
70
69
67
67
65
64
63
63
62
60
60
60
59
59
59
59
59
58
57
56
55
55
54
52
50
46
44
43
43
42
43
42
43
42
43
43
43
44
44
45
45
46
47
48
48
49
49
50
51
51
52
52
54
54
55
56
58
62
162
170
178
185
192
202
210
223
228
231
236
240
246
253
259
264
274
282
295
296
296
296
296
294
291
288
281
280
261
202
190
171
158
142
128
120
115
107
97
90
91
91
92
92
93
94
94
95
95
95
95
95
95
95
95
95
95
95
96
95
95
95
95
95
95
95
94
94
94
93
92
92
91
91
89
88
86
86
87
86
85
86
86
85
86
85
86
85
85
85
86
85
85
85
86
85
85
85
85
85
85
85
85
85
85
85
84
84
83
84
84
83
83
83
83
82
82
82
82
82
82
82
82
82
83
83
84
85
85
86
87
87
88
88
89
89
90
90
90
90
91
92
92
93
93
94
93
94
94
95
96
96
96
96
97
97
97
97
97
98
98
98
98
98
97
97
98
98
97
98
98
98
97
97
97
96
97
97
96
96
95
95
95
94
93
93
92
92
92
93
93
93
92
93
93
93
93
93
94
94
94
94
93
93
93
93
93
93
93
93
92
92
92
92
91
90
90
89
89
88
86
84
83
83
83
81
81
80
80
79
79
78
78
78
78
78
78
78
77
76
76
76
76
76
76
75
75
75
75
75
75
74
74
74
74
74
73
73
73
73
72
72
72
72
72
71
71
71
71
70
70
70
70
69
69
68
68
67
67
67
67
66
66
66
66
65
64
64
63
63
63
62
62
62
60
60
60
59
59
59
58
58
58
57
57
57
56
56
56
55
55
55
55
56
55
55
55
56
56
55
56
56
56
56
57
57
56
56
56
56
55
55
55
54
55
54
54
53
54
54
53
53
54
53
53
53
53
53
52
52
51
51
50
50
50
50
50
50
50
50
50
49
49
49
49
49
49
49
49
49
49
49
48
48
48
48
48
49
49
48
48
48
48
48
48
47
47
47
47
47
46
46
46
46
45
45
44
44
44
44
44
43
43
42
42
42
42
41
41
41
41
40
40
39
39
39
39
39
38
37
37
37
37
37
37
36
36
35
35
35
35
35
35
35
35
36
36
36
36
37
38
40
41
42
45
47
48
50
53
55
57
60
62
65
68
72
74
75
77
79
81
81
81
82
84
85
87
87
87
88
87
49
51
54
56
58
61
65
68
71
73
76
80
83
84
86
88
88
90
90
89
88
86
83
68
60
54
50
45
40
38
1
1
1
1
1
1
1
1
1
1
1
1
1
1
1
1
1
1
1
1
1
1
1
1
1
1
1
1
1
1
1
1
1
1
1
1
1
1
1
1
1
1
1
1
