# Vetor de dados - syn_f000184-1-Pre--front--vetorlinha.txt
# Total de elementos: 768
# Formato: um valor por linha
#==================================================

1
1
1
1
1
1
1
1
1
1
1
1
1
1
1
1
1
1
1
1
1
1
1
1
1
1
1
1
1
1
1
1
1
1
1
1
1
1
1
1
1
1
1
1
1
1
1
1
1
1
1
1
1
1
1
1
1
1
1
1
1
1
1
1
1
1
1
1
1
1
1
1
1
1
1
1
1
1
1
1
1
1
1
1
1
1
1
1
1
1
1
1
1
1
1
1
1
1
1
1
1
1
1
1
1
1
1
1
1
1
1
1
1
1
1
1
1
1
1
1
1
1
1
1
1
1
1
1
1
1
1
1
1
1
1
1
12
22
26
30
34
37
38
41
43
45
46
48
50
50
52
53
54
55
56
56
58
58
58
60
60
60
60
60
60
60
60
60
60
60
60
59
59
59
64
67
67
67
67
67
67
67
66
65
65
64
63
63
62
61
59
59
57
54
51
51
51
50
49
49
47
47
46
45
44
43
43
44
44
44
43
43
43
42
42
42
43
45
48
52
57
61
66
75
89
101
128
139
148
158
166
265
277
368
381
394
410
430
443
457
469
480
489
498
522
539
546
551
558
568
582
581
565
557
560
560
560
557
534
469
463
456
449
442
352
296
279
258
173
163
157
154
150
147
146
145
143
142
141
139
139
137
136
135
133
131
129
128
127
125
125
123
122
121
121
120
119
119
117
117
117
117
116
116
115
115
115
114
113
113
113
111
111
111
109
109
109
108
107
106
106
104
103
102
100
100
100
100
100
100
100
100
100
101
101
101
101
101
101
102
103
103
103
103
103
103
103
103
103
103
103
103
104
104
104
104
105
106
106
108
108
108
110
110
110
110
110
111
111
111
111
111
112
112
113
114
114
114
115
116
116
116
117
117
117
117
119
119
119
119
119
119
119
119
119
119
119
119
119
119
120
121
121
121
121
121
121
121
121
122
123
123
123
123
123
124
124
124
125
125
126
126
126
126
126
126
126
126
126
126
126
126
126
126
126
126
126
126
125
125
125
124
124
124
124
123
123
123
122
122
122
122
122
121
121
120
120
120
120
119
119
119
118
118
118
118
118
118
118
117
117
116
116
116
116
116
116
115
114
114
114
114
114
113
113
112
112
112
112
111
111
111
110
110
109
109
109
109
108
108
107
107
106
106
106
105
104
104
104
103
103
102
102
102
101
101
100
100
99
99
99
99
99
99
99
99
98
98
99
98
97
97
97
97
97
97
97
97
98
98
98
98
99
99
99
99
99
101
101
101
101
103
103
103
103
104
105
105
105
105
105
107
107
107
107
107
107
107
107
107
107
107
107
107
107
107
107
107
107
107
106
106
105
105
105
105
104
104
103
103
103
103
102
101
101
101
101
100
99
99
99
98
98
97
97
97
97
96
95
95
95
95
93
93
93
93
93
91
91
91
91
89
89
89
88
87
87
87
86
86
85
85
84
84
84
83
83
83
83
83
83
83
83
83
84
84
85
85
85
86
86
87
86
86
86
86
86
85
84
85
85
86
86
86
87
87
88
89
89
91
92
93
94
95
96
97
98
98
98
100
100
101
101
101
101
100
101
102
100
100
96
94
93
91
86
84
36
1
1
1
1
1
1
1
1
1
1
1
1
1
1
1
1
1
1
1
1
1
1
1
1
1
1
1
1
1
1
1
1
1
1
1
1
1
1
1
1
1
1
1
1
1
1
1
1
1
1
1
1
1
1
1
1
1
1
1
1
1
1
1
1
1
1
1
1
1
1
1
