# Vetor de dados - syn_f000398-0-Pre--left--vetorlinha.txt
# Total de elementos: 768
# Formato: um valor por linha
#==================================================

1
1
1
1
1
1
1
1
1
1
1
1
1
1
1
1
1
1
1
1
1
1
1
1
1
1
1
1
1
1
1
1
1
1
1
1
1
1
1
1
1
1
1
1
1
1
1
1
1
1
1
1
1
1
1
1
1
1
1
1
1
1
1
1
1
1
1
1
1
1
1
1
1
1
1
1
1
1
1
1
1
1
1
1
1
1
1
1
1
1
1
1
1
1
1
1
1
1
1
1
1
1
1
1
1
1
1
1
1
1
1
1
1
1
1
1
1
1
1
1
1
1
1
1
1
22
27
31
36
40
44
47
50
53
55
57
59
61
63
65
66
68
68
70
70
71
72
73
74
74
75
76
76
76
76
76
76
76
76
77
77
77
76
77
77
77
77
78
78
79
79
80
81
81
81
80
79
78
76
75
73
71
71
71
70
69
68
67
66
65
65
64
63
63
61
61
61
60
60
60
60
60
59
58
58
57
56
55
54
53
52
52
51
51
51
52
51
52
52
52
53
54
71
80
85
170
178
190
221
230
236
245
256
264
280
291
304
304
304
303
303
301
298
297
290
287
287
284
265
215
211
206
201
198
194
189
183
177
172
168
162
154
147
141
132
122
117
113
108
103
101
102
103
103
104
105
106
106
107
107
108
109
108
109
109
110
110
111
111
112
112
112
112
112
112
111
111
111
111
110
109
109
109
107
106
104
102
101
100
101
101
102
102
102
103
103
103
103
103
103
104
103
104
103
104
103
102
102
102
102
102
102
102
103
103
104
103
103
104
104
104
105
105
105
105
106
106
108
108
109
108
109
109
110
109
110
110
111
112
112
113
114
114
115
116
116
117
118
119
119
119
119
121
121
121
122
122
121
121
122
122
122
122
121
121
122
121
121
120
120
120
120
120
119
119
118
118
117
117
116
116
116
114
115
114
114
113
112
112
111
110
108
108
107
106
106
104
103
101
101
101
100
100
100
100
100
100
99
99
98
98
99
99
98
98
98
98
97
97
96
96
96
95
95
94
94
93
92
92
90
90
89
89
88
88
87
86
86
85
85
85
85
83
83
83
82
82
81
81
80
79
79
79
78
77
77
77
76
76
76
75
75
75
74
74
74
73
73
73
72
72
72
71
71
71
70
70
69
69
69
67
67
67
66
66
66
65
65
65
63
63
62
62
62
61
61
60
59
59
58
58
58
57
57
57
56
56
56
56
55
55
55
55
54
54
55
54
54
54
54
54
54
54
53
52
53
52
52
52
52
52
51
52
51
51
51
51
50
50
50
49
49
48
48
48
48
48
48
48
48
48
48
48
48
48
48
48
48
49
49
49
49
48
48
48
48
48
49
49
49
49
49
49
49
49
49
49
49
49
49
49
48
48
48
48
48
48
48
47
47
47
47
47
47
47
46
46
46
46
46
45
45
45
45
45
45
44
44
44
44
44
44
43
43
43
43
43
43
43
43
43
42
42
42
42
42
42
42
42
42
42
42
44
46
48
50
52
54
56
68
72
73
74
76
78
79
81
82
82
82
82
81
82
82
82
82
81
48
49
52
55
57
61
64
67
70
73
75
78
81
83
84
85
88
88
88
87
85
84
79
70
61
55
51
44
37
26
1
1
1
1
1
1
1
1
1
1
1
1
1
1
1
1
1
1
1
1
1
1
1
1
1
1
1
1
1
1
1
1
1
1
1
1
1
1
1
1
1
1
1
1
1
1
1
1
1
1
1
1
1
1
1
1
1
1
1
1
1
