# Vetor de dados - syn_f001089-3-Pre--front--vetorcoluna.txt
# Total de elementos: 1024
# Formato: um valor por linha
#==================================================

1
1
1
1
1
1
1
1
1
1
1
1
1
1
1
1
1
1
1
1
1
1
1
1
1
1
1
1
1
1
1
1
1
1
1
1
1
1
1
1
1
1
1
1
1
1
1
1
1
1
1
1
1
1
1
1
1
1
1
1
1
1
1
1
1
1
1
1
1
1
1
1
1
1
1
1
1
1
1
1
1
1
1
1
1
1
1
1
1
1
1
1
1
1
1
1
1
1
1
1
1
1
1
1
1
1
1
1
1
1
1
1
1
1
1
1
1
1
1
1
1
1
1
1
1
1
1
1
1
1
1
1
1
1
1
1
1
1
1
1
1
1
1
1
1
1
1
1
1
1
1
1
1
1
1
1
1
1
1
1
1
1
1
1
1
1
1
1
1
1
1
1
1
1
1
1
1
1
1
1
1
1
1
1
1
1
1
1
1
1
1
1
1
1
1
1
1
1
1
1
1
1
1
1
1
1
1
1
1
1
1
1
1
1
1
1
1
1
1
1
1
1
1
1
1
1
1
1
1
1
1
1
1
1
1
1
1
1
1
1
1
1
1
1
1
20
20
20
20
20
20
20
21
21
21
22
27
28
28
28
28
28
28
28
28
27
27
27
27
26
26
26
26
26
26
26
26
26
26
26
26
26
25
25
25
24
24
23
23
22
22
21
21
21
20
21
22
23
23
23
23
24
25
25
25
25
26
27
27
27
28
29
29
29
30
30
30
31
32
32
32
32
33
34
34
34
35
35
36
36
36
36
37
38
38
38
38
38
39
40
40
40
40
40
40
40
40
41
41
41
41
41
42
42
42
42
42
42
42
42
42
42
41
41
41
41
41
42
42
42
42
42
43
43
43
43
43
43
44
44
44
45
45
45
45
46
46
46
46
46
46
47
47
47
47
47
47
47
47
47
47
47
47
47
47
47
47
47
47
47
46
46
47
47
47
47
47
46
46
46
46
47
47
47
47
47
47
47
47
47
48
48
49
49
49
48
48
49
51
53
54
56
59
61
65
76
82
85
87
268
270
272
275
277
280
283
286
289
366
370
372
375
379
382
385
388
459
459
460
459
459
461
461
461
462
462
462
464
465
465
466
467
466
467
467
539
537
537
511
488
482
478
475
472
469
467
463
460
457
454
421
416
412
409
408
405
402
396
372
361
363
374
385
394
401
404
407
409
411
414
419
450
456
459
463
465
468
471
474
477
480
483
510
522
546
546
547
471
472
471
471
470
468
467
466
465
466
466
466
466
466
465
464
464
465
464
389
385
382
379
376
372
370
368
285
282
279
277
275
273
271
269
88
86
82
76
65
64
62
59
57
57
55
52
51
49
49
50
49
49
49
48
48
48
48
48
47
46
46
46
46
46
46
46
46
46
46
46
46
46
46
46
46
46
46
46
46
46
46
46
46
46
46
45
45
45
45
45
44
44
44
44
43
43
43
43
43
43
43
43
43
43
43
43
42
42
42
42
42
42
42
41
41
41
41
42
42
42
42
42
42
41
41
41
41
41
41
41
40
40
40
41
41
41
41
41
41
41
40
40
40
40
40
40
39
39
39
38
38
38
38
38
37
36
36
36
36
35
34
34
34
34
33
32
32
32
31
31
31
30
29
29
29
28
27
27
26
26
26
25
24
24
24
22
22
22
22
20
20
19
19
18
18
19
20
19
20
21
21
20
21
21
21
21
21
21
21
21
21
21
21
21
22
22
22
22
22
23
23
23
24
24
24
24
24
24
24
23
22
16
16
16
16
16
16
16
16
16
16
16
16
16
16
16
16
16
16
16
16
16
1
1
1
1
1
1
1
1
1
1
1
1
1
1
1
1
1
1
1
1
1
1
1
1
1
1
1
1
1
1
1
1
1
1
1
1
1
1
1
1
1
1
1
1
1
1
1
1
1
1
1
1
1
1
1
1
1
1
1
1
1
1
1
1
1
1
1
1
1
1
1
1
1
1
1
1
1
1
1
1
1
1
1
1
1
1
1
1
1
1
1
1
1
1
1
1
1
1
1
1
1
1
1
1
1
1
1
1
1
1
1
1
1
1
1
1
1
1
1
1
1
1
1
1
1
1
1
1
1
1
1
1
1
1
1
1
1
1
1
1
1
1
1
1
1
1
1
1
1
1
1
1
1
1
1
1
1
1
1
1
1
1
1
1
1
1
1
1
1
1
1
1
1
1
1
1
1
1
1
1
1
1
1
1
1
1
1
1
1
1
1
1
1
1
1
1
1
1
1
1
1
1
1
1
1
1
1
1
1
1
1
1
1
1
1
1
1
1
1
1
1
1
1
1
1
1
1
1
1
1
1
1
1
1
