# Vetor de dados - syn_f003746-3-Pre--left--vetorlinha.txt
# Total de elementos: 768
# Formato: um valor por linha
#==================================================

1
1
1
1
1
1
1
1
1
1
1
1
1
1
1
1
1
1
1
1
1
1
1
1
1
1
1
1
1
1
1
1
1
1
1
1
1
1
1
1
1
1
1
1
1
1
1
1
1
1
1
1
1
1
1
1
1
1
1
1
1
1
1
1
1
1
1
1
1
1
1
1
1
1
1
1
1
1
1
1
1
1
1
1
1
1
1
1
1
1
1
1
1
1
1
1
1
1
1
1
1
1
1
1
1
1
1
1
1
1
1
1
1
1
1
1
19
26
34
39
42
46
49
52
55
57
58
60
62
64
66
68
69
70
71
72
73
74
74
75
76
77
77
77
77
77
78
78
78
78
79
79
80
80
81
81
81
82
82
83
84
84
85
85
86
86
85
85
83
82
79
77
76
75
74
73
73
72
70
69
69
68
68
67
66
66
67
67
66
66
66
66
67
67
67
66
65
64
63
61
59
58
57
56
55
55
54
54
54
54
54
55
212
218
223
229
234
242
253
262
298
299
300
299
298
297
296
294
292
285
284
284
282
265
263
257
225
223
220
217
214
212
209
206
203
201
197
193
188
183
178
175
170
165
158
149
142
134
124
120
116
111
109
110
110
111
113
113
114
115
115
116
116
117
117
117
118
118
118
118
118
118
118
118
118
118
117
117
117
117
117
117
116
116
116
115
114
114
112
111
110
109
108
108
109
109
110
110
110
109
110
109
110
110
111
110
110
109
110
110
109
109
110
109
109
109
108
108
109
108
108
108
107
107
107
106
106
106
105
105
105
105
104
104
104
104
103
103
104
104
105
105
106
107
108
109
111
112
114
115
116
118
119
121
122
123
124
125
126
127
127
129
129
129
129
130
130
131
131
133
133
134
134
134
134
134
134
134
134
135
135
134
134
134
134
134
133
133
133
133
131
131
131
130
129
129
128
127
126
126
125
124
123
123
121
120
118
117
116
114
113
111
111
109
108
108
107
106
105
105
104
103
102
103
102
101
100
100
99
98
97
96
95
95
96
95
95
95
95
95
95
95
95
95
95
95
94
94
95
95
95
95
95
96
96
95
95
95
95
95
96
95
95
95
95
95
94
94
94
93
93
93
93
92
92
92
91
90
90
90
89
88
88
88
88
86
86
86
85
84
84
83
82
81
81
81
79
79
78
77
76
76
75
74
73
73
72
71
70
69
68
67
67
66
65
64
64
63
63
62
61
60
60
59
59
59
58
58
57
58
58
58
58
59
58
59
58
59
59
58
59
58
58
58
57
57
57
57
57
57
57
56
57
56
56
55
56
55
55
55
55
55
55
55
55
55
55
55
55
55
55
56
55
56
56
56
57
57
57
57
58
58
58
58
57
58
58
58
58
58
58
58
57
57
57
57
57
57
56
56
56
55
55
55
55
54
53
53
53
53
51
51
51
51
50
49
48
48
48
47
46
45
45
45
43
43
43
42
42
41
40
40
40
40
39
39
39
39
38
38
39
40
40
41
41
41
43
44
46
47
50
52
55
56
58
59
66
72
74
76
78
80
81
83
83
84
85
85
85
85
84
85
85
85
84
51
53
55
58
63
66
70
73
77
79
82
84
85
87
88
90
91
91
90
89
87
84
81
74
63
58
53
47
41
37
24
1
1
1
1
1
1
1
1
1
1
1
1
1
1
1
1
1
1
1
1
1
1
1
1
1
1
1
1
1
1
1
1
1
1
1
1
1
1
1
1
1
1
1
1
1
1
1
1
1
1
1
1
