# Vetor de dados - syn_f002938-1-Pre--left--vetorlinha.txt
# Total de elementos: 768
# Formato: um valor por linha
#==================================================

1
1
1
1
1
1
1
1
1
1
1
1
1
1
1
1
1
1
1
1
1
1
1
1
1
1
1
1
1
1
1
1
1
1
1
1
1
1
1
1
1
1
1
1
1
1
1
1
1
1
1
1
1
1
1
1
1
1
1
1
1
1
1
1
1
1
1
1
1
1
1
1
1
1
1
1
1
1
1
1
1
1
1
1
1
1
1
1
1
1
1
1
1
1
1
1
1
1
1
1
1
1
1
1
1
1
1
1
1
1
1
1
1
1
1
1
1
1
1
1
1
1
1
1
1
1
1
8
22
30
36
39
44
47
50
53
55
56
59
61
63
65
66
68
68
69
71
71
72
73
74
74
75
76
76
76
76
76
76
77
77
77
77
77
77
77
77
78
78
78
79
79
80
80
81
81
82
81
81
80
79
76
74
73
72
71
70
70
69
67
66
67
66
64
63
63
63
62
61
61
61
61
61
60
61
60
59
58
57
57
55
54
54
53
53
52
52
51
52
51
52
53
52
53
53
53
54
56
57
57
153
162
172
186
200
206
212
218
223
230
238
245
257
266
285
286
286
286
285
285
282
280
278
269
268
267
248
199
194
189
185
179
174
166
157
150
144
138
130
107
101
99
100
101
102
104
104
105
105
106
106
106
107
107
107
107
108
108
108
108
108
108
108
108
108
108
108
108
108
108
106
106
106
105
105
103
103
103
103
102
103
103
103
103
104
104
103
104
104
104
105
104
104
104
104
105
104
104
104
103
103
102
102
102
101
101
101
101
101
100
100
100
99
99
99
97
97
97
96
96
96
96
95
95
95
95
95
95
94
95
95
96
97
97
98
99
99
100
100
101
101
102
103
104
105
105
106
108
108
109
109
109
110
110
112
112
112
113
113
113
114
114
114
115
115
115
115
115
115
115
116
116
116
116
116
116
116
116
116
116
115
115
115
115
115
114
114
114
113
113
113
111
111
110
110
109
108
107
107
105
104
102
101
99
98
97
96
95
95
94
91
90
89
89
88
87
86
83
82
82
81
81
80
80
78
78
77
77
77
76
76
76
74
74
74
74
74
74
73
72
72
72
72
72
71
71
71
71
71
69
69
69
69
68
68
68
68
67
67
67
67
65
65
65
65
65
64
64
64
63
62
62
62
61
61
61
60
60
59
58
58
58
57
57
57
56
56
56
55
55
55
54
54
54
54
54
54
54
54
53
54
54
54
54
54
54
55
55
55
55
56
55
55
56
56
56
57
56
56
56
56
55
56
55
55
54
55
54
54
55
54
53
53
52
52
52
51
51
50
50
49
49
49
49
49
49
49
48
48
48
48
49
49
49
49
49
49
49
49
49
49
49
49
49
49
49
49
49
48
48
48
48
47
47
47
47
47
47
46
46
45
45
45
45
44
43
43
43
43
42
42
42
41
41
41
40
40
40
40
39
38
38
38
38
38
38
37
37
37
37
36
36
36
36
36
37
37
38
38
40
41
41
44
45
47
50
52
54
57
59
68
72
74
75
77
80
81
83
86
87
85
84
83
83
83
83
83
76
64
56
60
63
67
71
75
78
82
83
86
89
92
91
91
90
89
87
86
84
81
76
65
58
50
43
37
25
1
1
1
1
1
1
1
1
1
1
1
1
1
1
1
1
1
1
1
1
1
1
1
1
1
1
1
1
1
1
1
1
1
1
1
1
1
1
1
1
1
1
1
1
1
1
1
1
1
1
1
1
1
1
1
1
1
1
1
1
1
1
