# Vetor de dados - syn_f000978-3-Pre--front--vetorlinha.txt
# Total de elementos: 768
# Formato: um valor por linha
#==================================================

1
1
1
1
1
1
1
1
1
1
1
1
1
1
1
1
1
1
1
1
1
1
1
1
1
1
1
1
1
1
1
1
1
1
1
1
1
1
1
1
1
1
1
1
1
1
1
1
1
1
1
1
1
1
1
1
1
1
1
1
1
1
1
1
1
1
1
1
1
1
1
1
1
1
1
1
1
1
1
1
1
1
1
1
1
1
1
1
1
1
1
1
1
1
1
1
1
1
1
1
1
1
1
1
1
1
1
1
1
1
1
1
1
1
16
23
27
31
34
37
38
40
42
44
45
47
47
49
50
51
53
53
54
55
55
56
57
57
57
58
58
59
59
59
59
59
59
58
58
57
57
57
60
63
65
66
66
66
66
64
64
64
64
62
62
62
61
59
58
57
56
51
49
47
47
46
45
45
44
43
42
42
42
42
42
42
42
42
42
42
42
42
42
42
42
42
42
42
42
44
45
48
50
53
56
58
61
68
76
79
85
136
152
165
199
211
274
294
306
318
330
343
392
411
422
431
440
448
460
472
491
512
520
526
529
532
534
537
535
523
530
536
548
554
563
493
487
477
464
395
363
356
353
350
347
150
146
142
139
137
136
134
134
133
132
131
131
130
130
128
127
125
124
123
121
121
120
120
118
118
116
116
114
113
112
110
108
107
105
103
101
100
99
97
95
95
94
94
94
94
94
94
94
94
94
94
94
94
93
92
92
93
93
93
93
93
93
93
93
92
92
92
92
92
91
90
90
89
88
88
86
86
86
85
84
84
83
84
84
85
87
88
90
92
94
98
100
102
104
106
108
109
110
112
113
114
115
116
116
118
118
119
120
120
121
122
122
122
123
124
124
124
124
125
125
126
126
126
126
126
126
126
126
126
126
126
126
126
126
127
128
128
128
128
129
130
130
131
131
131
133
133
133
134
136
136
138
138
138
140
140
142
142
143
144
144
144
145
146
146
147
147
148
148
149
149
150
150
150
150
150
150
150
150
150
150
150
150
149
149
149
149
149
149
149
149
149
147
147
147
147
147
147
146
146
146
145
145
145
144
144
144
142
142
142
141
140
140
139
139
138
137
136
136
135
135
134
133
133
132
132
131
130
130
130
128
128
128
127
126
126
126
124
124
123
122
121
120
120
120
119
118
118
118
118
116
116
116
116
115
114
114
114
114
113
114
113
112
112
112
112
112
112
111
111
111
110
110
110
110
110
110
110
109
109
108
108
108
107
107
107
108
108
108
108
108
108
108
108
108
108
109
109
109
109
109
109
111
111
111
111
111
112
113
113
113
113
115
115
115
115
115
115
116
116
117
117
117
117
117
117
117
117
117
117
117
117
117
117
116
116
116
116
116
115
115
115
115
114
113
113
113
112
112
111
111
111
110
109
109
109
108
108
107
107
106
106
105
105
105
104
104
103
103
103
102
101
101
101
101
100
100
99
99
99
98
98
97
97
97
96
96
95
95
95
94
94
93
93
92
92
92
92
91
91
91
91
90
90
90
90
91
92
92
92
92
93
93
93
93
93
92
93
93
94
94
96
96
97
98
98
98
98
99
100
100
102
102
104
104
106
106
107
108
108
109
109
110
110
111
111
110
110
110
111
111
110
110
108
106
104
101
97
43
1
1
1
1
1
1
1
1
1
1
1
1
1
1
1
1
1
1
1
1
1
1
1
1
1
1
1
1
1
1
1
1
1
1
1
1
1
1
1
1
1
1
1
1
1
1
1
1
1
1
1
1
1
1
