# Vetor de dados - syn_f003798-1-Pre--front--vetorcoluna.txt
# Total de elementos: 1024
# Formato: um valor por linha
#==================================================

1
1
1
1
1
1
1
1
1
1
1
1
1
1
1
1
1
1
1
1
1
1
1
1
1
1
1
1
1
1
1
1
1
1
1
1
1
1
1
1
1
1
1
1
1
1
1
1
1
1
1
1
1
1
1
1
1
1
1
1
1
1
1
1
1
1
1
1
1
1
1
1
1
1
1
1
1
1
1
1
1
1
1
1
1
1
1
1
1
1
1
1
1
1
1
1
1
1
1
1
1
1
1
1
1
1
1
1
1
1
1
1
1
1
1
1
1
1
1
1
1
1
1
1
1
1
1
1
1
1
1
1
1
1
1
1
1
1
1
1
1
1
1
1
1
1
1
1
1
1
1
1
1
1
1
1
1
1
1
1
1
1
1
1
1
1
1
1
1
1
1
1
1
1
1
1
1
1
1
1
1
1
1
1
1
1
1
1
1
1
1
1
1
1
1
1
1
1
1
1
1
1
1
1
1
1
1
1
1
1
1
1
1
1
1
1
1
1
1
1
1
1
1
1
1
1
1
1
1
1
1
1
1
1
1
1
12
12
12
12
12
12
12
12
12
12
12
12
12
12
12
12
16
18
18
18
19
19
19
19
18
20
20
19
19
18
18
18
18
18
19
19
19
19
19
19
20
20
20
20
19
19
20
20
19
19
18
17
16
16
16
16
16
16
16
16
16
17
17
17
17
17
17
17
17
17
18
18
18
18
18
18
20
20
20
20
21
21
21
21
22
22
22
22
23
23
24
24
24
24
25
25
25
26
26
26
26
27
27
27
27
27
27
29
29
29
29
29
29
30
30
30
30
30
30
30
31
31
31
31
31
31
32
32
32
32
32
32
32
32
32
32
32
32
32
32
31
31
31
31
31
31
31
31
31
31
31
31
31
31
31
31
31
31
31
32
32
32
32
32
32
33
33
33
33
33
33
33
33
34
34
34
34
34
34
35
35
36
36
36
36
36
36
36
36
36
36
36
36
36
37
37
37
37
37
38
39
39
40
40
41
42
42
43
46
48
50
54
56
57
59
60
62
63
65
67
68
281
285
289
294
297
302
308
315
385
389
393
398
403
406
479
481
482
482
482
483
484
484
485
485
484
483
484
485
486
487
487
488
487
487
486
414
411
480
477
474
470
463
424
421
419
416
413
409
404
391
383
377
371
367
360
352
340
330
316
338
349
356
361
367
373
380
390
408
414
416
419
421
424
463
469
474
478
483
487
491
492
494
488
489
489
490
490
489
489
487
486
485
485
486
486
486
486
485
484
485
485
483
408
403
399
395
391
387
318
313
307
302
297
293
290
287
283
67
63
61
58
57
55
54
52
50
48
46
44
42
41
41
40
40
40
38
38
38
38
37
37
36
36
36
36
36
36
36
36
36
36
35
35
34
34
34
34
34
34
34
34
34
33
33
33
33
33
32
32
32
32
32
32
31
31
31
30
30
30
30
30
30
30
30
30
30
30
30
30
30
30
30
30
30
30
31
31
32
32
32
32
32
32
32
32
32
32
32
31
31
31
31
31
31
31
31
30
30
30
30
30
30
30
29
29
29
29
28
28
28
28
27
27
27
27
27
26
26
26
25
25
25
25
25
24
23
23
23
23
23
23
22
21
21
21
21
21
21
21
21
19
19
19
19
19
18
18
17
17
17
17
17
17
17
17
17
17
17
17
17
17
18
18
18
19
19
20
19
19
19
20
20
19
19
19
19
19
19
18
18
18
18
18
18
19
20
18
18
19
19
19
20
19
19
19
18
16
9
9
9
9
9
9
9
9
9
9
9
8
8
8
8
8
8
8
8
8
1
1
1
1
1
1
1
1
1
1
1
1
1
1
1
1
1
1
1
1
1
1
1
1
1
1
1
1
1
1
1
1
1
1
1
1
1
1
1
1
1
1
1
1
1
1
1
1
1
1
1
1
1
1
1
1
1
1
1
1
1
1
1
1
1
1
1
1
1
1
1
1
1
1
1
1
1
1
1
1
1
1
1
1
1
1
1
1
1
1
1
1
1
1
1
1
1
1
1
1
1
1
1
1
1
1
1
1
1
1
1
1
1
1
1
1
1
1
1
1
1
1
1
1
1
1
1
1
1
1
1
1
1
1
1
1
1
1
1
1
1
1
1
1
1
1
1
1
1
1
1
1
1
1
1
1
1
1
1
1
1
1
1
1
1
1
1
1
1
1
1
1
1
1
1
1
1
1
1
1
1
1
1
1
1
1
1
1
1
1
1
1
1
1
1
1
1
1
1
1
1
1
1
1
1
1
1
1
1
1
1
1
1
1
1
1
1
1
1
1
1
1
1
1
1
1
1
1
1
1
