# Vetor de dados - syn_f003881-0-Pre--front--vetorcoluna.txt
# Total de elementos: 1024
# Formato: um valor por linha
#==================================================

1
1
1
1
1
1
1
1
1
1
1
1
1
1
1
1
1
1
1
1
1
1
1
1
1
1
1
1
1
1
1
1
1
1
1
1
1
1
1
1
1
1
1
1
1
1
1
1
1
1
1
1
1
1
1
1
1
1
1
1
1
1
1
1
1
1
1
1
1
1
1
1
1
1
1
1
1
1
1
1
1
1
1
1
1
1
1
1
1
1
1
1
1
1
1
1
1
1
1
1
1
1
1
1
1
1
1
1
1
1
1
1
1
1
1
1
1
1
1
1
1
1
1
1
1
1
1
1
1
1
1
1
1
1
1
1
1
1
1
1
1
1
1
1
1
1
1
1
1
1
1
1
1
1
1
1
1
1
1
1
1
1
1
1
1
1
1
1
1
1
1
1
1
1
1
1
1
1
1
1
1
1
1
1
1
1
1
1
1
1
1
1
1
1
1
1
1
1
1
1
1
1
1
1
1
1
1
1
1
1
1
1
1
1
1
1
1
1
1
1
1
1
1
1
1
1
1
1
1
1
1
1
1
1
1
1
1
1
1
1
1
1
12
12
12
12
12
12
12
12
12
12
12
12
12
12
17
18
19
19
20
18
20
20
20
19
19
18
18
18
18
18
18
18
20
20
20
20
20
19
19
21
21
20
20
20
19
20
20
18
18
18
17
18
18
18
17
17
17
17
17
17
17
17
16
16
16
17
17
17
17
17
17
18
18
18
18
18
18
19
19
19
19
19
21
21
21
21
22
22
22
22
22
22
24
24
24
24
24
25
25
25
25
25
26
27
27
27
27
27
27
28
28
28
28
28
28
28
29
29
29
29
29
29
29
30
30
30
29
29
29
29
29
29
28
28
28
28
28
28
27
27
27
27
27
27
27
27
27
27
27
27
27
28
28
27
27
27
27
27
28
28
28
28
28
28
28
29
28
28
28
28
28
28
28
29
29
29
29
29
29
29
29
29
29
29
29
29
30
31
31
31
31
31
32
32
32
34
34
34
35
35
36
37
37
39
41
43
44
45
47
48
50
51
51
52
54
54
55
56
280
285
293
371
378
387
394
400
468
469
470
470
471
472
472
471
470
469
469
470
471
472
472
473
474
473
473
547
543
476
472
468
463
459
455
451
412
408
404
400
393
375
360
352
346
342
336
328
321
326
335
341
344
349
354
359
366
387
393
398
401
404
446
449
452
457
462
467
473
477
479
470
471
471
470
470
469
468
468
467
467
468
469
470
470
470
468
467
468
468
466
400
396
390
385
379
372
279
273
59
58
57
56
54
53
52
52
51
48
47
46
45
43
41
40
40
38
37
37
37
35
35
35
34
33
33
33
32
32
32
32
32
31
31
31
31
31
31
31
31
30
30
30
30
30
29
29
29
29
29
29
29
29
29
29
29
29
30
29
29
29
29
29
29
29
29
29
29
29
29
29
29
29
29
28
28
28
28
28
29
29
29
30
30
30
30
30
30
30
30
30
30
30
31
31
31
31
31
31
31
31
30
30
30
30
30
30
30
29
29
29
29
29
28
28
28
28
28
27
26
26
26
26
25
25
25
25
25
23
23
23
23
23
22
22
22
22
22
22
21
20
20
20
20
20
20
20
20
18
18
18
18
18
17
17
17
17
17
17
17
17
17
17
18
18
18
18
18
18
19
20
18
19
20
21
19
20
21
21
19
20
20
21
21
21
19
19
19
19
20
20
18
19
19
19
20
20
21
21
21
21
21
21
21
21
21
20
20
12
12
12
12
12
12
12
12
12
12
12
12
12
12
12
12
12
12
12
12
12
9
1
1
1
1
1
1
1
1
1
1
1
1
1
1
1
1
1
1
1
1
1
1
1
1
1
1
1
1
1
1
1
1
1
1
1
1
1
1
1
1
1
1
1
1
1
1
1
1
1
1
1
1
1
1
1
1
1
1
1
1
1
1
1
1
1
1
1
1
1
1
1
1
1
1
1
1
1
1
1
1
1
1
1
1
1
1
1
1
1
1
1
1
1
1
1
1
1
1
1
1
1
1
1
1
1
1
1
1
1
1
1
1
1
1
1
1
1
1
1
1
1
1
1
1
1
1
1
1
1
1
1
1
1
1
1
1
1
1
1
1
1
1
1
1
1
1
1
1
1
1
1
1
1
1
1
1
1
1
1
1
1
1
1
1
1
1
1
1
1
1
1
1
1
1
1
1
1
1
1
1
1
1
1
1
1
1
1
1
1
1
1
1
1
1
1
1
1
1
1
1
1
1
1
1
1
1
1
1
1
1
1
1
1
1
1
1
1
1
1
1
1
1
1
1
1
1
1
1
1
1
1
1
1
1
