# Vetor de dados - syn_f002879-3-Pre--front--vetorcoluna.txt
# Total de elementos: 1024
# Formato: um valor por linha
#==================================================

1
1
1
1
1
1
1
1
1
1
1
1
1
1
1
1
1
1
1
1
1
1
1
1
1
1
1
1
1
1
1
1
1
1
1
1
1
1
1
1
1
1
1
1
1
1
1
1
1
1
1
1
1
1
1
1
1
1
1
1
1
1
1
1
1
1
1
1
1
1
1
1
1
1
1
1
1
1
1
1
1
1
1
1
1
1
1
1
1
1
1
1
1
1
1
1
1
1
1
1
1
1
1
1
1
1
1
1
1
1
1
1
1
1
1
1
1
1
1
1
1
1
1
1
1
1
1
1
1
1
1
1
1
1
1
1
1
1
1
1
1
1
1
1
1
1
1
1
1
1
1
1
1
1
1
1
1
1
1
1
1
1
1
1
1
1
1
1
1
1
1
1
1
1
1
1
1
1
1
1
1
1
1
1
1
1
1
1
1
1
1
1
1
1
1
1
1
1
1
1
1
1
1
1
1
1
1
1
1
1
1
1
1
1
1
1
1
1
1
8
8
8
8
8
8
8
8
8
8
8
8
8
8
8
9
9
10
10
10
10
10
10
16
18
18
19
19
19
19
19
20
20
20
19
19
19
20
20
19
19
19
19
21
21
21
21
21
22
21
21
22
22
22
21
22
22
21
21
21
20
19
20
20
20
19
19
21
21
21
21
22
22
22
22
23
23
24
24
24
26
26
26
26
27
28
28
28
29
29
30
30
30
31
31
32
32
32
32
34
34
34
34
34
35
36
36
36
36
36
37
37
37
38
38
38
38
38
38
38
38
38
39
39
39
39
39
39
39
40
40
40
40
40
40
40
40
40
40
40
39
39
39
39
39
39
39
38
38
38
38
38
38
38
38
38
38
37
37
37
38
38
38
38
38
38
38
38
38
39
39
39
39
39
39
39
41
41
41
41
41
41
41
42
42
42
42
42
42
42
42
42
42
42
42
43
43
43
43
43
43
42
43
43
43
44
44
44
44
44
45
46
46
46
46
47
48
48
49
49
51
52
52
54
57
71
74
77
80
83
85
281
283
285
286
288
291
293
295
297
300
305
393
397
400
405
408
412
417
489
489
489
490
490
491
492
492
492
493
492
493
494
495
495
495
496
496
496
495
491
471
537
532
505
498
494
491
488
485
482
479
475
468
431
426
420
372
364
359
351
338
329
328
335
350
355
360
365
369
372
416
423
427
429
433
468
475
479
484
487
491
494
498
503
507
538
540
574
573
500
500
499
499
499
498
496
496
494
495
495
494
495
494
492
491
492
490
422
415
410
405
401
397
394
391
306
300
297
295
293
291
289
288
286
284
283
281
279
79
76
72
65
62
60
59
56
54
52
49
47
46
46
45
45
45
44
44
43
42
42
42
41
41
41
41
40
40
40
40
39
39
39
39
39
40
40
39
39
38
38
38
38
38
38
38
38
37
37
37
37
37
37
37
37
37
36
36
36
36
36
36
36
36
35
35
35
35
35
35
35
35
35
36
36
36
36
37
37
37
37
38
39
39
39
39
39
39
39
39
40
39
39
39
39
39
39
40
40
39
39
39
39
39
39
39
38
38
38
38
39
38
38
37
37
37
37
37
36
36
36
36
35
35
35
34
33
33
33
32
32
32
31
30
30
29
29
29
29
28
27
27
27
27
26
25
25
25
25
24
23
23
23
23
23
23
22
22
22
22
22
22
21
21
22
22
22
22
22
22
23
22
22
22
22
22
21
22
22
22
22
22
22
22
22
22
22
23
23
23
24
24
24
25
25
25
25
25
25
25
25
24
23
17
17
17
17
17
17
17
17
17
18
18
20
20
20
20
20
20
20
1
1
1
1
1
1
1
1
1
1
1
1
1
1
1
1
1
1
1
1
1
1
1
1
1
1
1
1
1
1
1
1
1
1
1
1
1
1
1
1
1
1
1
1
1
1
1
1
1
1
1
1
1
1
1
1
1
1
1
1
1
1
1
1
1
1
1
1
1
1
1
1
1
1
1
1
1
1
1
1
1
1
1
1
1
1
1
1
1
1
1
1
1
1
1
1
1
1
1
1
1
1
1
1
1
1
1
1
1
1
1
1
1
1
1
1
1
1
1
1
1
1
1
1
1
1
1
1
1
1
1
1
1
1
1
1
1
1
1
1
1
1
1
1
1
1
1
1
1
1
1
1
1
1
1
1
1
1
1
1
1
1
1
1
1
1
1
1
1
1
1
1
1
1
1
1
1
1
1
1
1
1
1
1
1
1
1
1
1
1
1
1
1
1
1
1
1
1
1
1
1
1
1
1
1
1
1
1
1
1
1
1
1
1
1
1
1
1
1
1
1
1
1
1
1
