# Vetor de dados - syn_f000346-2-Pre--front--vetorlinha.txt
# Total de elementos: 768
# Formato: um valor por linha
#==================================================

1
1
1
1
1
1
1
1
1
1
1
1
1
1
1
1
1
1
1
1
1
1
1
1
1
1
1
1
1
1
1
1
1
1
1
1
1
1
1
1
1
1
1
1
1
1
1
1
1
1
1
1
1
1
1
1
1
1
1
1
1
1
1
1
1
1
1
1
1
1
1
1
1
1
1
1
1
1
1
1
1
1
1
1
1
1
1
1
1
1
1
1
1
1
1
1
1
1
1
1
1
1
1
1
1
1
1
1
1
1
1
1
1
1
1
1
1
1
1
1
1
1
1
1
1
1
1
1
1
1
1
1
1
1
1
1
1
1
1
8
20
24
28
33
36
38
40
42
44
46
48
50
50
52
53
54
56
57
57
58
59
59
60
61
61
61
61
62
62
62
62
62
61
61
61
61
61
61
64
68
68
69
69
69
68
68
68
67
66
66
65
65
64
63
61
61
59
57
54
52
52
52
51
50
50
49
47
47
45
45
45
45
44
44
44
44
44
43
43
43
43
43
43
44
46
49
55
60
65
69
73
80
161
170
180
341
352
363
373
383
393
403
412
418
424
432
438
446
456
465
480
493
515
524
537
537
536
536
533
511
509
491
493
494
494
435
361
349
335
313
275
237
222
144
142
141
140
138
138
138
138
137
136
136
135
134
133
132
131
131
130
130
128
128
128
128
128
126
126
126
126
125
125
124
123
123
122
121
121
121
120
119
119
118
118
117
116
116
115
114
114
113
113
112
112
112
112
111
111
111
110
110
110
110
110
109
109
108
108
108
108
108
107
107
107
107
107
107
108
108
108
109
109
108
108
108
108
108
108
108
107
107
107
106
106
106
108
109
110
111
113
115
116
117
118
120
120
122
122
124
124
124
126
126
126
127
128
128
128
129
129
130
130
130
130
130
130
130
130
130
130
130
130
130
130
130
130
130
130
129
128
128
128
129
129
129
129
129
130
130
130
131
131
132
133
133
133
134
134
135
135
135
136
136
136
137
138
138
138
138
138
138
139
139
139
139
139
139
139
139
139
139
139
139
139
139
139
139
139
139
139
139
138
138
138
138
137
137
137
137
136
136
136
135
134
134
134
134
133
132
132
132
130
130
130
130
128
128
128
127
126
125
125
124
123
123
122
121
121
120
119
118
118
117
116
116
115
114
114
112
112
112
111
110
110
110
109
109
109
109
109
109
108
108
108
108
107
107
107
107
107
107
105
105
105
105
104
104
104
104
104
104
104
104
105
105
105
106
107
107
108
109
109
110
111
111
112
113
113
113
114
115
115
115
116
116
116
117
117
117
117
117
117
117
117
117
117
117
117
117
117
117
117
116
116
115
115
114
114
114
113
113
112
112
111
111
110
109
109
108
107
107
106
105
105
104
103
103
102
101
101
99
99
99
97
97
97
96
95
95
94
94
93
93
93
92
91
91
91
91
91
90
90
90
90
91
91
91
91
91
91
91
91
91
91
91
91
91
91
92
92
92
93
93
94
94
94
95
96
96
97
97
99
99
101
101
103
104
105
106
107
108
108
109
110
110
111
111
112
112
111
109
106
106
103
98
93
43
40
33
24
1
1
1
1
1
1
1
1
1
1
1
1
1
1
1
1
1
1
1
1
1
1
1
1
1
1
1
1
1
1
1
1
1
1
1
1
1
1
1
1
1
1
1
1
1
1
1
1
1
1
1
1
1
1
1
1
1
1
1
1
1
1
1
1
1
1
1
1
1
1
1
1
1
1
1
1
1
