# Vetor de dados - syn_f000379-2-Pre--front--vetorlinha.txt
# Total de elementos: 768
# Formato: um valor por linha
#==================================================

1
1
1
1
1
1
1
1
1
1
1
1
1
1
1
1
1
1
1
1
1
1
1
1
1
1
1
1
1
1
1
1
1
1
1
1
1
1
1
1
1
1
1
1
1
1
1
1
1
1
1
1
1
1
1
1
1
1
1
1
1
1
1
1
1
1
1
1
1
1
1
1
1
1
1
1
1
1
1
1
1
1
1
1
1
1
1
1
1
1
1
1
1
1
1
1
1
1
1
1
1
1
1
1
1
1
1
1
1
1
1
1
12
22
26
30
34
37
39
40
42
44
46
48
50
50
52
53
54
55
57
57
58
59
59
60
61
61
61
62
62
62
62
62
62
62
62
62
61
61
61
61
64
69
70
70
70
70
70
70
68
68
68
68
67
66
66
64
64
62
62
60
57
53
52
51
50
50
50
49
48
49
49
49
49
48
48
48
47
47
47
47
47
47
46
46
46
46
47
49
55
60
64
68
72
77
271
290
332
464
479
494
551
558
562
570
577
585
592
608
620
612
606
607
608
608
607
605
592
579
579
517
514
510
507
502
496
418
409
400
386
372
362
352
326
307
297
261
250
236
216
191
180
175
171
168
165
164
161
159
158
156
156
155
153
152
151
150
148
146
144
142
139
137
136
134
133
132
130
130
129
128
128
127
126
126
125
124
124
122
122
120
120
119
118
117
117
115
115
114
113
113
112
112
111
111
110
110
109
109
109
109
109
109
108
108
108
108
108
107
107
107
107
107
107
105
105
105
105
105
105
105
105
105
105
105
104
104
104
104
104
106
106
106
108
109
110
111
112
113
114
115
116
117
118
119
121
122
123
124
126
126
127
128
128
130
130
130
131
131
132
132
132
133
133
133
132
132
132
132
132
132
132
131
131
131
131
131
130
130
130
130
130
130
131
131
131
131
131
131
131
131
132
132
133
133
134
134
134
135
136
136
136
137
138
138
138
138
138
139
140
140
140
140
140
140
142
142
142
142
141
141
141
141
141
140
140
139
139
139
139
139
139
139
138
138
137
137
137
137
137
136
135
135
135
135
135
135
133
133
133
133
133
133
132
131
131
131
131
131
130
129
129
127
127
127
125
125
124
123
123
122
121
121
121
119
119
119
118
117
117
117
116
115
115
114
113
113
113
112
111
111
111
111
109
109
109
109
107
107
107
107
107
106
106
105
105
105
105
105
105
105
106
106
106
106
106
106
106
106
106
106
106
106
106
107
107
107
107
107
107
107
108
108
108
108
108
108
109
110
110
110
111
112
112
112
113
114
114
114
116
116
116
116
118
118
118
118
120
120
120
120
120
120
121
121
121
121
122
122
122
121
121
121
121
121
121
121
120
119
119
119
119
119
118
118
117
117
116
116
115
115
114
114
113
113
112
112
111
111
110
110
109
109
108
108
107
107
106
106
105
105
104
104
103
103
103
102
101
101
101
100
99
99
99
98
97
97
97
96
95
95
95
94
94
93
93
93
93
93
93
93
93
93
93
93
93
93
93
93
93
94
94
94
94
94
94
95
95
95
95
95
95
95
95
95
95
96
97
97
98
99
99
100
101
102
103
104
105
106
107
108
110
110
111
112
113
114
114
115
115
115
115
114
114
113
113
112
112
110
108
107
106
103
100
96
42
39
1
1
1
1
1
1
1
1
1
1
1
1
1
1
1
1
1
1
1
1
1
1
1
1
1
1
1
1
1
1
1
1
1
1
1
1
1
1
1
1
1
1
1
1
1
1
1
1
1
1
