# Vetor de dados - syn_f003242-1-Pre--left--vetorcoluna.txt
# Total de elementos: 1024
# Formato: um valor por linha
#==================================================

1
1
1
1
1
1
1
1
1
1
1
1
1
1
1
1
1
1
1
1
1
1
1
1
1
1
1
1
1
1
1
1
1
1
1
1
1
1
1
1
1
1
1
1
1
1
1
1
1
1
1
1
1
1
1
1
1
1
1
1
1
1
1
1
1
1
1
1
1
1
1
1
1
1
1
1
1
1
1
1
1
1
1
1
1
1
1
1
1
1
1
1
1
1
1
1
1
1
1
1
1
1
1
1
1
1
1
1
1
1
1
1
1
1
1
1
1
1
1
1
1
1
1
1
1
1
1
1
1
1
1
1
1
1
1
1
1
1
1
1
1
1
1
1
1
1
1
1
1
1
1
1
1
1
1
1
1
1
1
1
1
1
1
1
1
1
1
1
1
1
1
1
1
1
1
1
1
1
1
1
1
1
1
1
1
1
1
1
1
1
1
1
1
1
1
1
1
1
1
1
1
1
1
1
1
1
1
1
1
1
1
1
1
1
1
1
1
1
1
1
1
1
1
1
1
1
1
1
1
1
1
1
1
1
1
1
1
1
1
1
1
1
1
1
1
1
1
1
1
1
1
1
1
1
1
1
4
6
8
8
8
8
8
9
9
10
10
10
10
10
12
12
12
12
12
12
14
16
16
16
16
16
15
16
16
16
16
16
16
16
16
15
15
16
17
17
17
17
18
18
19
19
19
21
20
20
20
20
19
21
21
21
21
21
22
22
22
22
23
23
23
23
24
24
24
24
24
23
24
24
24
24
24
24
24
24
24
24
26
26
26
26
27
28
28
28
28
29
29
29
29
31
31
31
31
31
31
32
32
32
32
33
34
34
34
34
34
35
36
36
36
36
36
38
38
38
38
38
39
39
39
39
39
41
41
41
41
41
41
41
42
42
42
42
42
42
42
42
42
43
44
44
44
44
44
44
44
44
44
44
44
44
44
44
45
46
46
46
46
46
46
46
46
46
46
45
45
46
46
45
45
45
45
45
45
45
45
45
45
45
46
47
47
47
47
47
47
47
47
47
47
48
48
48
48
206
208
208
209
210
211
211
212
212
213
230
242
248
254
259
263
267
271
275
278
283
286
289
292
295
298
300
302
306
309
311
313
316
318
322
325
329
397
401
405
409
424
430
435
438
441
445
450
454
457
460
463
466
469
474
481
488
495
499
619
619
618
619
619
619
619
619
619
619
619
619
618
618
618
617
617
617
617
617
616
616
616
616
616
614
614
614
614
612
612
612
612
610
610
608
606
606
604
534
528
380
368
353
347
344
341
251
247
245
242
240
113
109
104
99
92
82
77
68
60
49
37
27
1
1
1
1
1
1
1
1
1
1
1
1
1
1
1
1
1
1
1
1
1
1
1
1
1
1
1
1
1
1
1
1
1
1
1
1
1
1
1
1
1
1
1
1
1
1
1
1
1
1
1
1
1
1
1
1
1
1
1
1
1
1
1
1
1
1
1
1
1
1
1
1
1
1
1
1
1
1
1
1
1
1
1
1
1
1
1
1
1
1
1
1
1
1
1
1
1
1
1
1
1
1
1
1
1
1
1
1
1
1
1
1
1
1
1
1
1
1
1
1
1
1
1
1
1
1
1
1
1
1
1
1
1
1
1
1
1
1
1
1
1
1
1
1
1
1
1
1
1
1
1
1
1
1
1
1
1
1
1
1
1
1
1
1
1
1
1
1
1
1
1
1
1
1
1
1
1
1
1
1
1
1
1
1
1
1
1
1
1
1
1
1
1
1
1
1
1
1
1
1
1
1
1
1
1
1
1
1
1
1
1
1
1
1
1
1
1
1
1
1
1
1
1
1
1
1
1
1
1
1
1
1
1
1
1
1
1
1
1
1
1
1
1
1
1
1
1
1
1
1
1
1
1
1
1
1
1
1
1
1
1
1
1
1
1
1
1
1
1
1
1
1
1
1
1
1
1
1
1
1
1
1
1
1
1
1
1
1
1
1
1
1
1
1
1
1
1
1
1
1
1
1
1
1
1
1
1
1
1
1
1
1
1
1
1
1
1
1
1
1
1
1
1
1
1
1
1
1
1
1
1
1
1
1
1
1
1
1
1
1
1
1
1
1
1
1
1
1
1
1
1
1
1
1
1
1
1
1
1
1
1
1
1
1
1
1
1
1
1
1
1
1
1
1
1
1
1
1
1
1
1
1
1
1
1
1
1
1
1
1
1
1
1
1
1
1
1
1
1
1
1
1
1
1
1
1
1
1
1
1
1
1
1
1
1
1
1
1
1
1
1
1
1
1
1
1
1
1
1
1
1
1
1
1
1
1
1
1
1
1
1
1
1
1
1
1
