# Vetor de dados - syn_f002522-2-Pre--front--vetorlinha.txt
# Total de elementos: 768
# Formato: um valor por linha
#==================================================

1
1
1
1
1
1
1
1
1
1
1
1
1
1
1
1
1
1
1
1
1
1
1
1
1
1
1
1
1
1
1
1
1
1
1
1
1
1
1
1
1
1
1
1
1
1
1
1
1
1
1
1
1
1
1
1
1
1
1
1
1
1
1
1
1
1
1
1
1
1
1
1
1
1
1
1
1
1
1
1
1
1
1
1
1
1
1
1
1
1
1
1
1
1
1
1
1
1
1
1
1
1
1
1
1
1
1
1
1
1
1
1
1
1
1
9
21
25
28
32
36
38
40
42
44
46
47
48
49
51
52
53
54
55
55
56
57
57
58
59
59
59
60
60
60
60
60
60
60
59
59
59
59
59
63
66
66
66
66
66
66
66
65
64
64
63
63
62
61
60
58
58
56
51
50
49
49
49
49
48
47
47
46
44
44
43
42
42
43
43
43
43
43
43
43
43
43
43
44
44
44
46
47
48
50
51
54
56
62
67
277
287
301
510
519
546
555
565
596
593
582
576
574
576
574
568
555
553
554
482
478
473
468
395
386
376
367
356
306
292
233
213
205
196
188
176
168
164
160
158
156
154
153
151
150
148
148
146
146
144
144
142
142
140
140
138
137
135
133
131
129
127
125
123
122
120
119
119
117
116
115
114
114
112
112
110
109
108
107
106
104
103
102
101
101
99
99
99
98
98
97
97
96
95
95
94
94
94
93
93
93
92
92
92
91
90
90
89
89
89
88
87
87
86
85
85
85
85
85
85
85
85
86
86
86
87
88
88
89
89
90
90
90
92
92
92
93
93
94
94
95
96
97
99
99
100
102
102
104
104
106
106
107
108
108
110
110
110
112
112
112
113
113
113
114
115
115
115
115
116
116
116
116
116
117
118
118
118
118
118
118
118
118
118
118
118
119
120
120
120
121
122
122
122
123
123
124
124
124
125
125
125
125
125
126
126
126
126
126
126
127
127
126
126
126
126
126
126
126
126
124
124
124
124
124
124
124
124
124
124
124
124
124
124
123
123
123
123
123
122
122
122
122
122
122
122
121
121
121
121
121
120
120
119
119
119
119
118
118
118
117
117
117
116
116
116
116
115
114
114
114
114
112
112
112
112
111
110
110
110
109
109
108
108
107
107
107
106
106
105
105
105
104
103
103
103
103
103
101
101
101
101
101
101
101
101
100
100
99
99
99
99
99
99
99
99
99
99
99
99
98
98
98
98
97
97
97
97
97
96
96
96
96
96
96
96
97
97
97
97
97
97
97
97
98
98
98
99
99
99
100
100
101
101
102
102
102
103
103
104
104
104
104
104
104
105
105
105
105
105
106
106
105
105
105
105
105
105
104
104
104
104
104
104
104
103
102
102
102
102
102
102
100
100
100
100
100
100
98
98
98
98
97
97
97
96
96
96
95
95
95
94
94
93
93
93
93
92
92
91
91
91
91
91
90
89
89
89
89
88
88
87
87
87
87
86
86
86
85
85
85
85
85
85
85
85
85
85
85
85
85
86
86
86
86
87
87
87
87
87
87
87
87
87
88
88
89
90
91
92
92
93
93
93
94
94
94
96
96
98
99
100
101
102
102
102
104
104
106
106
106
106
105
105
104
103
102
101
99
96
95
90
88
1
1
1
1
1
1
1
1
1
1
1
1
1
1
1
1
1
1
1
1
1
1
1
1
1
1
1
1
1
1
1
1
1
1
1
1
1
1
1
1
1
1
1
1
1
1
1
1
1
1
1
1
1
1
1
