# Vetor de dados - syn_f003819-1-Pre--left--vetorlinha.txt
# Total de elementos: 768
# Formato: um valor por linha
#==================================================

1
1
1
1
1
1
1
1
1
1
1
1
1
1
1
1
1
1
1
1
1
1
1
1
1
1
1
1
1
1
1
1
1
1
1
1
1
1
1
1
1
1
1
1
1
1
1
1
1
1
1
1
1
1
1
1
1
1
1
1
1
1
1
1
1
1
1
1
1
1
1
1
1
1
1
1
1
1
1
1
1
1
1
1
1
1
1
1
1
1
1
1
1
1
1
1
1
1
1
1
1
1
1
1
1
1
1
1
1
1
1
1
1
1
1
1
1
1
1
1
1
1
1
1
1
1
1
1
1
1
1
16
24
30
35
40
43
46
49
51
53
55
58
59
61
62
64
65
66
67
68
69
70
70
71
72
72
72
72
72
72
72
72
73
73
73
74
74
75
75
76
77
77
78
78
79
79
79
80
80
79
79
78
77
74
71
69
68
67
66
65
64
63
62
62
61
60
60
58
58
58
58
58
58
58
58
57
56
55
53
51
49
48
46
47
47
47
47
48
48
48
49
49
49
50
51
52
52
52
53
54
159
167
175
188
213
217
222
229
238
246
262
282
283
284
283
283
282
279
278
273
269
268
264
248
203
197
191
186
181
175
167
159
153
147
143
105
94
85
86
87
88
89
89
90
91
92
92
93
93
93
94
94
94
94
94
94
95
94
94
94
94
94
94
93
93
93
93
92
91
91
90
90
89
88
88
88
88
87
88
88
88
88
88
89
88
88
89
88
88
88
88
88
88
87
86
86
85
85
85
85
84
84
83
84
83
83
83
83
82
82
82
82
82
81
81
81
81
81
81
81
80
80
81
81
81
81
83
83
84
84
84
85
86
87
87
88
89
89
90
91
91
92
92
92
93
93
94
94
95
95
94
95
95
95
95
96
95
95
95
94
94
95
95
94
94
94
93
93
93
93
92
92
91
91
91
90
90
89
89
88
88
87
87
87
86
86
85
84
84
84
84
84
84
84
84
84
83
84
84
84
83
83
82
82
81
81
81
80
80
79
78
77
76
76
75
74
74
74
73
73
72
72
72
72
72
71
71
71
71
71
71
71
71
71
71
71
70
69
69
69
69
69
69
69
69
68
68
68
68
68
68
68
67
67
67
67
67
66
66
66
66
66
65
65
65
65
64
63
64
62
62
62
61
61
61
60
60
60
59
59
58
58
58
57
57
56
56
56
56
55
55
55
54
54
54
54
54
54
54
55
55
55
56
56
55
56
56
57
57
57
58
57
57
58
57
57
57
57
57
57
56
55
56
55
54
55
54
53
52
52
51
51
51
51
50
50
49
49
49
49
48
48
48
48
48
48
47
47
47
47
47
47
48
47
47
47
47
47
47
47
47
46
46
45
45
45
45
45
44
44
44
44
43
43
43
42
42
42
41
41
41
41
41
40
39
39
39
39
39
38
38
37
37
37
36
36
36
36
36
36
35
34
34
34
35
35
35
36
35
35
36
36
37
38
39
39
42
44
45
47
50
53
56
58
59
62
64
66
70
73
76
78
80
81
82
83
83
83
83
82
73
51
53
55
59
62
65
68
71
76
79
82
84
86
86
87
87
87
86
84
84
84
82
60
51
45
44
41
38
1
1
1
1
1
1
1
1
1
1
1
1
1
1
1
1
1
1
1
1
1
1
1
1
1
1
1
1
1
1
1
1
1
1
1
1
1
1
1
1
1
1
1
1
1
1
1
1
1
1
1
1
1
1
1
1
1
1
1
1
1
1
1
1
1
1
1
1
