# Vetor de dados - syn_f002571-3-Pre--front--vetorlinha.txt
# Total de elementos: 768
# Formato: um valor por linha
#==================================================

1
1
1
1
1
1
1
1
1
1
1
1
1
1
1
1
1
1
1
1
1
1
1
1
1
1
1
1
1
1
1
1
1
1
1
1
1
1
1
1
1
1
1
1
1
1
1
1
1
1
1
1
1
1
1
1
1
1
1
1
1
1
1
1
1
1
1
1
1
1
1
1
1
1
1
1
1
1
1
1
1
1
1
1
1
1
1
1
1
1
1
1
1
1
1
1
1
1
1
1
1
1
1
1
1
1
1
1
1
1
1
1
1
1
1
1
1
1
1
1
1
1
1
1
1
1
1
1
1
1
1
1
1
1
1
1
1
1
1
1
1
1
1
1
1
1
1
1
1
12
21
25
30
34
37
39
41
43
45
47
49
49
51
53
53
55
55
57
57
58
59
59
59
60
60
61
61
61
61
61
61
61
60
59
59
59
63
67
67
67
67
67
67
67
66
65
65
65
64
63
63
61
59
59
57
54
52
52
52
52
52
51
50
49
48
47
45
43
43
43
43
43
43
43
43
44
44
44
44
46
48
52
57
61
216
225
236
255
296
305
316
357
363
378
386
391
433
437
437
429
427
433
438
441
445
447
450
401
401
399
397
396
394
394
389
373
367
369
367
369
350
347
345
344
343
342
318
320
320
143
140
139
139
138
137
136
136
134
134
133
132
130
128
127
125
125
124
123
122
121
121
120
119
118
117
116
115
115
113
113
111
109
108
107
106
104
102
100
98
96
96
95
94
93
94
94
94
94
94
95
94
94
94
94
93
93
92
92
91
90
89
89
88
87
87
86
85
84
84
84
82
82
81
81
81
81
81
81
81
80
81
80
82
82
82
83
83
85
85
87
88
90
92
93
95
96
98
99
100
101
103
103
105
105
106
107
107
108
108
108
108
109
109
110
110
110
110
110
110
110
111
111
112
112
112
112
112
112
112
113
113
113
114
115
115
116
116
117
117
118
118
119
120
120
121
122
122
123
123
124
124
125
125
126
126
127
127
127
128
128
129
129
129
129
129
129
129
129
129
130
130
130
130
130
130
130
130
130
129
129
129
128
128
128
128
128
128
128
126
126
126
126
126
125
125
124
124
124
122
122
122
121
121
120
119
119
119
117
117
117
115
115
115
113
113
113
111
111
110
110
108
108
107
106
106
105
104
103
102
102
101
100
99
99
99
98
97
97
97
97
97
97
97
97
97
97
97
97
97
97
96
96
96
95
95
95
95
96
96
96
97
97
98
99
99
101
101
101
103
103
103
105
105
105
107
107
107
108
109
109
109
110
110
111
111
111
111
111
112
112
112
112
111
111
111
111
111
111
111
111
111
110
109
109
109
108
107
107
107
106
105
105
105
103
103
103
102
101
101
100
99
99
99
97
97
97
96
95
95
94
93
93
93
92
91
91
90
89
89
89
88
87
87
87
86
85
85
85
84
84
84
83
83
83
83
83
84
85
85
85
85
86
86
86
86
86
86
86
86
86
86
86
88
88
88
90
90
91
93
94
95
97
98
100
100
100
101
102
102
103
102
102
102
103
102
101
100
96
92
90
84
80
1
1
1
1
1
1
1
1
1
1
1
1
1
1
1
1
1
1
1
1
1
1
1
1
1
1
1
1
1
1
1
1
1
1
1
1
1
1
1
1
1
1
1
1
1
1
1
1
1
1
1
1
1
1
1
1
1
1
1
1
1
1
1
1
1
1
1
1
1
1
1
1
1
1
1
1
1
1
1
1
1
1
1
1
1
1
