# Vetor de dados - syn_f003339-2-Pre--front--vetorcoluna.txt
# Total de elementos: 1024
# Formato: um valor por linha
#==================================================

1
1
1
1
1
1
1
1
1
1
1
1
1
1
1
1
1
1
1
1
1
1
1
1
1
1
1
1
1
1
1
1
1
1
1
1
1
1
1
1
1
1
1
1
1
1
1
1
1
1
1
1
1
1
1
1
1
1
1
1
1
1
1
1
1
1
1
1
1
1
1
1
1
1
1
1
1
1
1
1
1
1
1
1
1
1
1
1
1
1
1
1
1
1
1
1
1
1
1
1
1
1
1
1
1
1
1
1
1
1
1
1
1
1
1
1
1
1
1
1
1
1
1
1
1
1
1
1
1
1
1
1
1
1
1
1
1
1
1
1
1
1
1
1
1
1
1
1
1
1
1
1
1
1
1
1
1
1
1
1
1
1
1
1
1
1
1
1
1
1
1
1
1
1
1
1
1
1
1
1
1
1
1
1
1
1
1
1
1
1
1
1
1
1
1
1
1
1
1
1
1
1
1
1
1
1
1
1
1
1
1
1
1
1
1
1
1
1
1
1
1
8
8
8
8
8
8
8
8
8
8
8
8
8
9
9
9
10
10
10
10
10
10
17
18
19
19
19
19
19
19
19
20
20
20
19
19
19
19
18
20
20
20
20
20
20
21
21
21
22
22
22
21
21
22
21
21
20
21
20
19
19
20
20
20
20
20
20
20
20
21
21
21
21
21
21
22
22
22
22
23
23
23
23
23
24
24
24
25
25
26
26
26
26
26
27
28
28
28
28
28
29
29
30
30
30
30
31
31
31
31
32
32
32
33
33
33
33
33
33
33
34
34
34
34
34
34
35
35
35
35
35
35
35
35
35
35
35
35
35
34
34
34
34
34
33
33
33
33
32
32
32
32
32
32
32
32
32
32
32
32
32
33
33
33
33
33
34
34
34
34
34
34
34
34
35
35
36
36
36
36
36
36
36
37
37
37
37
37
37
37
37
38
38
38
38
38
38
38
38
39
39
39
39
39
40
40
41
41
41
42
42
43
43
43
44
44
45
47
48
50
52
54
56
57
59
61
62
64
66
68
69
70
68
72
276
279
281
284
286
288
291
294
382
385
389
392
396
400
404
477
479
478
478
477
478
479
479
480
479
479
478
479
480
482
482
483
484
484
484
554
519
487
482
479
475
472
468
464
459
455
414
412
408
405
397
359
352
345
339
328
321
332
341
346
350
355
364
377
400
405
407
412
446
455
460
465
469
473
477
482
485
489
552
556
555
486
486
485
484
483
483
481
481
482
483
483
482
482
480
479
480
479
477
404
399
395
392
388
384
381
377
292
288
284
282
279
276
75
72
69
66
63
61
60
59
58
56
55
53
51
50
48
47
47
46
45
44
43
43
42
42
41
41
40
39
39
39
39
39
37
37
37
37
37
37
37
37
37
37
37
36
36
36
36
36
36
36
35
35
35
35
35
35
35
34
34
34
34
34
33
33
33
33
33
32
32
32
32
32
32
32
32
32
32
32
31
32
32
32
32
32
32
33
33
33
33
34
34
34
34
34
34
34
35
35
35
35
35
35
35
35
34
34
34
34
34
34
34
34
34
33
33
33
33
33
33
32
32
31
31
30
30
30
30
29
29
29
29
28
28
28
28
27
27
27
27
26
26
26
26
25
25
24
24
23
23
23
23
22
22
22
22
22
22
22
22
22
22
22
22
22
22
22
22
22
22
22
22
21
21
21
21
21
21
21
20
20
20
20
20
20
21
19
19
19
20
20
20
20
20
20
20
18
18
18
18
18
19
19
19
19
20
20
20
20
20
20
20
20
20
18
18
1
1
1
1
1
1
1
1
1
1
1
1
1
1
1
1
1
1
1
1
1
1
1
1
1
1
1
1
1
1
1
1
1
1
1
1
1
1
1
1
1
1
1
1
1
1
1
1
1
1
1
1
1
1
1
1
1
1
1
1
1
1
1
1
1
1
1
1
1
1
1
1
1
1
1
1
1
1
1
1
1
1
1
1
1
1
1
1
1
1
1
1
1
1
1
1
1
1
1
1
1
1
1
1
1
1
1
1
1
1
1
1
1
1
1
1
1
1
1
1
1
1
1
1
1
1
1
1
1
1
1
1
1
1
1
1
1
1
1
1
1
1
1
1
1
1
1
1
1
1
1
1
1
1
1
1
1
1
1
1
1
1
1
1
1
1
1
1
1
1
1
1
1
1
1
1
1
1
1
1
1
1
1
1
1
1
1
1
1
1
1
1
1
1
1
1
1
1
1
1
1
1
1
1
1
1
1
1
1
1
1
1
1
1
1
1
1
1
1
1
1
1
1
1
1
1
1
1
1
1
1
1
1
1
1
1
1
1
1
1
1
