# Vetor de dados - syn_f002727-1-Pre--front--vetorcoluna.txt
# Total de elementos: 1024
# Formato: um valor por linha
#==================================================

1
1
1
1
1
1
1
1
1
1
1
1
1
1
1
1
1
1
1
1
1
1
1
1
1
1
1
1
1
1
1
1
1
1
1
1
1
1
1
1
1
1
1
1
1
1
1
1
1
1
1
1
1
1
1
1
1
1
1
1
1
1
1
1
1
1
1
1
1
1
1
1
1
1
1
1
1
1
1
1
1
1
1
1
1
1
1
1
1
1
1
1
1
1
1
1
1
1
1
1
1
1
1
1
1
1
1
1
1
1
1
1
1
1
1
1
1
1
1
1
1
1
1
1
1
1
1
1
1
1
1
1
1
1
1
1
1
1
1
1
1
1
1
1
1
1
1
1
1
1
1
1
1
1
1
1
1
1
1
1
1
1
1
1
1
1
1
1
1
1
1
1
1
1
1
1
1
1
1
1
1
1
1
1
1
1
1
1
1
1
1
1
1
1
1
1
1
1
1
1
1
1
1
1
1
1
1
1
1
1
1
1
1
1
1
13
14
14
16
16
16
16
16
16
16
16
16
14
14
14
14
14
14
14
14
14
16
20
21
22
22
22
22
22
22
22
22
22
21
21
21
20
20
20
20
20
19
19
19
21
20
20
21
21
21
21
21
21
19
21
20
20
19
18
20
18
18
18
17
17
18
18
19
19
19
19
19
20
20
20
20
20
21
21
22
22
22
22
22
23
23
23
23
23
24
24
24
24
24
24
25
25
25
25
25
25
26
27
27
27
27
28
28
28
28
28
28
29
30
30
30
30
30
30
30
31
31
32
32
32
32
33
33
33
33
33
33
33
33
33
33
33
33
33
33
33
33
33
33
33
33
33
32
32
32
31
31
31
30
30
30
30
30
30
29
29
30
30
30
29
29
29
29
29
30
30
30
30
30
30
31
31
30
30
30
30
31
31
31
31
31
31
30
31
31
31
31
31
31
31
31
32
32
32
32
32
32
33
33
33
33
35
35
35
36
36
36
36
38
38
38
38
40
40
40
41
41
42
43
44
44
46
47
49
51
52
54
55
56
57
58
60
61
62
63
64
66
68
70
288
292
295
299
392
397
401
406
410
415
419
423
494
494
493
494
495
495
495
495
494
493
495
495
497
497
498
499
498
574
575
574
545
505
500
496
491
487
483
476
430
426
422
419
415
406
397
381
369
361
353
345
341
346
353
359
367
378
395
403
411
415
419
422
425
475
481
485
490
495
499
578
578
579
578
577
496
495
493
491
491
491
492
492
492
492
491
490
490
491
489
488
487
418
414
409
404
399
394
389
293
289
285
282
279
70
67
65
63
61
60
59
59
57
56
55
54
53
51
50
49
48
46
45
44
43
43
42
42
41
40
40
39
38
38
38
37
36
36
35
35
34
34
34
34
34
34
34
32
32
32
32
32
32
32
32
32
32
31
30
30
30
30
30
30
30
30
30
30
29
29
29
29
29
28
28
28
28
28
28
28
28
28
28
28
28
29
29
29
29
30
30
30
31
31
31
31
31
31
31
33
33
33
33
33
33
33
33
33
33
33
33
33
33
33
33
33
32
32
32
32
32
32
32
32
32
32
31
31
31
31
31
31
30
30
29
29
29
29
29
29
28
27
27
27
27
26
26
26
26
26
26
24
24
24
24
24
24
23
23
22
22
22
22
22
21
21
21
21
21
21
21
21
19
19
19
19
19
19
19
19
19
18
17
17
17
17
17
18
18
17
18
18
20
19
19
20
20
21
19
20
20
21
21
19
19
19
19
20
20
18
18
19
19
19
20
20
20
19
19
20
20
20
20
20
20
20
20
17
10
10
10
9
9
9
9
9
8
8
8
8
8
8
8
8
8
8
8
8
8
8
1
1
1
1
1
1
1
1
1
1
1
1
1
1
1
1
1
1
1
1
1
1
1
1
1
1
1
1
1
1
1
1
1
1
1
1
1
1
1
1
1
1
1
1
1
1
1
1
1
1
1
1
1
1
1
1
1
1
1
1
1
1
1
1
1
1
1
1
1
1
1
1
1
1
1
1
1
1
1
1
1
1
1
1
1
1
1
1
1
1
1
1
1
1
1
1
1
1
1
1
1
1
1
1
1
1
1
1
1
1
1
1
1
1
1
1
1
1
1
1
1
1
1
1
1
1
1
1
1
1
1
1
1
1
1
1
1
1
1
1
1
1
1
1
1
1
1
1
1
1
1
1
1
1
1
1
1
1
1
1
1
1
1
1
1
1
1
1
1
1
1
1
1
1
1
1
1
1
1
1
1
1
1
1
1
1
1
1
1
1
1
1
1
1
1
1
1
1
1
1
1
1
1
1
1
1
1
1
1
1
1
1
1
1
