# Vetor de dados - syn_f004599-0-Pre--front--vetorlinha.txt
# Total de elementos: 768
# Formato: um valor por linha
#==================================================

1
1
1
1
1
1
1
1
1
1
1
1
1
1
1
1
1
1
1
1
1
1
1
1
1
1
1
1
1
1
1
1
1
1
1
1
1
1
1
1
1
1
1
1
1
1
1
1
1
1
1
1
1
1
1
1
1
1
1
1
1
1
1
1
1
1
1
1
1
1
1
1
1
1
1
1
1
1
1
1
1
1
1
1
1
1
1
1
1
1
1
1
1
1
1
1
1
1
1
1
1
1
1
1
1
1
1
1
1
1
1
1
1
1
1
1
1
1
1
1
12
23
27
31
34
37
40
42
43
45
47
49
51
51
53
54
55
56
57
58
59
59
60
61
61
61
61
61
61
62
62
61
61
61
61
61
61
61
61
63
67
68
68
68
68
68
68
68
66
66
66
64
64
64
62
61
60
59
58
54
53
52
52
51
51
50
49
48
47
45
44
43
43
42
42
42
42
42
42
41
40
40
40
39
39
39
39
39
40
41
43
48
51
56
61
91
104
135
145
153
162
168
175
277
288
299
313
328
387
420
435
452
465
483
498
516
522
541
545
548
551
554
540
542
555
562
574
574
574
493
483
461
450
396
389
382
373
249
159
152
147
144
141
139
138
137
135
133
131
131
129
127
123
122
121
119
117
117
115
115
115
114
113
113
113
113
113
112
112
112
111
110
110
110
110
109
108
108
108
108
107
107
106
106
106
105
105
103
103
103
103
103
102
102
102
101
101
101
101
101
101
101
100
100
99
99
98
98
98
98
98
98
98
98
98
98
98
99
99
99
100
100
100
101
101
101
103
103
103
104
105
105
105
105
106
107
107
108
108
110
110
111
113
114
115
116
118
118
120
120
122
122
123
124
124
125
126
126
127
128
128
129
129
129
130
130
131
131
131
131
132
133
133
133
133
134
134
134
134
134
134
135
135
136
136
136
136
137
137
137
138
138
138
139
139
139
140
140
140
140
140
140
141
141
141
140
141
140
140
140
140
140
140
140
140
140
139
138
138
138
138
138
137
137
137
136
136
135
135
135
134
134
134
133
133
133
132
132
131
131
131
130
130
130
130
129
129
128
128
128
127
126
126
125
124
124
124
122
122
122
121
120
120
120
119
119
118
118
117
117
117
116
116
116
115
115
115
114
114
114
113
113
113
112
112
112
111
111
111
111
111
110
109
109
109
109
109
109
109
109
109
109
109
109
109
109
109
109
109
109
109
109
109
109
109
109
109
109
108
107
107
107
107
107
107
107
107
107
107
107
107
109
109
109
109
109
110
111
111
111
111
112
112
113
113
113
114
114
114
115
115
115
115
115
115
115
115
115
115
115
115
115
115
115
115
115
115
113
113
113
113
113
113
113
113
112
111
111
111
111
111
110
110
109
109
109
109
109
109
107
107
107
107
107
107
107
105
105
105
105
105
103
103
103
103
103
101
101
101
101
99
99
99
99
97
97
97
97
95
95
95
93
93
93
93
92
92
92
92
90
90
90
90
90
90
90
90
92
92
92
92
92
92
92
92
92
92
92
92
92
92
93
94
95
96
96
97
98
98
98
100
100
102
104
104
106
107
108
109
110
110
110
112
112
112
111
111
111
111
111
110
107
107
102
97
45
43
41
30
1
1
1
1
1
1
1
1
1
1
1
1
1
1
1
1
1
1
1
1
1
1
1
1
1
1
1
1
1
1
1
1
1
1
1
1
1
1
1
1
1
1
1
1
1
1
1
1
1
1
1
1
1
1
1
1
1
1
1
