# Vetor de dados - syn_f004594-2-Pre--front--vetorlinha.txt
# Total de elementos: 768
# Formato: um valor por linha
#==================================================

1
1
1
1
1
1
1
1
1
1
1
1
1
1
1
1
1
1
1
1
1
1
1
1
1
1
1
1
1
1
1
1
1
1
1
1
1
1
1
1
1
1
1
1
1
1
1
1
1
1
1
1
1
1
1
1
1
1
1
1
1
1
1
1
1
1
1
1
1
1
1
1
1
1
1
1
1
1
1
1
1
1
1
1
1
1
1
1
1
1
1
1
1
1
1
1
1
1
1
1
1
1
1
1
1
1
1
1
1
1
1
1
1
1
1
14
23
27
31
35
38
40
42
44
46
48
49
50
51
53
53
55
57
57
57
59
59
59
61
61
61
61
61
62
62
61
61
61
61
61
61
61
61
60
61
66
68
68
68
68
68
68
66
66
66
65
64
64
63
62
60
59
58
57
54
51
51
50
49
49
49
47
47
46
45
44
43
41
41
41
41
41
41
40
40
40
39
39
39
39
39
39
39
39
40
43
46
49
51
54
56
88
103
112
267
308
447
467
494
508
550
561
568
597
598
596
594
588
576
570
565
554
554
556
555
554
479
473
398
387
377
366
354
301
285
228
213
199
186
177
170
164
161
158
155
153
151
149
148
147
145
145
143
143
141
140
139
137
137
135
133
131
129
127
126
124
122
121
120
120
118
118
117
116
115
113
113
112
111
111
109
109
107
107
106
106
105
104
104
103
101
101
100
99
99
98
97
97
97
96
95
95
95
95
95
95
95
95
95
95
95
93
93
93
93
93
91
91
91
91
90
90
90
90
90
90
90
89
90
89
89
89
89
89
89
89
89
89
89
89
89
90
91
91
92
93
94
95
96
97
97
99
100
101
102
103
103
104
105
105
106
106
106
107
108
108
108
108
108
109
110
110
110
110
110
110
110
111
112
112
112
113
114
114
114
116
116
117
118
118
119
120
121
122
122
124
124
125
125
126
127
127
129
129
129
131
131
132
133
133
133
133
134
135
135
135
135
136
136
137
137
137
137
137
137
137
137
137
137
137
136
136
136
136
136
136
135
135
135
135
135
135
135
135
135
134
134
134
134
134
134
134
133
132
132
132
132
131
130
130
130
130
129
128
128
128
126
126
126
125
124
124
124
123
123
122
122
121
121
121
120
120
120
119
119
118
118
117
117
117
115
115
115
114
113
113
112
112
111
110
110
110
109
108
108
108
108
107
106
106
106
106
106
105
105
105
105
105
105
105
104
104
104
105
104
104
104
104
104
104
104
104
104
104
104
104
104
104
105
105
105
105
105
105
106
106
106
107
107
108
108
108
109
110
110
110
111
112
112
112
112
113
114
114
114
114
114
114
114
115
115
115
115
115
115
115
115
115
115
115
115
115
115
113
113
113
113
113
113
112
111
111
111
111
110
110
109
109
108
108
107
107
106
106
105
105
104
104
103
103
102
102
101
101
100
100
99
99
98
98
97
97
97
96
95
95
95
94
93
93
93
93
91
91
91
91
90
90
89
89
89
89
89
88
88
88
88
89
89
89
89
89
89
91
90
90
90
90
90
90
90
92
92
92
92
93
94
94
96
96
96
97
98
99
100
100
102
102
104
104
105
106
106
106
108
108
108
109
108
108
107
107
106
106
106
105
101
99
95
92
89
41
39
37
1
1
1
1
1
1
1
1
1
1
1
1
1
1
1
1
1
1
1
1
1
1
1
1
1
1
1
1
1
1
1
1
1
1
1
1
1
1
1
1
1
1
1
1
1
1
1
1
1
1
1
1
1
1
