# Vetor de dados - syn_f000625-3-Pre--front--vetorlinha.txt
# Total de elementos: 768
# Formato: um valor por linha
#==================================================

1
1
1
1
1
1
1
1
1
1
1
1
1
1
1
1
1
1
1
1
1
1
1
1
1
1
1
1
1
1
1
1
1
1
1
1
1
1
1
1
1
1
1
1
1
1
1
1
1
1
1
1
1
1
1
1
1
1
1
1
1
1
1
1
1
1
1
1
1
1
1
1
1
1
1
1
1
1
1
1
1
1
1
1
1
1
1
1
1
1
1
1
1
1
1
1
1
1
1
1
1
1
1
1
1
1
1
1
1
1
1
1
1
1
1
1
1
1
1
1
1
1
1
1
1
12
22
27
31
35
37
39
41
43
45
47
49
50
51
53
54
55
56
57
57
58
59
60
60
61
61
61
61
61
61
61
61
61
61
61
61
61
63
67
68
69
69
69
68
68
68
66
66
66
66
64
64
62
61
60
60
54
52
51
50
49
49
49
47
47
46
46
46
46
46
46
46
45
45
45
44
44
44
45
45
46
47
48
50
53
56
58
61
64
420
457
469
480
494
517
590
591
590
589
588
586
581
568
551
541
543
546
546
547
545
544
481
414
407
399
390
382
372
364
354
343
332
319
279
229
212
198
186
174
167
162
158
154
152
151
150
149
148
148
148
147
146
146
146
146
145
144
143
141
140
138
137
135
133
131
131
129
128
128
126
126
124
122
122
120
120
119
118
118
116
116
114
113
112
111
109
107
107
105
105
104
103
103
102
102
102
102
102
102
101
101
101
101
101
101
100
100
98
98
98
98
96
96
94
94
92
91
91
89
88
88
88
88
89
89
90
91
91
93
94
96
96
98
98
99
101
101
101
103
103
104
105
106
107
107
108
109
109
110
111
111
112
113
113
114
115
115
116
116
116
116
117
117
118
118
118
118
118
118
119
119
119
119
119
119
119
120
120
120
120
120
120
120
120
121
121
122
122
123
123
124
124
125
126
126
127
127
128
128
128
128
128
129
130
130
130
130
130
131
132
132
132
132
132
132
132
132
132
132
132
132
131
132
131
131
132
132
131
131
131
131
131
131
131
131
131
131
130
130
130
130
129
129
129
129
129
128
128
127
127
127
127
126
126
125
125
125
124
124
124
124
123
123
122
122
122
121
120
120
120
120
119
118
118
117
116
116
116
114
114
114
113
112
112
111
110
110
109
109
108
108
107
107
106
106
105
105
105
105
105
105
105
105
104
104
104
104
104
104
104
104
104
103
103
103
103
103
103
103
104
104
104
104
104
104
105
105
105
106
106
107
107
107
109
109
109
109
110
111
111
112
113
113
113
114
114
115
115
116
116
116
116
117
117
117
117
117
118
118
118
118
118
117
117
117
117
117
117
116
116
116
115
115
115
114
113
113
113
112
111
111
111
110
109
109
108
107
107
106
105
105
104
103
103
102
101
101
101
100
99
99
99
97
97
97
97
95
95
95
95
95
93
93
93
92
91
91
91
91
90
89
89
89
89
88
88
88
88
88
88
88
88
88
88
88
89
89
89
90
91
91
91
91
91
92
92
92
92
92
92
92
92
93
93
94
94
95
96
96
98
98
99
100
102
102
104
104
104
106
106
106
107
108
108
109
108
108
108
108
108
108
108
106
104
100
99
97
92
1
1
1
1
1
1
1
1
1
1
1
1
1
1
1
1
1
1
1
1
1
1
1
1
1
1
1
1
1
1
1
1
1
1
1
1
1
1
1
1
1
1
1
1
1
1
1
1
1
1
1
1
1
1
1
1
1
1
1
1
1
1
1
1
1
