# Vetor de dados - syn_f004562-1-Pre--left--vetorlinha.txt
# Total de elementos: 768
# Formato: um valor por linha
#==================================================

1
1
1
1
1
1
1
1
1
1
1
1
1
1
1
1
1
1
1
1
1
1
1
1
1
1
1
1
1
1
1
1
1
1
1
1
1
1
1
1
1
1
1
1
1
1
1
1
1
1
1
1
1
1
1
1
1
1
1
1
1
1
1
1
1
1
1
1
1
1
1
1
1
1
1
1
1
1
1
1
1
1
1
1
1
1
1
1
1
1
1
1
1
1
1
1
1
1
1
1
1
1
1
1
1
1
1
1
1
1
1
1
1
18
26
33
37
42
46
49
52
54
56
58
60
62
64
66
67
69
70
71
71
73
73
75
75
76
76
77
77
77
78
78
78
78
79
79
79
79
79
80
80
81
81
81
82
83
82
83
84
85
85
84
84
82
81
78
77
76
75
74
74
73
71
71
70
69
69
67
67
66
66
66
66
65
66
66
65
64
63
62
62
60
57
56
54
53
52
52
51
52
51
51
52
51
51
52
52
52
52
53
53
53
54
55
55
55
57
57
58
62
67
74
82
93
153
160
167
172
178
184
193
200
207
214
218
221
226
230
234
239
247
253
257
267
274
280
292
294
294
295
294
292
289
287
277
276
198
192
186
178
167
153
101
101
102
103
103
104
104
104
105
105
105
106
106
106
106
106
106
105
105
105
104
104
103
102
102
102
101
100
99
99
97
97
97
96
95
95
95
94
93
93
93
93
93
92
92
93
93
93
93
92
92
92
92
92
91
91
91
91
91
91
90
90
90
90
89
89
90
90
89
89
90
89
89
90
90
90
90
90
90
90
91
91
91
92
92
92
93
93
94
94
94
94
95
95
96
97
97
97
98
98
99
99
100
101
102
102
103
104
104
105
106
107
107
108
109
110
111
111
112
112
113
113
114
114
115
115
115
116
116
115
116
116
117
117
117
117
117
118
117
117
117
117
117
116
117
117
117
116
116
116
116
115
115
113
113
112
112
112
111
111
109
108
108
106
104
104
104
104
103
103
103
102
102
102
101
101
100
100
99
99
98
99
98
97
97
96
95
95
94
94
93
93
92
92
92
91
91
91
90
89
89
89
89
89
89
88
88
88
88
88
87
86
86
86
86
86
85
85
84
84
84
84
83
83
83
83
83
82
82
82
82
81
81
81
81
81
80
80
79
79
78
78
78
78
77
77
76
76
75
74
74
74
73
73
72
71
71
69
69
69
68
68
66
66
66
65
64
63
63
62
62
61
60
60
59
59
60
61
60
61
62
61
62
62
63
62
63
63
63
63
63
62
63
62
62
62
62
61
61
61
61
61
60
60
59
59
59
58
58
57
57
56
57
57
56
56
56
55
54
54
54
54
54
53
53
53
53
53
53
53
53
53
53
53
53
53
53
53
53
53
53
53
52
51
51
51
51
50
50
50
50
50
50
49
48
48
48
48
48
47
46
46
46
46
45
44
44
43
43
43
43
42
41
41
41
40
40
40
40
39
38
38
38
38
38
38
37
37
37
38
38
39
40
40
41
42
43
45
47
49
51
54
56
58
61
66
68
70
72
73
75
78
78
80
82
84
85
86
87
87
86
86
44
46
48
49
52
55
58
62
65
68
74
76
79
81
83
85
87
91
92
91
90
89
88
82
77
68
61
56
51
44
39
34
32
1
1
1
1
1
1
1
1
1
1
1
1
1
1
1
1
1
1
1
1
1
1
1
1
1
1
1
1
1
1
1
1
1
1
1
1
1
1
1
1
1
1
1
1
1
1
1
1
1
