# Vetor de dados - syn_f000866-3-Pre--front--vetorlinha.txt
# Total de elementos: 768
# Formato: um valor por linha
#==================================================

1
1
1
1
1
1
1
1
1
1
1
1
1
1
1
1
1
1
1
1
1
1
1
1
1
1
1
1
1
1
1
1
1
1
1
1
1
1
1
1
1
1
1
1
1
1
1
1
1
1
1
1
1
1
1
1
1
1
1
1
1
1
1
1
1
1
1
1
1
1
1
1
1
1
1
1
1
1
1
1
1
1
1
1
1
1
1
1
1
1
1
1
1
1
1
1
1
1
1
1
1
1
1
1
1
1
1
1
1
1
1
1
1
1
1
1
1
1
1
1
1
1
1
1
1
5
19
25
28
32
36
38
40
42
44
45
47
49
49
51
52
53
54
55
55
56
57
58
58
59
59
59
59
59
59
59
59
59
59
59
59
58
59
63
67
67
67
67
67
67
65
65
65
64
63
63
63
61
59
58
57
55
50
50
49
48
48
47
47
45
45
43
43
43
43
43
43
43
43
43
44
44
44
44
45
47
48
50
53
55
58
61
63
65
68
71
82
124
153
268
280
290
301
348
421
437
451
479
498
503
509
515
532
535
537
529
528
536
543
555
571
572
571
494
487
480
474
465
438
394
386
374
366
274
187
168
158
153
150
149
147
145
144
144
142
142
141
140
140
139
138
138
137
136
135
134
133
131
131
129
129
128
127
126
126
124
124
123
122
122
120
120
118
117
116
115
114
112
110
108
106
103
101
99
98
97
96
96
96
96
96
96
96
97
96
96
95
95
95
95
95
94
94
94
94
93
92
92
92
91
91
91
91
90
90
90
90
90
91
91
91
91
92
92
92
93
93
94
94
95
96
96
97
98
99
100
101
102
104
105
107
108
109
110
111
112
113
114
115
116
116
116
118
118
118
119
119
119
119
119
119
120
121
121
121
121
121
122
122
122
122
122
122
123
123
123
123
124
125
125
125
126
127
127
128
129
129
130
131
132
132
133
134
134
136
136
136
136
137
138
138
138
139
140
140
140
141
141
142
142
142
142
142
142
142
142
142
142
142
142
142
142
142
142
143
143
143
143
142
142
142
142
142
142
142
142
142
142
141
141
141
141
141
140
140
140
139
139
139
139
139
137
137
137
136
135
135
135
134
134
133
132
132
131
130
130
129
128
127
126
126
125
124
123
122
121
120
119
119
118
117
116
115
114
114
113
112
111
111
110
110
109
108
108
107
107
106
106
105
105
105
105
104
104
104
103
103
103
103
103
103
103
101
101
101
101
101
101
101
102
102
103
103
103
104
105
105
106
106
107
108
108
108
109
109
110
111
111
111
112
113
113
113
113
115
115
115
115
115
115
115
115
115
116
116
115
115
115
115
115
115
115
115
115
115
115
114
114
113
113
113
112
111
111
111
110
109
109
109
108
108
107
107
106
105
105
104
104
103
103
102
102
101
101
100
100
99
99
98
98
98
97
96
96
96
95
94
94
94
93
92
92
92
92
91
90
90
90
89
89
88
88
88
88
88
88
88
87
87
88
89
89
90
91
91
91
92
93
93
92
92
92
92
92
92
92
93
93
94
95
95
96
97
98
98
99
100
100
102
103
104
106
107
107
108
109
109
110
110
111
111
111
111
110
110
110
110
108
107
105
103
102
100
95
43
1
1
1
1
1
1
1
1
1
1
1
1
1
1
1
1
1
1
1
1
1
1
1
1
1
1
1
1
1
1
1
1
1
1
1
1
1
1
1
1
1
1
1
1
1
1
1
1
1
1
1
1
1
1
1
1
1
1
1
1
1
1
1
