# Vetor de dados - syn_f001869-1-Pre--front--vetorcoluna.txt
# Total de elementos: 1024
# Formato: um valor por linha
#==================================================

1
1
1
1
1
1
1
1
1
1
1
1
1
1
1
1
1
1
1
1
1
1
1
1
1
1
1
1
1
1
1
1
1
1
1
1
1
1
1
1
1
1
1
1
1
1
1
1
1
1
1
1
1
1
1
1
1
1
1
1
1
1
1
1
1
1
1
1
1
1
1
1
1
1
1
1
1
1
1
1
1
1
1
1
1
1
1
1
1
1
1
1
1
1
1
1
1
1
1
1
1
1
1
1
1
1
1
1
1
1
1
1
1
1
1
1
1
1
1
1
1
1
1
1
1
1
1
1
1
1
1
1
1
1
1
1
1
1
1
1
1
1
1
1
1
1
1
1
1
1
1
1
1
1
1
1
1
1
1
1
1
1
1
1
1
1
1
1
1
1
1
1
1
1
1
1
1
1
1
1
1
1
1
1
1
1
1
1
1
1
1
1
1
1
1
1
1
1
1
1
1
1
1
1
1
1
1
1
1
1
1
1
1
1
1
1
1
1
1
1
1
3
8
8
8
8
8
8
8
8
9
9
9
9
8
8
8
9
10
10
10
10
10
10
16
17
18
19
19
19
19
19
19
20
20
19
19
19
18
20
20
19
19
19
21
21
21
21
21
22
21
21
22
22
22
21
22
21
21
21
21
20
21
21
21
21
21
22
22
22
22
22
22
22
22
22
22
22
23
23
23
23
23
24
24
25
25
25
25
25
26
26
27
27
27
27
27
28
28
29
29
29
29
29
30
30
31
31
31
31
31
32
32
33
33
33
33
34
34
34
34
34
34
34
34
35
35
36
36
36
36
36
36
37
37
37
37
37
38
38
37
37
37
37
37
37
38
38
38
38
38
38
38
38
38
38
38
37
37
37
37
37
37
38
38
38
38
38
38
37
38
38
38
38
38
38
38
38
38
38
38
38
38
39
40
40
40
40
40
40
40
41
41
41
41
40
40
41
41
41
41
41
41
42
42
42
42
42
41
41
41
42
42
42
43
43
43
43
44
45
46
48
50
52
53
55
56
58
59
258
261
265
271
277
283
291
369
374
378
383
387
392
396
400
478
478
478
478
478
479
481
481
481
480
481
481
482
483
484
484
485
485
484
483
482
478
475
485
478
472
467
463
459
456
449
439
432
425
420
416
414
411
410
408
404
390
371
364
356
343
316
338
349
354
364
378
403
407
409
411
414
415
419
421
425
431
442
451
457
461
464
468
472
477
482
557
481
483
483
483
483
482
481
480
479
479
478
479
479
478
478
477
475
476
476
475
474
473
396
391
386
382
378
374
369
290
280
274
269
264
261
62
59
58
59
59
59
57
56
54
52
50
50
48
47
46
45
45
44
44
44
43
43
43
43
43
43
43
42
42
41
41
41
41
41
42
41
41
41
41
41
41
41
41
40
40
39
39
39
39
39
39
39
39
39
39
38
38
38
38
38
38
38
37
37
37
37
37
38
38
37
37
37
37
37
38
38
38
38
38
38
38
38
38
38
38
37
38
38
38
38
37
37
38
38
38
37
37
37
37
37
36
36
36
36
36
35
35
35
35
35
35
35
35
34
34
34
34
34
34
34
33
33
32
32
32
32
31
31
31
31
31
31
29
29
29
29
29
28
28
28
28
26
26
26
26
25
25
25
25
24
24
24
24
23
23
23
23
22
21
21
21
21
20
20
20
20
20
20
18
18
18
18
20
18
19
20
20
19
20
20
21
21
19
19
20
20
20
20
20
18
18
18
18
19
19
19
19
20
19
19
19
19
19
20
19
19
19
19
18
17
12
12
12
12
12
12
12
12
12
12
12
12
12
1
1
1
1
1
1
1
1
1
1
1
1
1
1
1
1
1
1
1
1
1
1
1
1
1
1
1
1
1
1
1
1
1
1
1
1
1
1
1
1
1
1
1
1
1
1
1
1
1
1
1
1
1
1
1
1
1
1
1
1
1
1
1
1
1
1
1
1
1
1
1
1
1
1
1
1
1
1
1
1
1
1
1
1
1
1
1
1
1
1
1
1
1
1
1
1
1
1
1
1
1
1
1
1
1
1
1
1
1
1
1
1
1
1
1
1
1
1
1
1
1
1
1
1
1
1
1
1
1
1
1
1
1
1
1
1
1
1
1
1
1
1
1
1
1
1
1
1
1
1
1
1
1
1
1
1
1
1
1
1
1
1
1
1
1
1
1
1
1
1
1
1
1
1
1
1
1
1
1
1
1
1
1
1
1
1
1
1
1
1
1
1
1
1
1
1
1
1
1
1
1
1
1
1
1
1
1
1
1
1
1
1
1
1
1
1
1
1
1
1
1
1
1
1
1
1
1
1
1
1
