# Vetor de dados - syn_f000449-0-Pre--left--vetorlinha.txt
# Total de elementos: 768
# Formato: um valor por linha
#==================================================

1
1
1
1
1
1
1
1
1
1
1
1
1
1
1
1
1
1
1
1
1
1
1
1
1
1
1
1
1
1
1
1
1
1
1
1
1
1
1
1
1
1
1
1
1
1
1
1
1
1
1
1
1
1
1
1
1
1
1
1
1
1
1
1
1
1
1
1
1
1
1
1
1
1
1
1
1
1
1
1
1
1
1
1
1
1
1
1
1
1
1
1
1
1
1
1
1
1
1
1
1
1
1
1
1
1
1
1
1
1
1
1
1
1
1
1
1
1
20
27
33
37
41
44
46
49
52
55
56
58
59
61
62
64
65
66
67
68
69
69
71
71
71
72
72
72
72
73
73
73
74
74
74
75
75
76
77
78
79
78
79
80
81
80
81
81
81
80
79
77
75
73
73
72
72
71
70
68
67
68
67
65
65
63
63
62
62
61
60
60
60
59
58
57
56
54
52
50
48
46
46
45
45
45
46
46
46
47
47
47
47
48
48
48
48
49
49
49
50
50
51
52
51
52
52
53
53
53
54
57
61
64
70
77
94
142
149
153
158
163
169
174
179
183
188
195
201
209
217
223
227
230
234
237
241
246
250
254
258
263
269
274
278
284
291
291
291
290
289
286
90
90
91
90
91
91
91
91
91
91
91
91
91
90
90
90
90
90
89
89
88
88
88
87
87
86
86
84
84
82
82
80
80
78
76
75
74
74
75
74
74
74
75
75
75
75
76
76
76
76
76
76
77
77
76
76
76
76
76
76
77
76
76
76
76
76
76
77
76
76
76
77
76
77
77
76
77
77
78
79
80
80
80
80
81
82
82
82
82
83
83
84
84
84
85
85
86
86
87
87
88
88
89
88
89
90
90
90
91
90
91
92
91
92
91
92
92
92
92
92
92
92
92
92
91
92
92
91
91
90
91
90
90
89
89
89
88
88
88
88
87
87
88
87
87
87
87
87
87
88
87
87
87
86
86
86
85
86
85
85
84
83
82
82
81
81
80
79
78
77
76
76
76
75
75
75
75
74
74
73
73
72
72
72
72
71
71
70
70
69
69
69
69
69
68
68
68
68
68
68
67
67
67
67
67
67
66
66
66
66
66
65
66
66
66
66
66
65
64
64
64
63
63
63
63
63
62
62
62
62
62
61
61
60
60
59
59
59
59
59
58
57
57
57
56
56
56
56
55
55
55
55
55
55
54
54
54
54
54
54
54
54
54
54
54
54
54
54
55
54
55
55
55
55
54
54
54
54
53
53
53
52
53
52
52
52
52
52
52
51
52
51
50
50
49
49
48
48
47
47
46
46
46
47
47
47
47
46
47
47
47
47
47
46
46
46
46
46
45
45
46
46
46
45
44
44
44
44
44
43
43
43
43
43
42
41
41
41
41
41
40
39
39
39
39
39
38
37
37
37
37
37
36
35
35
35
35
35
35
34
33
33
33
33
33
33
33
33
33
33
33
32
32
32
32
32
33
33
34
34
34
35
36
37
38
39
42
43
45
48
50
51
53
56
57
59
61
63
68
72
74
77
78
80
80
81
82
85
86
86
86
87
86
85
76
65
62
65
68
71
74
78
84
85
87
88
90
90
91
91
90
89
86
86
84
82
60
53
49
40
38
31
1
1
1
1
1
1
1
1
1
1
1
1
1
1
1
1
1
1
1
1
1
1
1
1
1
1
1
1
1
1
1
1
1
1
1
1
1
1
1
1
1
1
1
1
1
1
1
1
1
1
1
1
1
1
1
1
