# Vetor de dados - syn_f000164-3-Pre--front--vetorcoluna.txt
# Total de elementos: 1024
# Formato: um valor por linha
#==================================================

1
1
1
1
1
1
1
1
1
1
1
1
1
1
1
1
1
1
1
1
1
1
1
1
1
1
1
1
1
1
1
1
1
1
1
1
1
1
1
1
1
1
1
1
1
1
1
1
1
1
1
1
1
1
1
1
1
1
1
1
1
1
1
1
1
1
1
1
1
1
1
1
1
1
1
1
1
1
1
1
1
1
1
1
1
1
1
1
1
1
1
1
1
1
1
1
1
1
1
1
1
1
1
1
1
1
1
1
1
1
1
1
1
1
1
1
1
1
1
1
1
1
1
1
1
1
1
1
1
1
1
1
1
1
1
1
1
1
1
1
1
1
1
1
1
1
1
1
1
1
1
1
1
1
1
1
1
1
1
1
1
1
1
1
1
1
1
1
1
1
1
1
1
1
1
1
1
1
1
1
1
1
1
1
1
1
1
1
1
1
1
1
1
1
1
1
1
1
1
1
1
1
1
1
1
1
1
1
1
1
1
1
1
1
1
1
1
3
8
8
8
8
8
8
8
8
9
9
8
8
8
8
8
9
9
9
9
10
10
10
10
18
19
20
20
20
20
19
19
19
20
20
19
19
19
20
20
19
19
19
20
20
20
21
21
21
22
22
22
22
22
22
21
22
22
22
21
21
21
21
20
21
21
21
21
21
21
22
22
22
22
22
23
23
23
24
24
25
25
25
25
26
27
27
27
27
27
28
28
29
29
29
30
30
30
31
31
32
32
32
32
32
34
34
34
34
34
35
35
35
35
36
36
36
37
37
37
37
37
37
37
37
37
37
37
37
37
37
37
37
37
37
37
37
37
37
37
37
37
37
37
36
36
36
35
35
35
35
35
35
35
35
35
35
35
35
35
35
35
35
35
35
35
35
35
35
35
36
36
36
37
37
37
37
37
37
37
37
37
37
39
39
39
39
39
39
39
39
39
39
40
41
41
41
41
41
41
41
42
42
42
42
43
43
43
44
44
44
45
45
45
45
46
46
47
47
47
47
47
48
48
48
47
47
51
63
57
58
72
73
64
282
284
286
288
290
293
295
297
395
398
402
406
410
413
417
420
490
490
490
491
492
494
494
495
494
494
494
492
492
492
494
496
498
499
500
501
502
429
495
492
490
487
483
479
475
470
460
431
426
422
418
414
408
399
392
382
369
359
353
347
340
341
346
350
354
358
363
372
384
397
407
412
415
418
420
459
465
471
475
479
482
486
491
495
497
500
429
499
498
498
497
496
495
494
493
490
491
491
492
493
492
492
492
490
490
490
489
419
415
411
408
404
400
397
394
391
297
294
291
289
287
285
283
281
77
75
73
70
66
63
61
58
56
52
50
48
47
46
46
45
45
44
44
44
43
43
42
42
42
42
41
41
41
41
41
40
40
40
40
40
40
40
40
40
40
40
40
40
40
40
39
39
39
39
38
38
38
38
38
38
38
38
37
37
37
36
36
36
36
36
36
36
36
36
36
35
35
35
35
36
37
37
37
37
37
37
37
37
37
38
38
38
38
38
38
38
38
38
38
39
38
38
38
38
38
38
38
38
38
38
38
38
38
38
37
37
37
37
36
36
36
35
35
35
35
35
35
35
34
34
34
34
33
32
32
32
32
31
31
31
30
29
29
29
29
29
27
27
27
27
27
25
25
25
25
24
24
23
23
23
22
22
22
21
21
21
21
21
19
19
20
20
20
19
20
20
20
21
22
21
21
22
21
21
21
21
21
21
21
19
19
20
20
20
19
19
19
20
20
19
19
20
21
21
19
20
20
20
20
20
19
18
12
10
10
9
9
9
9
10
9
9
9
9
9
9
9
8
8
8
8
8
8
8
6
2
1
1
1
1
1
1
1
1
1
1
1
1
1
1
1
1
1
1
1
1
1
1
1
1
1
1
1
1
1
1
1
1
1
1
1
1
1
1
1
1
1
1
1
1
1
1
1
1
1
1
1
1
1
1
1
1
1
1
1
1
1
1
1
1
1
1
1
1
1
1
1
1
1
1
1
1
1
1
1
1
1
1
1
1
1
1
1
1
1
1
1
1
1
1
1
1
1
1
1
1
1
1
1
1
1
1
1
1
1
1
1
1
1
1
1
1
1
1
1
1
1
1
1
1
1
1
1
1
1
1
1
1
1
1
1
1
1
1
1
1
1
1
1
1
1
1
1
1
1
1
1
1
1
1
1
1
1
1
1
1
1
1
1
1
1
1
1
1
1
1
1
1
1
1
1
1
1
1
1
1
1
1
1
1
1
1
1
1
1
1
1
1
1
1
1
1
1
1
1
1
1
1
1
1
1
1
1
1
1
1
1
1
1
1
1
1
1
