# Vetor de dados - syn_f001274-0-Pre--left--vetorlinha.txt
# Total de elementos: 768
# Formato: um valor por linha
#==================================================

1
1
1
1
1
1
1
1
1
1
1
1
1
1
1
1
1
1
1
1
1
1
1
1
1
1
1
1
1
1
1
1
1
1
1
1
1
1
1
1
1
1
1
1
1
1
1
1
1
1
1
1
1
1
1
1
1
1
1
1
1
1
1
1
1
1
1
1
1
1
1
1
1
1
1
1
1
1
1
1
1
1
1
1
1
1
1
1
1
1
1
1
1
1
1
1
1
1
1
1
1
1
1
1
1
1
1
1
1
1
1
1
1
1
1
1
1
10
24
32
36
41
45
49
52
55
57
59
61
63
65
67
68
70
70
72
72
74
75
76
76
78
78
78
79
80
80
80
80
80
81
81
81
81
81
82
82
83
82
83
84
84
85
85
86
86
87
87
87
86
86
85
84
80
78
77
75
74
73
73
72
70
70
70
69
68
68
66
66
66
66
66
66
66
66
66
65
64
62
61
58
56
53
52
50
50
49
49
49
49
50
49
50
51
50
50
51
51
51
52
51
52
53
53
55
59
63
67
72
151
157
162
166
172
176
181
189
199
211
224
228
233
236
242
247
253
258
263
271
278
285
293
301
301
302
301
300
297
294
292
284
283
203
196
189
179
164
158
120
112
103
103
103
104
104
105
105
105
105
105
105
106
105
106
104
104
104
104
104
104
104
103
103
103
102
102
102
100
100
99
98
97
97
95
95
94
93
93
93
92
92
92
91
92
92
92
91
91
91
91
91
91
91
90
91
91
91
91
91
90
90
91
91
91
91
90
90
90
91
91
90
90
90
90
89
89
89
88
88
87
87
86
87
87
87
87
88
88
89
90
90
91
92
93
93
93
94
95
95
96
97
97
98
98
99
100
100
100
101
101
101
101
102
102
102
102
102
102
102
102
102
102
101
102
102
101
102
102
101
101
101
102
101
101
101
101
100
100
100
101
100
100
100
99
99
99
98
98
98
97
96
96
95
95
95
95
95
96
95
95
95
95
95
95
94
94
93
93
92
91
90
89
89
88
87
87
86
85
85
84
84
84
83
83
82
81
81
81
81
81
81
80
79
79
79
78
78
78
78
78
78
78
76
76
76
76
75
75
75
75
74
74
74
74
73
73
73
72
72
72
72
71
71
71
70
70
70
69
69
69
67
67
67
66
66
66
65
65
65
64
63
63
62
62
61
61
59
59
59
58
58
57
57
56
56
55
55
55
54
54
54
54
54
53
53
54
54
54
55
54
55
55
54
55
55
56
55
55
55
55
55
55
54
55
54
54
54
53
53
53
53
52
53
52
52
51
52
51
51
50
50
50
51
50
50
50
50
50
50
50
50
50
50
50
50
50
50
50
50
49
49
49
49
49
49
49
49
49
48
48
48
48
48
48
48
47
47
47
47
47
47
46
46
46
46
45
45
44
44
44
44
44
44
42
42
42
42
42
42
41
40
40
40
40
40
40
39
38
38
38
38
38
38
37
37
36
36
36
36
37
37
38
39
40
40
40
42
44
45
48
50
52
53
56
58
59
66
70
72
73
75
76
79
81
83
85
85
86
87
87
87
86
86
87
48
50
53
56
58
62
66
68
71
74
76
79
82
84
86
89
91
93
92
91
89
87
85
83
70
63
58
51
44
40
37
1
1
1
1
1
1
1
1
1
1
1
1
1
1
1
1
1
1
1
1
1
1
1
1
1
1
1
1
1
1
1
1
1
1
1
1
1
1
1
1
1
1
1
1
1
1
1
1
1
1
1
1
1
