# Vetor de dados - syn_f001172-0-Pre--left--vetorlinha.txt
# Total de elementos: 768
# Formato: um valor por linha
#==================================================

1
1
1
1
1
1
1
1
1
1
1
1
1
1
1
1
1
1
1
1
1
1
1
1
1
1
1
1
1
1
1
1
1
1
1
1
1
1
1
1
1
1
1
1
1
1
1
1
1
1
1
1
1
1
1
1
1
1
1
1
1
1
1
1
1
1
1
1
1
1
1
1
1
1
1
1
1
1
1
1
1
1
1
1
1
1
1
1
1
1
1
1
1
1
1
1
1
1
1
1
1
1
1
1
1
1
1
1
1
1
1
1
1
1
1
1
1
1
1
1
1
1
1
1
1
1
1
1
1
1
1
1
1
17
26
33
37
41
45
48
51
53
55
57
59
61
63
64
66
67
68
69
70
71
72
72
73
74
74
74
74
75
75
76
76
76
77
77
77
77
76
76
77
77
78
77
78
79
79
79
80
80
80
80
79
79
76
73
70
69
68
67
66
65
64
64
63
63
62
61
61
61
61
62
62
62
62
61
60
59
57
53
50
49
49
49
48
48
49
48
49
49
50
50
50
50
51
50
173
184
218
223
232
243
252
282
284
284
284
283
283
280
280
276
270
270
268
251
250
209
205
201
195
189
183
176
170
164
159
154
148
141
132
111
104
99
94
94
95
96
97
98
100
101
102
102
103
103
103
103
103
104
104
104
104
104
104
104
103
104
104
104
104
104
103
103
103
103
101
101
101
100
100
98
98
97
95
94
93
93
90
90
91
91
91
92
91
92
92
92
92
93
93
92
93
93
93
92
93
93
93
92
92
92
92
91
91
91
91
90
90
90
90
90
89
89
89
89
88
88
88
88
88
89
89
89
90
90
92
92
93
94
94
95
96
97
97
97
99
99
100
101
101
101
103
103
103
104
104
104
105
105
105
105
105
105
105
105
104
105
104
104
104
103
104
103
102
102
101
101
100
100
99
98
99
98
97
97
96
95
94
93
93
92
92
91
90
89
88
86
85
85
86
85
85
85
85
85
85
85
84
84
84
83
83
83
83
82
82
81
80
79
78
77
77
76
76
75
75
74
74
72
72
72
71
71
71
71
70
69
69
69
68
68
67
67
66
65
65
65
65
64
64
64
63
62
62
62
61
61
61
61
60
60
60
59
59
59
59
58
58
58
58
57
57
57
56
56
56
55
55
55
55
54
54
54
53
52
51
51
51
51
50
50
50
49
49
49
49
49
49
48
48
48
48
48
48
50
50
50
51
51
51
52
52
52
53
53
54
54
54
55
54
54
54
54
54
54
54
54
53
53
52
52
52
51
51
51
50
49
49
48
47
47
47
46
45
45
45
44
44
44
43
43
42
42
42
43
43
43
43
43
43
43
43
43
43
43
43
43
43
43
42
42
42
42
42
42
42
42
41
41
41
41
41
41
40
39
39
39
39
39
39
39
38
38
38
38
38
38
38
38
37
37
37
37
37
37
37
37
37
36
36
36
36
36
36
36
36
36
36
36
36
37
38
38
41
42
44
47
50
53
56
57
61
65
71
73
74
76
78
78
79
80
82
83
83
84
84
84
83
46
48
51
54
58
62
66
71
74
78
82
84
85
87
89
90
90
89
89
87
85
84
81
75
60
53
47
38
34
1
1
1
1
1
1
1
1
1
1
1
1
1
1
1
1
1
1
1
1
1
1
1
1
1
1
1
1
1
1
1
1
1
1
1
1
1
1
1
1
1
1
1
1
1
1
1
1
1
1
1
1
1
1
1
1
1
1
1
1
1
1
1
1
1
1
1
1
