# Vetor de dados - syn_f001541-3-Pre--left--vetorlinha.txt
# Total de elementos: 768
# Formato: um valor por linha
#==================================================

1
1
1
1
1
1
1
1
1
1
1
1
1
1
1
1
1
1
1
1
1
1
1
1
1
1
1
1
1
1
1
1
1
1
1
1
1
1
1
1
1
1
1
1
1
1
1
1
1
1
1
1
1
1
1
1
1
1
1
1
1
1
1
1
1
1
1
1
1
1
1
1
1
1
1
1
1
1
1
1
1
1
1
1
1
1
1
1
1
1
1
1
1
1
1
1
1
1
1
1
1
1
1
1
1
1
1
1
1
1
1
1
1
1
1
1
1
1
1
1
8
22
30
36
39
44
47
50
53
55
57
59
61
63
65
67
68
69
70
71
72
73
74
74
76
76
76
76
77
77
77
77
78
78
78
79
79
79
79
79
79
79
80
81
80
81
82
83
83
83
84
84
83
83
82
80
77
75
74
73
72
71
70
69
68
69
67
66
66
66
66
65
66
66
66
66
66
65
64
64
62
60
57
55
52
51
50
49
50
49
50
49
49
50
49
50
51
51
51
52
53
54
55
56
56
60
64
71
79
87
93
98
103
108
114
156
163
168
173
177
181
186
189
194
199
207
214
221
224
226
230
234
238
242
248
252
255
260
267
272
277
288
291
291
290
289
288
285
283
274
194
186
103
103
103
103
104
104
104
104
104
104
104
104
104
104
104
104
104
103
103
103
103
103
103
103
103
103
102
101
101
100
100
98
98
97
97
96
94
94
94
94
95
94
94
94
94
95
94
94
94
93
93
92
92
92
91
91
90
90
90
90
90
90
90
89
89
89
89
90
90
90
90
89
89
89
89
90
90
89
89
89
89
89
89
88
88
88
88
88
90
90
90
92
92
93
94
95
96
98
99
100
102
102
103
104
105
105
106
107
108
108
109
110
110
111
111
112
112
112
113
114
114
113
113
114
114
114
114
114
113
113
113
113
113
112
112
112
112
111
111
111
110
110
108
108
108
107
107
105
105
104
104
103
102
101
101
99
98
96
96
95
95
95
95
94
93
92
92
91
90
90
89
88
87
87
86
86
86
86
86
85
85
85
85
85
85
85
85
85
85
85
85
85
86
86
86
86
86
85
85
86
86
86
86
86
85
85
85
85
86
85
84
84
84
84
84
83
83
82
82
81
81
81
80
80
79
78
78
78
78
76
76
76
75
74
74
72
72
72
70
70
70
69
68
67
67
65
65
64
63
63
62
61
60
59
58
57
57
56
56
56
55
55
54
55
55
55
55
56
55
56
56
57
56
57
58
58
59
59
59
60
59
60
60
60
60
60
60
60
60
60
60
60
59
58
59
58
58
58
57
57
56
56
56
55
55
55
54
54
54
54
54
54
54
54
54
52
52
52
51
51
51
51
51
52
52
52
52
53
53
53
53
53
53
53
53
52
52
52
52
52
52
52
51
50
50
50
49
49
48
47
47
47
46
45
45
45
43
43
42
42
42
40
40
39
39
39
38
38
38
38
37
37
37
36
36
36
37
38
38
38
39
41
43
45
47
49
51
53
55
57
59
65
69
71
73
75
77
78
79
80
81
82
82
83
83
83
82
82
82
50
52
54
57
60
64
67
70
73
76
79
82
83
84
86
88
87
87
86
85
83
81
71
61
54
48
43
39
37
1
1
1
1
1
1
1
1
1
1
1
1
1
1
1
1
1
1
1
1
1
1
1
1
1
1
1
1
1
1
1
1
1
1
1
1
1
1
1
1
1
1
1
1
1
1
1
1
1
1
1
1
1
1
1
1
1
1
