# Vetor de dados - syn_f000078-2-Pre--front--vetorcoluna.txt
# Total de elementos: 1024
# Formato: um valor por linha
#==================================================

1
1
1
1
1
1
1
1
1
1
1
1
1
1
1
1
1
1
1
1
1
1
1
1
1
1
1
1
1
1
1
1
1
1
1
1
1
1
1
1
1
1
1
1
1
1
1
1
1
1
1
1
1
1
1
1
1
1
1
1
1
1
1
1
1
1
1
1
1
1
1
1
1
1
1
1
1
1
1
1
1
1
1
1
1
1
1
1
1
1
1
1
1
1
1
1
1
1
1
1
1
1
1
1
1
1
1
1
1
1
1
1
1
1
1
1
1
1
1
1
1
1
1
1
1
1
1
1
1
1
1
1
1
1
1
1
1
1
1
1
1
1
1
1
1
1
1
1
1
1
1
1
1
1
1
1
1
1
1
1
1
1
1
1
1
1
1
1
1
1
1
1
1
1
1
1
1
1
1
1
1
1
1
1
1
1
1
1
1
1
1
1
1
1
1
1
1
1
1
1
1
1
1
1
1
1
1
1
1
1
1
1
1
1
1
1
1
1
1
1
1
1
1
1
1
1
16
16
16
16
16
16
16
16
16
16
16
16
16
16
16
16
16
16
16
21
23
23
24
24
24
24
24
23
23
23
23
22
22
22
22
21
21
21
21
21
21
21
21
21
21
20
21
21
21
21
21
20
20
19
20
20
19
19
18
18
18
20
20
19
19
19
19
19
21
21
21
21
21
22
22
22
23
24
24
24
24
25
25
25
25
26
26
27
27
28
28
28
29
29
29
29
30
30
30
30
32
32
32
32
32
32
33
33
33
34
34
34
35
35
35
35
35
35
35
36
36
36
36
36
36
36
36
36
36
36
36
36
36
36
36
36
36
36
36
36
36
35
35
35
34
34
34
34
34
34
34
34
34
34
34
34
34
34
34
34
34
34
34
34
34
34
34
34
34
34
35
35
35
35
35
35
35
35
35
35
35
35
35
35
35
35
35
35
35
35
35
35
35
35
36
36
36
37
37
37
38
38
38
39
39
39
40
41
41
41
42
43
43
44
45
45
45
45
48
51
54
56
60
72
76
79
81
84
86
88
90
276
281
286
290
294
389
394
398
401
406
409
413
483
485
486
486
487
486
487
489
489
489
490
489
490
491
492
492
493
564
565
565
563
561
496
493
490
487
483
479
473
468
422
419
416
414
411
407
399
382
369
362
358
353
348
351
356
363
371
381
403
408
411
413
415
418
466
472
476
480
485
488
493
498
500
561
563
563
564
491
492
491
489
489
488
487
488
488
488
488
487
486
485
485
483
482
412
408
403
400
396
393
389
385
297
292
286
280
276
272
88
79
73
68
64
63
61
59
58
57
56
54
52
50
49
47
46
45
44
43
42
42
40
40
39
38
38
38
37
36
36
35
35
35
34
34
34
34
34
35
34
34
34
34
34
34
34
34
34
34
34
34
34
34
34
34
34
34
34
34
34
33
33
33
33
34
34
34
34
34
34
34
34
33
33
33
33
33
33
33
33
33
33
33
34
35
35
35
35
35
36
36
36
36
37
37
37
37
37
37
37
37
37
37
37
37
37
37
37
36
36
36
36
36
36
36
36
35
35
35
34
34
33
33
33
33
33
32
32
32
32
31
31
31
30
30
30
30
29
28
28
28
27
27
27
26
26
25
25
24
24
24
24
23
23
23
22
22
21
21
21
21
21
21
20
20
20
21
21
21
21
21
21
22
22
23
24
24
24
25
25
25
26
26
26
26
26
26
26
26
26
27
27
27
27
27
28
28
29
29
29
30
30
30
30
30
30
30
29
28
22
22
22
22
22
1
1
1
1
1
1
1
1
1
1
1
1
1
1
1
1
1
1
1
1
1
1
1
1
1
1
1
1
1
1
1
1
1
1
1
1
1
1
1
1
1
1
1
1
1
1
1
1
1
1
1
1
1
1
1
1
1
1
1
1
1
1
1
1
1
1
1
1
1
1
1
1
1
1
1
1
1
1
1
1
1
1
1
1
1
1
1
1
1
1
1
1
1
1
1
1
1
1
1
1
1
1
1
1
1
1
1
1
1
1
1
1
1
1
1
1
1
1
1
1
1
1
1
1
1
1
1
1
1
1
1
1
1
1
1
1
1
1
1
1
1
1
1
1
1
1
1
1
1
1
1
1
1
1
1
1
1
1
1
1
1
1
1
1
1
1
1
1
1
1
1
1
1
1
1
1
1
1
1
1
1
1
1
1
1
1
1
1
1
1
1
1
1
1
1
1
1
1
1
1
1
1
1
1
1
1
1
1
1
1
1
1
1
1
1
1
1
1
1
1
1
1
1
1
1
1
1
1
1
1
1
1
1
1
1
1
1
1
1
1
1
1
