# Vetor de dados - syn_f000027-2-Pre--left--vetorlinha.txt
# Total de elementos: 768
# Formato: um valor por linha
#==================================================

1
1
1
1
1
1
1
1
1
1
1
1
1
1
1
1
1
1
1
1
1
1
1
1
1
1
1
1
1
1
1
1
1
1
1
1
1
1
1
1
1
1
1
1
1
1
1
1
1
1
1
1
1
1
1
1
1
1
1
1
1
1
1
1
1
1
1
1
1
1
1
1
1
1
1
1
1
1
1
1
1
1
1
1
1
1
1
1
1
1
1
1
1
1
1
1
1
1
1
1
1
1
1
1
1
1
1
1
1
1
1
1
1
1
1
1
1
1
1
1
1
1
1
1
1
1
1
1
1
1
1
17
26
32
38
41
45
49
52
54
57
58
60
62
65
66
68
69
70
71
72
72
74
75
75
76
77
77
77
77
77
78
78
79
79
79
79
79
80
80
81
80
81
82
82
83
83
84
84
85
86
85
85
83
82
79
78
76
75
75
75
74
72
72
71
71
70
69
68
67
68
68
68
68
68
68
67
66
65
64
62
61
59
57
55
55
54
54
53
53
53
53
53
54
55
54
55
56
57
57
58
59
59
60
61
62
66
70
74
81
87
96
165
170
175
180
184
190
195
203
209
216
224
227
230
233
236
240
244
248
254
258
262
269
276
281
287
298
298
298
298
297
296
292
290
281
280
208
203
198
192
122
123
123
124
124
124
125
125
125
125
125
125
125
125
125
125
125
125
125
125
124
124
124
124
124
124
123
123
121
121
120
120
119
118
116
116
116
116
116
116
116
116
116
116
116
116
116
116
115
115
115
114
114
114
114
114
113
112
112
111
111
110
110
109
109
108
108
108
108
107
107
107
105
105
105
105
104
103
103
103
102
102
101
101
100
100
102
102
104
106
106
108
109
111
111
113
113
114
116
116
117
119
119
119
121
121
122
122
122
122
124
124
125
125
125
126
126
125
126
126
126
126
126
126
125
125
125
125
125
124
124
124
123
123
123
122
122
121
121
121
120
119
118
118
117
117
116
115
114
114
113
112
111
110
110
108
107
106
104
103
102
102
101
100
100
99
98
97
96
96
95
95
94
93
92
90
90
89
89
88
87
87
86
86
86
86
85
85
85
85
85
85
84
84
83
83
83
83
83
82
82
82
82
82
81
81
81
80
80
80
79
79
78
78
78
78
77
77
77
76
76
75
75
75
74
73
73
73
73
71
71
71
70
70
69
68
68
67
67
66
65
65
64
62
62
61
60
60
59
58
57
57
56
56
55
55
54
54
54
54
54
54
54
55
54
55
55
55
55
56
55
54
55
54
55
54
55
54
54
54
54
55
54
54
54
53
53
52
52
52
52
51
51
50
50
50
50
50
49
49
49
49
49
49
50
50
50
50
50
50
51
51
51
51
50
50
50
50
50
50
50
49
48
48
48
48
48
47
47
46
46
46
45
44
44
43
43
42
42
41
41
40
40
39
38
38
38
37
36
36
36
36
36
35
36
36
36
36
36
36
37
37
37
38
39
38
39
40
42
43
45
46
49
51
53
55
57
64
70
72
74
76
79
81
83
83
83
82
83
83
83
84
83
83
83
60
65
69
71
73
77
80
82
84
87
88
88
87
86
85
84
85
83
82
78
67
57
50
43
39
36
1
1
1
1
1
1
1
1
1
1
1
1
1
1
1
1
1
1
1
1
1
1
1
1
1
1
1
1
1
1
1
1
1
1
1
1
1
1
1
1
1
1
1
1
1
1
1
1
1
1
1
1
1
1
1
1
1
1
1
1
1
1
1
1
1
1
