# Vetor de dados - syn_f002014-3-Pre--left--vetorlinha.txt
# Total de elementos: 768
# Formato: um valor por linha
#==================================================

1
1
1
1
1
1
1
1
1
1
1
1
1
1
1
1
1
1
1
1
1
1
1
1
1
1
1
1
1
1
1
1
1
1
1
1
1
1
1
1
1
1
1
1
1
1
1
1
1
1
1
1
1
1
1
1
1
1
1
1
1
1
1
1
1
1
1
1
1
1
1
1
1
1
1
1
1
1
1
1
1
1
1
1
1
1
1
1
1
1
1
1
1
1
1
1
1
1
1
1
1
1
1
1
1
1
1
1
1
1
1
1
1
1
1
1
1
1
1
1
1
1
1
1
1
1
1
1
1
1
1
1
13
25
32
37
41
46
48
51
54
56
58
60
62
64
66
67
69
69
71
71
73
74
75
75
76
77
77
77
77
78
78
78
78
79
79
79
80
80
80
79
80
80
81
82
81
82
83
84
83
84
85
84
84
83
83
81
78
76
74
73
72
72
71
71
70
69
69
70
70
68
68
68
69
69
70
70
70
70
70
70
69
68
66
63
60
58
56
55
55
55
54
55
54
55
54
55
55
56
56
57
57
58
58
59
59
60
61
63
67
69
74
98
153
161
167
171
176
180
184
188
192
197
201
205
209
212
215
218
220
224
227
231
235
240
245
249
254
261
266
272
281
285
285
284
285
283
280
278
268
183
174
101
99
100
101
101
101
102
102
102
103
103
103
103
103
103
102
103
103
103
103
102
102
102
101
101
101
99
99
99
97
97
96
97
96
96
96
96
96
96
96
96
95
95
95
95
94
94
94
92
92
91
90
90
89
88
88
88
88
87
87
87
87
87
87
86
86
86
86
86
86
85
84
85
85
85
84
85
85
85
85
86
87
89
90
91
92
94
96
97
98
99
99
101
102
103
104
104
104
105
106
106
107
107
107
107
107
108
108
108
108
108
108
109
109
109
108
108
108
108
108
108
108
108
107
107
106
106
106
105
105
105
104
104
102
102
102
101
101
99
99
98
98
96
95
93
92
92
91
90
89
88
87
87
86
86
86
85
85
84
84
83
83
83
82
82
82
82
81
81
81
81
81
81
81
81
81
81
81
81
82
82
82
82
82
81
81
81
81
81
81
81
82
82
81
81
81
81
80
80
79
79
79
79
79
79
79
78
78
77
77
76
76
76
76
75
74
74
74
73
73
72
71
71
70
70
69
68
68
67
66
65
65
64
63
62
62
61
61
59
59
58
58
57
57
55
55
54
54
54
54
53
52
53
52
52
53
52
52
53
53
53
54
53
54
53
54
54
54
53
54
53
54
54
54
54
54
54
53
53
53
52
52
52
52
52
51
52
52
51
50
50
50
50
50
50
50
51
51
51
51
51
51
51
51
52
52
52
52
52
52
52
51
51
51
51
51
51
51
50
50
50
50
50
50
49
49
48
48
47
47
46
46
46
45
44
44
44
42
42
42
41
41
40
39
39
39
38
38
38
38
37
38
38
38
38
38
38
39
39
39
40
40
41
42
44
44
46
48
49
51
53
54
56
59
62
64
68
71
73
75
78
79
81
82
83
82
83
83
82
46
49
51
53
56
60
63
67
70
73
76
79
81
83
86
86
85
84
83
82
81
79
74
57
49
44
38
36
1
1
1
1
1
1
1
1
1
1
1
1
1
1
1
1
1
1
1
1
1
1
1
1
1
1
1
1
1
1
1
1
1
1
1
1
1
1
1
1
1
1
1
1
1
1
1
1
1
1
1
1
1
1
1
1
1
1
1
1
1
1
1
1
1
1
1
1
