# Vetor de dados - syn_f002573-3-Pre--front--vetorcoluna.txt
# Total de elementos: 1024
# Formato: um valor por linha
#==================================================

1
1
1
1
1
1
1
1
1
1
1
1
1
1
1
1
1
1
1
1
1
1
1
1
1
1
1
1
1
1
1
1
1
1
1
1
1
1
1
1
1
1
1
1
1
1
1
1
1
1
1
1
1
1
1
1
1
1
1
1
1
1
1
1
1
1
1
1
1
1
1
1
1
1
1
1
1
1
1
1
1
1
1
1
1
1
1
1
1
1
1
1
1
1
1
1
1
1
1
1
1
1
1
1
1
1
1
1
1
1
1
1
1
1
1
1
1
1
1
1
1
1
1
1
1
1
1
1
1
1
1
1
1
1
1
1
1
1
1
1
1
1
1
1
1
1
1
1
1
1
1
1
1
1
1
1
1
1
1
1
1
1
1
1
1
1
1
1
1
1
1
1
1
1
1
1
1
1
1
1
1
1
1
1
1
1
1
1
1
1
1
1
1
1
1
1
1
1
1
1
1
1
1
1
1
1
1
1
1
1
1
1
1
1
1
1
1
1
1
1
1
1
1
20
20
20
20
20
20
20
20
20
20
20
21
21
21
21
21
21
21
22
22
22
22
22
23
23
23
24
24
24
24
25
25
25
25
26
26
26
27
27
27
28
28
28
28
28
28
28
28
28
28
28
28
28
28
28
28
29
29
29
29
29
29
29
29
30
30
30
30
30
30
30
30
31
31
31
31
31
31
32
32
32
32
32
33
33
33
33
33
33
34
34
34
34
35
35
35
35
36
36
36
36
37
37
37
37
37
37
38
38
38
38
38
38
38
38
38
38
38
38
38
39
39
39
39
39
38
38
38
38
37
37
37
37
36
36
36
35
35
35
35
35
35
35
35
34
34
34
35
35
35
35
35
35
35
35
35
36
36
36
36
36
36
36
36
37
37
37
37
37
37
37
37
37
37
38
38
38
38
38
38
38
38
38
38
38
38
39
39
39
39
40
40
40
40
40
40
40
41
41
42
42
42
43
43
44
44
45
45
47
47
48
49
50
51
53
55
58
61
63
65
67
68
69
71
72
295
297
300
303
306
310
315
422
426
430
433
437
441
445
450
522
523
523
523
522
523
525
525
526
525
525
526
527
527
529
529
530
530
531
529
529
527
524
505
486
533
530
527
524
521
517
512
506
500
456
451
448
444
441
432
393
385
380
375
370
363
350
342
344
364
369
372
376
381
387
394
402
410
432
440
443
445
448
499
505
509
513
517
523
528
531
533
460
464
490
522
526
529
529
531
530
529
529
528
526
525
524
524
525
525
525
524
524
524
525
525
524
451
447
443
439
435
431
428
424
420
313
309
305
301
298
296
70
69
67
65
64
62
60
57
56
54
52
51
50
49
49
47
46
46
45
44
44
43
42
42
42
40
40
40
40
39
39
39
39
39
39
38
38
38
39
39
39
39
39
39
39
39
39
39
38
38
38
38
38
38
38
38
37
37
37
37
37
37
37
36
36
36
36
35
34
34
34
34
34
34
34
34
34
34
34
34
34
34
35
35
35
35
35
36
36
36
36
37
37
37
37
38
39
39
39
39
39
39
39
39
39
39
39
39
39
39
39
39
39
39
39
38
38
38
38
38
38
38
37
37
37
37
37
37
36
36
35
35
35
34
34
34
34
34
33
32
32
32
31
31
31
31
29
29
29
29
28
28
28
27
26
26
26
26
26
24
24
24
24
23
23
22
22
22
21
21
21
21
21
21
19
19
19
20
18
18
18
19
18
19
20
20
20
21
21
22
21
21
22
21
21
21
21
21
21
21
21
19
19
20
20
20
19
19
20
20
21
20
21
21
21
19
20
21
20
20
20
20
18
16
10
10
10
10
10
10
9
9
9
9
9
9
8
8
8
8
9
9
9
8
8
8
8
1
1
1
1
1
1
1
1
1
1
1
1
1
1
1
1
1
1
1
1
1
1
1
1
1
1
1
1
1
1
1
1
1
1
1
1
1
1
1
1
1
1
1
1
1
1
1
1
1
1
1
1
1
1
1
1
1
1
1
1
1
1
1
1
1
1
1
1
1
1
1
1
1
1
1
1
1
1
1
1
1
1
1
1
1
1
1
1
1
1
1
1
1
1
1
1
1
1
1
1
1
1
1
1
1
1
1
1
1
1
1
1
1
1
1
1
1
1
1
1
1
1
1
1
1
1
1
1
1
1
1
1
1
1
1
1
1
1
1
1
1
1
1
1
1
1
1
1
1
1
1
1
1
1
1
1
1
1
1
1
1
1
1
1
1
1
1
1
1
1
1
1
1
1
1
1
1
1
1
1
1
1
1
1
1
1
1
1
1
1
1
1
1
1
1
1
1
1
1
1
1
1
