# Vetor de dados - syn_f002306-1-Pre--front--vetorcoluna.txt
# Total de elementos: 1024
# Formato: um valor por linha
#==================================================

1
1
1
1
1
1
1
1
1
1
1
1
1
1
1
1
1
1
1
1
1
1
1
1
1
1
1
1
1
1
1
1
1
1
1
1
1
1
1
1
1
1
1
1
1
1
1
1
1
1
1
1
1
1
1
1
1
1
1
1
1
1
1
1
1
1
1
1
1
1
1
1
1
1
1
1
1
1
1
1
1
1
1
1
1
1
1
1
1
1
1
1
1
1
1
1
1
1
1
1
1
1
1
1
1
1
1
1
1
1
1
1
1
1
1
1
1
1
1
1
1
1
1
1
1
1
1
1
1
1
1
1
1
1
1
1
1
1
1
1
1
1
1
1
1
1
1
1
1
1
1
1
1
1
1
1
1
1
1
1
1
1
1
1
1
1
1
1
1
1
1
1
1
1
1
1
1
1
1
1
1
1
1
1
1
1
1
1
1
1
1
1
1
1
1
1
1
1
1
1
1
1
1
1
1
1
1
1
1
1
1
1
1
1
1
1
1
1
12
12
12
12
12
12
12
12
12
12
12
12
12
12
12
12
12
12
12
12
12
12
18
20
20
20
20
20
20
20
20
19
19
18
18
19
19
18
18
20
19
19
19
21
21
21
20
21
21
21
21
21
21
21
21
20
20
20
19
19
19
19
19
20
20
20
20
20
20
20
21
21
21
21
22
22
22
22
22
22
23
23
24
24
24
25
25
25
25
26
26
26
26
26
27
27
27
28
29
29
29
30
30
30
30
31
31
31
31
31
33
33
33
33
33
33
34
34
34
34
34
34
34
35
35
35
35
35
35
35
35
35
35
35
35
35
35
35
35
35
35
34
34
34
34
34
33
33
33
32
32
32
32
32
31
31
31
31
31
32
32
32
32
32
32
32
32
32
33
33
33
33
33
33
33
33
33
33
33
33
33
33
33
33
33
33
33
34
35
35
35
35
35
35
35
34
34
35
35
35
35
36
36
36
37
37
37
37
38
38
39
39
39
39
40
40
41
42
43
43
45
47
49
50
52
54
56
57
58
60
61
63
64
65
62
88
92
94
94
278
282
286
290
293
298
391
396
400
405
409
488
488
489
488
488
490
490
491
490
491
490
490
491
491
493
493
493
494
494
564
564
561
540
498
493
489
484
480
476
470
423
419
416
411
407
392
372
364
360
355
350
343
347
354
358
363
369
376
385
401
409
414
417
420
464
469
473
478
483
488
492
496
499
566
569
569
496
497
496
496
495
493
492
491
490
491
491
491
492
492
490
489
490
490
488
409
404
400
395
391
386
295
292
288
285
282
278
91
88
85
81
77
73
71
67
64
62
59
58
56
55
53
51
49
47
46
45
44
42
42
41
41
40
39
39
38
38
38
37
37
36
36
36
36
36
36
36
36
36
35
35
35
35
35
35
36
36
36
35
35
35
35
35
35
35
35
35
34
34
34
34
34
34
34
33
33
33
33
32
32
33
33
32
32
32
32
33
33
32
32
32
33
33
33
33
33
34
34
34
34
35
35
35
35
35
36
36
36
36
36
35
35
35
35
35
35
34
34
34
34
34
34
34
34
33
33
33
33
33
33
32
32
32
32
32
31
31
31
30
30
30
30
30
30
30
30
30
29
29
29
29
29
29
29
29
29
29
29
28
28
28
28
28
28
28
28
28
28
28
28
28
28
28
28
28
28
28
28
28
28
28
1
1
1
1
1
1
1
27
27
27
27
27
27
27
27
27
27
27
26
26
26
26
26
26
26
26
26
26
26
26
26
26
26
26
26
26
26
26
25
25
26
26
26
26
26
1
1
1
1
1
1
1
1
1
1
1
1
1
1
1
1
1
1
1
1
1
1
1
1
1
1
1
1
1
1
1
1
1
1
1
1
1
1
1
1
1
1
1
1
1
1
1
1
1
1
1
1
1
1
1
1
1
1
1
1
1
1
1
1
1
1
1
1
1
1
1
1
1
1
1
1
1
1
1
1
1
1
1
1
1
1
1
1
1
1
1
1
1
1
1
1
1
1
1
1
1
1
1
1
1
1
1
1
1
1
1
1
1
1
1
1
1
1
1
1
1
1
1
1
1
1
1
1
1
1
1
1
1
1
1
1
1
1
1
1
1
1
1
1
1
1
1
1
1
1
1
1
1
1
1
1
1
1
1
1
1
1
1
1
1
1
1
1
1
1
1
1
1
1
1
1
1
1
1
1
1
1
1
1
1
1
1
1
1
1
1
1
1
1
1
1
1
1
1
1
1
1
1
1
1
1
1
1
1
1
1
1
1
1
1
1
1
1
1
1
1
1
1
1
1
1
1
1
1
1
1
1
1
1
1
1
1
1
1
1
