# Vetor de dados - syn_f002134-3-Pre--front--vetorlinha.txt
# Total de elementos: 768
# Formato: um valor por linha
#==================================================

1
1
1
1
1
1
1
1
1
1
1
1
1
1
1
1
1
1
1
1
1
1
1
1
1
1
1
1
1
1
1
1
1
1
1
1
1
1
1
1
1
1
1
1
1
1
1
1
1
1
1
1
1
1
1
1
1
1
1
1
1
1
1
1
1
1
1
1
1
1
1
1
1
1
1
1
1
1
1
1
1
1
1
1
1
1
1
1
1
1
1
1
1
1
1
1
1
1
1
1
1
1
1
1
1
1
1
1
12
22
26
30
34
37
39
41
43
45
47
48
49
51
52
53
55
55
57
57
58
59
59
61
61
61
61
61
62
62
62
62
62
62
62
61
61
61
61
63
68
70
70
70
70
70
70
69
68
68
68
68
66
66
66
64
62
62
61
57
52
52
51
51
50
49
49
49
49
48
48
47
47
47
47
47
47
47
47
48
48
48
48
49
49
49
50
51
52
54
56
61
64
69
73
241
253
297
316
325
336
354
373
389
489
498
505
510
518
527
538
537
529
525
527
533
538
544
548
558
565
522
519
515
512
508
503
498
490
466
463
459
453
416
410
340
332
318
298
272
262
164
160
157
155
154
154
153
152
152
151
151
151
151
151
151
150
149
149
148
148
147
146
146
146
145
145
145
144
143
143
143
143
141
141
141
139
139
139
137
137
135
135
133
132
131
129
128
126
125
124
122
121
121
119
118
118
118
118
118
118
118
118
118
118
117
117
118
117
117
117
117
117
117
117
117
117
116
116
116
116
116
116
115
114
114
114
114
114
112
112
112
112
111
111
111
112
112
113
113
114
115
115
117
118
119
121
121
123
124
125
127
127
129
129
131
131
132
133
133
134
135
136
136
136
136
138
138
138
138
138
138
138
138
138
137
137
137
137
137
136
136
136
136
136
135
135
135
135
135
135
136
136
136
136
136
136
136
136
136
138
138
138
138
139
139
140
140
140
141
141
141
142
142
142
143
143
143
143
143
143
144
145
145
145
145
145
145
145
145
145
145
146
146
146
146
146
147
147
147
147
147
147
147
147
147
147
147
147
147
147
147
147
147
147
147
147
146
146
146
146
146
146
145
145
144
144
144
144
144
144
143
143
143
142
142
142
142
142
141
141
141
140
139
138
138
138
136
136
136
135
134
132
132
130
129
128
127
126
126
124
124
123
122
122
120
120
119
118
118
117
117
115
115
114
113
113
113
112
111
111
110
110
110
110
110
109
109
109
109
109
109
109
109
109
109
109
109
109
109
109
109
109
110
110
110
111
111
111
111
113
113
113
115
115
115
115
117
117
117
119
119
119
119
120
121
121
121
122
122
123
123
123
123
123
123
123
124
124
124
124
124
123
123
123
123
123
123
123
122
122
122
122
121
120
120
120
120
119
118
118
118
117
117
116
116
115
114
114
113
112
112
111
110
110
109
109
108
108
107
106
106
105
105
104
103
103
102
102
101
101
100
100
99
98
98
97
97
96
96
95
95
95
95
94
94
93
93
93
93
93
93
93
93
94
94
95
95
95
95
95
96
96
96
96
96
96
96
96
96
95
95
96
97
97
97
98
99
99
100
101
102
103
104
105
107
107
109
110
111
112
112
113
114
115
116
116
116
116
115
114
113
112
107
105
102
98
97
90
80
42
36
29
1
1
1
1
1
1
1
1
1
1
1
1
1
1
1
1
1
1
1
1
1
1
1
1
1
1
1
1
1
1
1
1
1
1
1
1
1
1
1
1
1
1
1
1
1
1
1
