# Vetor de dados - syn_f002784-3-Pre--front--vetorcoluna.txt
# Total de elementos: 1024
# Formato: um valor por linha
#==================================================

1
1
1
1
1
1
1
1
1
1
1
1
1
1
1
1
1
1
1
1
1
1
1
1
1
1
1
1
1
1
1
1
1
1
1
1
1
1
1
1
1
1
1
1
1
1
1
1
1
1
1
1
1
1
1
1
1
1
1
1
1
1
1
1
1
1
1
1
1
1
1
1
1
1
1
1
1
1
1
1
1
1
1
1
1
1
1
1
1
1
1
1
1
1
1
1
1
1
1
1
1
1
1
1
1
1
1
1
1
1
1
1
1
1
1
1
1
1
1
1
1
1
1
1
1
1
1
1
1
1
1
1
1
1
1
1
1
1
1
1
1
1
1
1
1
1
1
1
1
1
1
1
1
1
1
1
1
1
1
1
1
1
1
1
1
1
1
1
1
1
1
1
1
1
1
1
1
1
1
1
1
1
1
1
1
1
1
1
1
1
1
1
1
1
1
1
1
1
1
1
1
1
1
1
1
1
1
1
1
1
1
1
1
1
1
1
1
1
1
1
1
1
1
1
1
1
1
1
1
1
1
1
1
1
1
1
1
1
1
1
1
1
1
1
1
1
16
17
17
17
17
17
17
17
17
17
17
17
17
17
17
17
17
20
23
24
25
25
25
25
25
25
24
24
24
24
23
23
23
23
23
23
23
23
23
23
23
22
22
22
22
22
21
21
20
20
20
18
17
17
16
16
16
17
17
17
18
18
19
19
19
19
21
21
21
22
22
22
24
24
24
24
24
26
26
26
26
27
28
28
28
28
29
30
30
30
30
31
31
31
31
32
32
33
33
33
33
33
33
33
35
35
35
35
35
35
35
35
35
35
35
35
36
36
36
36
35
35
35
35
35
35
35
35
35
35
35
35
35
34
34
34
34
34
34
34
34
34
34
34
34
35
35
35
35
35
35
35
35
36
36
36
36
36
36
36
36
36
36
36
36
36
36
36
36
36
36
36
36
36
36
36
36
36
36
37
37
37
37
37
38
38
38
39
40
40
40
41
41
43
43
44
45
47
51
54
57
60
64
68
70
73
76
77
79
80
260
263
266
269
273
277
361
364
368
372
376
380
384
388
451
452
454
454
453
453
455
455
455
456
455
456
457
459
459
460
460
459
459
526
526
475
469
465
462
458
454
450
443
399
395
393
347
338
334
328
322
311
305
301
319
324
327
332
337
342
353
384
389
393
396
445
450
455
459
463
466
468
470
474
493
528
528
458
457
457
456
454
452
450
451
451
452
451
451
451
449
449
449
448
447
383
379
375
371
367
364
361
357
274
271
268
265
263
260
79
77
76
74
71
64
57
55
53
50
48
47
46
45
44
43
43
41
41
41
40
40
39
39
39
39
38
38
38
37
37
37
37
37
37
37
36
36
36
36
36
36
36
36
36
36
36
36
36
36
36
35
35
35
35
35
35
35
35
35
34
34
34
34
34
34
34
34
34
34
35
35
35
35
35
35
35
35
35
35
35
35
35
35
35
35
35
35
35
35
35
35
35
35
34
34
34
34
34
34
34
34
34
34
34
33
33
33
33
33
33
33
32
32
32
32
32
31
31
31
31
31
31
31
31
30
30
30
30
30
30
30
30
29
29
29
29
29
29
29
29
29
28
28
28
28
28
28
28
28
28
29
29
29
29
29
29
30
30
31
31
32
32
33
33
33
34
34
34
34
34
34
35
35
35
35
35
35
35
36
36
36
37
37
37
38
38
38
38
38
38
1
1
1
1
1
1
1
1
1
1
1
1
1
1
1
1
1
1
1
1
1
1
1
1
1
1
1
1
1
1
1
1
1
1
1
1
1
1
1
1
1
1
1
1
1
1
1
1
1
1
1
1
1
1
1
1
1
1
1
1
1
1
1
1
1
1
1
1
1
1
1
1
1
1
1
1
1
1
1
1
1
1
1
1
1
1
1
1
1
1
1
1
1
1
1
1
1
1
1
1
1
1
1
1
1
1
1
1
1
1
1
1
1
1
1
1
1
1
1
1
1
1
1
1
1
1
1
1
1
1
1
1
1
1
1
1
1
1
1
1
1
1
1
1
1
1
1
1
1
1
1
1
1
1
1
1
1
1
1
1
1
1
1
1
1
1
1
1
1
1
1
1
1
1
1
1
1
1
1
1
1
1
1
1
1
1
1
1
1
1
1
1
1
1
1
1
1
1
1
1
1
1
1
1
1
1
1
1
1
1
1
1
1
1
1
1
1
1
1
1
1
1
1
1
1
1
1
1
1
1
1
1
1
1
1
1
1
1
1
1
1
1
1
1
1
1
1
1
1
1
1
1
1
1
1
1
1
1
1
1
1
1
1
1
1
1
1
1
