# Vetor de dados - syn_f003087-1-Pre--left--vetorlinha.txt
# Total de elementos: 768
# Formato: um valor por linha
#==================================================

1
1
1
1
1
1
1
1
1
1
1
1
1
1
1
1
1
1
1
1
1
1
1
1
1
1
1
1
1
1
1
1
1
1
1
1
1
1
1
1
1
1
1
1
1
1
1
1
1
1
1
1
1
1
1
1
1
1
1
1
1
1
1
1
1
1
1
1
1
1
1
1
1
1
1
1
1
1
1
1
1
1
1
1
1
1
1
1
1
1
1
1
1
1
1
1
1
1
1
1
1
1
1
20
25
32
38
42
46
49
52
55
57
59
61
63
65
67
69
70
72
73
74
76
76
77
78
79
79
80
81
81
81
81
81
81
81
82
82
82
82
82
82
83
84
84
84
85
85
85
86
87
88
88
88
88
88
87
86
84
82
81
80
79
78
79
78
77
75
75
74
73
73
71
71
70
70
69
70
70
70
70
70
69
68
67
66
65
64
62
61
61
60
59
59
59
58
58
58
60
60
60
61
63
84
91
97
102
110
198
206
214
241
250
256
263
271
280
286
303
322
324
324
323
323
321
320
318
315
307
307
306
288
284
275
240
237
235
232
229
226
222
219
216
212
207
201
194
188
184
177
165
151
145
139
133
129
126
122
122
123
124
125
126
126
128
129
129
130
130
130
131
131
132
132
132
132
133
133
133
133
133
133
133
133
133
133
133
133
132
131
131
131
130
130
128
127
126
125
124
125
125
126
125
126
126
126
126
126
127
127
127
127
127
128
127
127
128
127
127
128
127
126
126
126
126
125
125
126
125
125
125
124
123
123
123
123
121
121
120
120
119
119
118
118
117
117
116
117
118
120
120
121
121
122
123
125
125
127
127
129
130
131
132
132
133
134
135
135
136
136
137
138
137
138
139
139
140
140
141
141
141
142
141
142
142
142
141
142
142
142
142
141
141
141
141
140
140
140
139
139
138
138
137
137
136
135
135
133
133
132
131
131
130
128
127
127
126
125
123
122
120
119
119
119
119
119
119
118
119
118
118
117
117
116
117
116
115
114
113
112
112
111
109
108
107
106
105
105
105
103
103
103
102
102
102
102
100
100
100
100
100
100
99
99
99
99
98
97
97
97
96
96
96
95
95
95
94
94
94
93
93
93
92
92
92
91
90
90
89
89
89
88
88
88
87
87
86
86
85
84
84
83
83
82
82
82
81
80
79
79
78
78
78
77
76
75
75
74
73
72
72
71
71
69
69
68
68
67
66
66
65
65
64
63
63
62
62
62
62
61
61
61
61
61
62
61
61
62
61
61
62
61
61
61
61
60
61
60
60
60
60
60
59
60
59
59
59
58
57
58
57
57
56
56
55
55
54
54
53
53
53
53
52
53
53
53
53
54
54
54
53
54
54
54
54
54
54
54
53
53
53
53
53
53
52
52
52
52
52
52
51
51
51
51
51
50
50
50
50
49
49
48
48
48
47
47
46
46
46
46
45
45
45
45
45
44
44
44
44
44
43
43
43
43
43
42
42
42
42
42
42
42
42
41
41
41
41
41
41
41
41
41
41
41
41
43
44
46
48
50
52
56
59
69
73
75
76
78
79
81
82
83
82
84
84
84
85
85
85
86
86
86
42
42
45
46
47
49
51
53
57
60
62
66
70
73
74
76
79
79
81
83
85
85
84
83
82
80
77
71
65
60
57
52
45
39
30
1
1
1
1
1
1
1
1
1
1
1
1
1
1
1
1
1
1
1
1
1
1
1
1
1
1
1
1
1
1
1
1
1
1
1
1
1
1
1
1
