# Vetor de dados - syn_f003819-1-Pre--front--vetorlinha.txt
# Total de elementos: 768
# Formato: um valor por linha
#==================================================

1
1
1
1
1
1
1
1
1
1
1
1
1
1
1
1
1
1
1
1
1
1
1
1
1
1
1
1
1
1
1
1
1
1
1
1
1
1
1
1
1
1
1
1
1
1
1
1
1
1
1
1
1
1
1
1
1
1
1
1
1
1
1
1
1
1
1
1
1
1
1
1
1
1
1
1
1
1
1
1
1
1
1
1
1
1
1
1
1
1
1
1
1
1
1
1
1
1
1
1
1
1
1
1
1
1
1
1
1
1
1
1
1
1
1
1
1
1
1
1
1
1
1
1
1
1
1
1
1
1
1
6
20
25
29
33
36
39
41
43
45
47
48
49
51
51
53
54
55
56
57
57
58
59
60
60
60
61
61
61
61
61
61
61
61
61
60
60
60
60
66
67
68
69
69
67
67
67
67
66
65
65
65
63
63
61
60
59
59
52
51
51
51
49
49
48
47
46
46
45
44
44
44
44
44
45
45
44
44
44
44
44
44
44
45
46
47
50
52
56
58
61
65
71
75
80
238
271
382
413
424
437
469
482
497
526
530
537
544
574
575
574
569
554
549
550
548
533
527
530
463
458
451
443
361
350
338
328
320
276
257
234
168
159
155
151
149
146
144
142
142
140
138
138
136
134
134
132
130
128
126
124
123
121
121
119
119
118
118
117
117
115
115
115
114
114
114
112
112
112
110
110
109
108
107
106
105
104
102
103
103
103
103
103
103
103
103
103
103
103
104
103
103
103
102
102
101
101
101
100
100
99
99
99
99
99
99
99
99
99
99
99
99
99
99
99
98
98
97
97
97
97
97
97
97
98
99
99
100
100
102
102
104
104
105
107
107
109
109
110
111
111
113
113
115
115
115
117
117
117
119
119
119
119
120
121
121
121
121
121
121
121
122
122
123
123
123
123
123
123
123
123
124
123
124
124
124
124
124
124
125
126
126
126
127
128
128
129
129
130
130
130
131
131
131
131
131
132
133
133
133
133
133
133
133
133
133
133
132
131
131
131
131
131
131
131
131
131
131
131
131
131
130
130
130
130
130
130
130
130
130
130
128
128
128
128
128
128
128
127
126
126
126
126
126
124
124
124
124
124
124
123
122
122
121
120
120
118
118
118
117
116
116
114
114
114
114
112
112
112
110
110
110
110
108
108
108
107
106
106
106
105
105
105
104
103
103
103
103
102
102
103
103
103
103
103
103
103
103
103
103
102
102
102
102
102
102
102
103
103
103
103
104
104
104
105
105
105
106
106
107
107
107
107
107
108
108
108
108
108
108
108
109
110
110
110
110
110
110
110
110
110
110
110
110
110
109
109
108
108
108
108
108
108
108
108
107
106
106
106
106
106
104
104
104
104
104
102
102
102
102
101
100
100
100
100
98
98
98
98
97
96
96
96
95
94
94
94
94
92
92
92
92
91
91
90
90
90
89
88
88
88
88
88
86
86
86
86
86
86
86
86
86
86
86
86
86
86
86
86
88
88
88
88
88
88
88
88
88
88
89
89
89
91
91
92
93
93
94
95
96
97
98
99
100
101
102
102
104
104
104
105
105
105
105
105
105
105
104
104
103
103
102
100
98
97
94
42
41
1
1
1
1
1
1
1
1
1
1
1
1
1
1
1
1
1
1
1
1
1
1
1
1
1
1
1
1
1
1
1
1
1
1
1
1
1
1
1
1
1
1
1
1
1
1
1
1
1
1
1
1
1
1
1
1
1
1
1
1
1
1
1
1
1
1
1
1
1
