# Vetor de dados - syn_f002143-1-Pre--front--vetorlinha.txt
# Total de elementos: 768
# Formato: um valor por linha
#==================================================

1
1
1
1
1
1
1
1
1
1
1
1
1
1
1
1
1
1
1
1
1
1
1
1
1
1
1
1
1
1
1
1
1
1
1
1
1
1
1
1
1
1
1
1
1
1
1
1
1
1
1
1
1
1
1
1
1
1
1
1
1
1
1
1
1
1
1
1
1
1
1
1
1
1
1
1
1
1
1
1
1
1
1
1
1
1
1
1
1
1
1
1
1
1
1
1
1
1
1
1
1
1
1
1
1
1
1
1
1
1
1
1
1
1
1
1
1
1
1
1
1
1
1
1
1
17
24
28
31
35
38
40
42
44
46
47
48
50
51
52
53
55
55
57
57
57
59
59
59
61
61
61
61
61
61
61
61
61
61
61
61
61
61
60
62
66
68
69
69
69
69
68
67
67
67
66
65
65
64
63
61
60
59
58
55
49
48
48
48
46
46
46
45
45
45
45
44
44
43
43
43
43
43
43
43
42
42
42
42
42
41
41
42
42
43
44
46
50
52
56
61
68
77
95
101
126
134
141
149
157
165
250
261
269
276
284
295
310
338
358
390
403
413
424
433
453
474
480
484
489
494
504
505
492
490
495
500
504
507
348
345
346
346
348
353
352
350
347
346
344
132
130
128
127
125
125
123
120
118
116
114
113
111
110
109
108
107
106
105
103
103
101
101
100
99
98
97
96
94
94
92
92
92
90
90
89
88
88
88
88
88
88
88
88
88
88
88
87
87
86
86
86
86
86
86
85
85
85
84
84
84
84
84
84
82
82
82
81
81
81
81
80
80
80
80
81
82
82
84
85
87
87
89
89
91
92
93
94
95
96
97
99
100
101
103
104
105
107
107
108
109
109
110
111
111
112
112
113
114
114
115
116
116
116
116
116
118
118
118
118
118
118
118
118
118
118
119
119
119
119
119
119
119
119
119
119
120
120
120
120
120
121
121
121
121
121
123
123
123
123
124
125
125
125
125
126
126
126
126
126
127
128
128
128
128
129
129
129
128
128
128
128
128
128
128
128
128
128
127
127
126
126
126
126
126
125
125
124
124
124
124
123
123
123
122
122
121
121
120
120
120
119
118
118
117
116
116
115
114
113
113
112
111
111
110
110
109
108
108
108
107
106
106
106
106
106
105
104
104
104
104
104
104
103
102
102
102
102
101
101
100
100
100
100
100
99
99
99
98
98
98
98
98
98
98
98
98
98
98
98
98
98
98
98
97
97
97
97
97
96
96
96
96
96
96
96
96
96
96
96
96
96
96
96
96
96
98
98
98
98
98
98
98
99
100
100
100
100
100
100
101
101
101
102
102
102
102
102
102
102
102
102
102
102
102
101
102
101
101
100
100
100
100
100
100
100
99
98
98
98
98
98
98
96
96
96
96
96
95
94
94
94
94
93
93
92
92
92
91
91
90
90
90
89
89
88
88
87
87
86
86
86
86
85
84
84
84
84
82
82
82
82
82
80
80
80
80
80
80
80
80
80
81
81
82
82
82
83
83
83
83
83
83
83
84
84
85
85
87
87
88
88
89
89
89
90
90
92
92
94
96
96
96
97
97
97
99
99
99
100
99
99
100
101
101
101
101
100
95
91
87
85
36
35
1
1
1
1
1
1
1
1
1
1
1
1
1
1
1
1
1
1
1
1
1
1
1
1
1
1
1
1
1
1
1
1
1
1
1
1
1
1
1
1
1
1
1
1
1
1
1
1
1
1
1
1
1
1
1
1
1
1
1
1
1
1
1
1
