# Vetor de dados - syn_f001236-0-Pre--left--vetorlinha.txt
# Total de elementos: 768
# Formato: um valor por linha
#==================================================

1
1
1
1
1
1
1
1
1
1
1
1
1
1
1
1
1
1
1
1
1
1
1
1
1
1
1
1
1
1
1
1
1
1
1
1
1
1
1
1
1
1
1
1
1
1
1
1
1
1
1
1
1
1
1
1
1
1
1
1
1
1
1
1
1
1
1
1
1
1
1
1
1
1
1
1
1
1
1
1
1
1
1
1
1
1
1
1
1
1
1
1
1
1
1
1
1
1
1
1
1
1
1
1
1
1
1
1
1
1
1
1
1
1
1
1
1
17
26
32
37
41
46
49
52
54
56
58
60
62
64
66
68
69
71
71
72
73
74
75
76
77
77
78
79
79
79
79
79
79
79
80
80
80
80
80
80
80
79
79
80
80
80
80
81
82
81
82
83
83
83
83
83
82
81
80
78
76
75
74
74
73
73
72
71
70
70
70
69
69
68
68
67
67
67
67
66
66
65
64
63
62
58
50
46
45
44
45
44
43
44
43
44
44
44
44
44
45
45
46
45
46
46
47
48
48
49
51
53
56
60
63
68
73
79
143
150
155
161
166
172
178
185
192
200
221
226
231
236
241
248
254
258
264
273
278
284
295
298
298
299
298
297
295
292
288
281
89
89
90
90
89
89
90
90
90
90
90
90
91
91
91
90
90
90
90
90
90
89
89
89
88
87
87
87
86
86
85
85
83
84
84
85
85
86
86
86
87
87
88
88
88
89
89
89
90
90
90
91
90
90
91
91
91
90
90
91
91
90
90
90
90
89
89
89
88
88
87
87
86
86
86
85
85
85
85
85
85
83
83
84
84
84
85
85
86
86
86
86
86
87
87
88
88
88
88
89
90
91
90
91
91
91
92
92
93
92
93
93
93
94
94
93
94
94
94
95
95
94
95
95
95
96
96
96
97
97
97
98
98
97
98
98
98
98
99
99
99
99
99
98
98
98
98
98
97
97
97
95
95
94
94
93
92
91
90
89
89
90
90
89
89
89
89
89
88
88
88
88
88
87
87
86
86
85
84
83
82
81
81
80
80
79
79
78
78
78
77
77
76
76
75
75
75
74
73
72
72
72
71
71
71
71
70
70
69
69
69
68
68
68
68
68
67
67
67
66
66
66
65
65
65
65
64
64
64
64
63
63
63
63
62
62
62
62
61
61
60
59
59
59
59
58
58
58
58
57
57
57
56
56
56
56
55
55
55
55
54
54
54
54
53
53
53
54
54
54
54
53
54
54
54
55
55
55
56
56
56
56
56
56
55
55
55
54
54
54
53
52
51
50
50
50
49
48
48
47
46
46
45
44
44
43
43
42
42
42
42
42
42
42
42
42
41
41
42
42
42
42
42
41
41
41
41
41
41
41
41
40
40
39
39
39
39
39
38
38
38
38
37
37
37
37
37
36
35
35
35
35
35
35
34
34
33
33
33
33
33
32
32
32
32
32
32
32
32
32
31
31
31
31
31
31
31
31
31
32
31
31
32
32
32
33
33
34
36
36
37
39
40
42
44
46
49
52
56
58
60
63
65
68
72
75
78
80
81
82
83
84
84
84
84
84
83
54
57
62
65
72
74
76
79
82
84
86
88
88
88
87
86
85
85
81
70
61
54
50
47
44
40
1
1
1
1
1
1
1
1
1
1
1
1
1
1
1
1
1
1
1
1
1
1
1
1
1
1
1
1
1
1
1
1
1
1
1
1
1
1
1
1
1
1
1
1
1
1
1
1
1
1
1
1
1
1
1
1
1
1
