# Vetor de dados - syn_f000504-2-Pre--front--vetorcoluna.txt
# Total de elementos: 1024
# Formato: um valor por linha
#==================================================

1
1
1
1
1
1
1
1
1
1
1
1
1
1
1
1
1
1
1
1
1
1
1
1
1
1
1
1
1
1
1
1
1
1
1
1
1
1
1
1
1
1
1
1
1
1
1
1
1
1
1
1
1
1
1
1
1
1
1
1
1
1
1
1
1
1
1
1
1
1
1
1
1
1
1
1
1
1
1
1
1
1
1
1
1
1
1
1
1
1
1
1
1
1
1
1
1
1
1
1
1
1
1
1
1
1
1
1
1
1
1
1
1
1
1
1
1
1
1
1
1
1
1
1
1
1
1
1
1
1
1
1
1
1
1
1
1
1
1
1
1
1
1
1
1
1
1
1
1
1
1
1
1
1
1
1
1
1
1
1
1
1
1
1
1
1
1
1
1
1
1
1
1
1
1
1
1
1
1
1
1
1
1
1
1
1
1
1
1
1
1
1
1
1
1
1
1
1
1
1
1
1
1
1
1
1
1
1
1
1
1
1
1
1
1
1
1
1
1
1
1
1
1
1
1
1
1
1
1
1
1
1
1
1
1
1
1
1
1
1
1
1
1
1
1
1
1
1
1
1
1
1
1
1
1
1
1
1
1
1
1
1
1
1
1
1
1
1
1
1
1
1
1
1
1
1
1
1
1
1
1
1
1
1
1
1
1
1
1
1
1
1
1
41
41
41
41
41
41
41
41
41
41
41
41
42
42
42
42
42
42
42
42
42
42
42
42
42
42
42
42
42
42
42
42
42
42
42
42
42
42
42
42
42
42
42
42
42
42
42
42
42
42
42
42
42
42
42
42
42
42
42
41
41
41
41
41
40
40
40
40
39
39
39
39
38
38
38
38
37
37
37
37
36
36
36
36
36
36
35
35
35
35
35
35
35
35
35
35
35
35
35
35
35
34
34
34
34
34
34
34
34
34
34
34
34
35
35
35
34
34
34
35
35
35
35
35
35
36
36
36
36
36
37
37
37
39
39
40
40
40
41
41
42
43
44
44
46
49
53
56
58
60
62
63
65
67
68
70
72
73
76
290
293
297
300
304
309
408
412
416
419
424
428
431
435
507
507
506
506
505
508
508
508
508
507
507
509
509
509
510
510
511
511
510
510
507
556
548
522
518
514
511
507
502
441
438
435
432
429
426
418
368
361
355
349
342
337
327
323
333
340
345
351
357
363
368
382
419
425
428
430
432
435
438
499
504
508
512
515
518
520
546
512
513
513
513
512
511
509
509
507
508
509
509
509
509
508
507
506
506
506
505
504
504
431
428
423
419
415
412
408
405
304
300
295
291
288
72
70
67
64
62
60
59
58
57
55
53
51
49
47
45
44
43
43
42
42
40
40
39
39
38
37
37
37
37
36
35
35
35
35
35
35
34
34
34
34
34
34
34
34
34
34
34
34
34
33
33
33
33
32
32
32
32
32
32
32
32
32
32
32
32
31
31
31
31
31
31
31
31
31
31
31
31
31
31
31
31
32
33
33
33
33
33
34
34
34
34
34
35
35
35
35
36
36
36
35
35
35
35
35
35
35
35
35
34
34
34
34
34
34
34
34
34
34
33
33
33
33
33
33
33
33
33
33
32
32
32
31
31
31
31
30
30
30
30
30
29
29
29
29
28
28
28
28
28
26
26
26
26
25
25
25
25
25
24
24
24
23
23
22
22
22
22
22
22
21
21
21
21
21
21
21
19
19
19
20
20
20
20
19
19
20
21
20
21
22
21
21
21
22
21
21
21
21
20
20
20
20
19
19
19
19
20
20
19
19
20
20
21
19
19
20
20
20
20
20
20
19
17
10
10
10
9
9
9
9
9
9
9
9
9
9
9
9
9
9
8
8
8
8
8
1
1
1
1
1
1
1
1
1
1
1
1
1
1
1
1
1
1
1
1
1
1
1
1
1
1
1
1
1
1
1
1
1
1
1
1
1
1
1
1
1
1
1
1
1
1
1
1
1
1
1
1
1
1
1
1
1
1
1
1
1
1
1
1
1
1
1
1
1
1
1
1
1
1
1
1
1
1
1
1
1
1
1
1
1
1
1
1
1
1
1
1
1
1
1
1
1
1
1
1
1
1
1
1
1
1
1
1
1
1
1
1
1
1
1
1
1
1
1
1
1
1
1
1
1
1
1
1
1
1
1
1
1
1
1
1
1
1
1
1
1
1
1
1
1
1
1
1
1
1
1
1
1
1
1
1
1
1
1
1
1
1
1
1
1
1
1
1
1
1
1
1
1
1
1
1
1
1
1
1
1
1
1
1
1
1
1
1
1
1
1
1
1
1
1
1
1
1
1
1
1
1
1
1
1
1
1
1
1
1
1
