# Vetor de dados - syn_f003629-2-Pre--front--vetorlinha.txt
# Total de elementos: 768
# Formato: um valor por linha
#==================================================

1
1
1
1
1
1
1
1
1
1
1
1
1
1
1
1
1
1
1
1
1
1
1
1
1
1
1
1
1
1
1
1
1
1
1
1
1
1
1
1
1
1
1
1
1
1
1
1
1
1
1
1
1
1
1
1
1
1
1
1
1
1
1
1
1
1
1
1
1
1
1
1
1
1
1
1
1
1
1
1
1
1
1
1
1
1
1
1
1
1
1
1
1
1
1
1
1
1
1
1
1
13
23
27
31
35
38
40
42
44
46
47
49
51
51
53
53
55
56
57
58
59
59
59
61
61
61
61
61
62
63
63
63
62
62
62
62
61
61
61
61
64
68
69
70
70
70
69
68
68
68
67
66
66
65
64
63
62
60
60
58
53
50
49
49
48
47
47
46
45
45
44
44
43
43
43
43
43
44
44
44
44
44
44
44
44
44
44
44
44
46
46
47
50
54
58
62
67
83
106
123
134
143
152
161
169
176
183
189
196
213
235
256
275
317
334
382
400
413
423
432
441
452
463
476
490
509
517
522
528
534
542
549
557
565
573
584
596
612
629
642
643
643
643
642
640
614
592
376
155
153
151
149
149
147
145
145
144
143
142
140
140
138
136
135
133
131
130
129
127
126
125
124
122
122
121
120
119
119
117
117
116
115
115
113
113
111
111
110
109
109
107
107
106
106
105
104
103
103
103
103
103
103
103
103
103
104
104
104
104
104
104
102
102
102
102
102
101
101
100
100
98
98
98
98
98
96
97
98
98
98
100
100
102
102
103
104
104
104
104
104
106
106
106
107
108
108
109
111
111
113
113
114
115
115
117
117
119
119
120
120
121
121
121
121
121
121
122
122
122
122
122
122
122
123
123
123
123
123
125
125
125
125
127
127
128
128
129
130
130
131
132
132
132
133
133
134
134
135
135
135
136
137
137
137
138
138
137
138
138
138
138
138
139
139
139
139
140
139
139
138
138
138
138
138
138
137
137
137
136
136
136
136
136
135
135
135
135
134
134
133
133
133
133
132
132
132
131
131
131
130
129
129
129
128
128
127
127
126
126
125
124
124
123
123
123
122
122
121
121
121
120
120
119
119
119
119
118
118
118
117
117
117
117
116
115
115
115
115
115
113
113
113
113
113
113
112
111
111
111
111
110
110
110
110
109
109
109
109
108
108
108
108
108
108
108
108
108
108
108
108
108
108
108
108
108
109
109
109
110
110
109
109
109
109
108
108
108
108
108
108
108
108
108
108
108
108
108
108
108
108
109
109
109
109
110
110
110
110
110
111
111
111
112
113
113
113
114
114
114
115
115
115
116
116
116
116
116
116
116
116
117
116
117
117
116
116
116
116
116
116
116
116
116
116
116
115
115
114
114
114
114
114
113
113
112
112
112
112
112
111
111
110
110
109
109
109
108
108
107
107
107
106
105
105
105
105
104
103
103
103
102
102
101
101
101
100
100
99
99
98
98
97
97
97
96
96
95
95
95
94
94
93
93
92
92
91
91
91
91
91
91
91
91
90
90
90
90
91
92
92
92
92
94
94
94
94
94
94
94
94
95
95
95
95
97
97
98
99
100
100
101
101
102
103
103
104
106
107
108
109
110
111
112
112
112
113
114
114
116
116
115
114
113
113
111
111
110
109
108
104
104
102
99
97
94
44
1
1
1
1
1
1
1
1
1
1
1
1
1
1
1
1
1
1
1
1
1
1
1
1
1
1
1
1
1
1
1
1
1
1
1
1
1
1
1
1
1
