# Vetor de dados - syn_f001506-0-Pre--front--vetorcoluna.txt
# Total de elementos: 1024
# Formato: um valor por linha
#==================================================

1
1
1
1
1
1
1
1
1
1
1
1
1
1
1
1
1
1
1
1
1
1
1
1
1
1
1
1
1
1
1
1
1
1
1
1
1
1
1
1
1
1
1
1
1
1
1
1
1
1
1
1
1
1
1
1
1
1
1
1
1
1
1
1
1
1
1
1
1
1
1
1
1
1
1
1
1
1
1
1
1
1
1
1
1
1
1
1
1
1
1
1
1
1
1
1
1
1
1
1
1
1
1
1
1
1
1
1
1
1
1
1
1
1
1
1
1
1
1
1
1
1
1
1
1
1
1
1
1
1
1
1
1
1
1
1
1
1
1
1
1
1
1
1
1
1
1
1
1
1
1
1
1
1
1
1
1
1
1
1
1
1
1
1
1
1
1
1
1
1
1
1
1
1
1
1
1
1
1
1
1
1
1
1
1
1
1
1
1
1
1
1
1
1
1
1
1
1
1
1
1
1
1
1
1
1
1
1
1
1
1
1
1
1
1
1
1
1
1
1
1
1
1
1
1
1
1
1
1
1
1
1
1
1
1
1
1
1
1
1
1
1
1
24
24
24
24
24
23
23
23
23
24
24
24
24
24
24
24
24
24
24
24
24
25
25
25
25
25
25
25
26
26
26
26
26
26
27
27
27
27
28
28
28
28
29
29
29
29
29
28
28
28
28
28
28
28
28
28
28
28
28
28
28
28
28
28
28
28
28
28
28
28
28
28
28
28
28
28
28
29
29
29
30
30
30
30
31
31
31
31
31
32
32
32
32
32
33
33
34
34
35
35
35
35
36
36
36
36
36
37
37
37
38
38
38
39
39
38
38
38
38
39
39
39
39
38
38
39
39
39
38
38
38
38
38
37
37
37
37
36
37
37
37
37
37
36
36
36
37
37
37
37
37
37
38
38
38
37
37
38
38
38
38
39
40
40
40
40
40
41
41
41
41
42
42
42
42
42
42
42
42
42
43
43
43
43
43
43
44
44
44
45
45
46
46
47
48
49
50
51
52
51
50
52
56
61
90
251
257
261
265
268
270
273
275
278
282
286
290
295
376
382
388
393
397
401
406
478
479
481
482
482
483
483
485
485
485
485
485
484
486
486
486
487
487
487
486
484
484
558
501
495
491
488
485
483
480
478
473
469
435
429
424
421
419
417
414
410
399
382
375
369
359
322
352
356
360
366
372
383
409
413
416
417
419
421
426
460
467
471
475
477
480
483
487
491
495
497
487
488
489
489
489
487
487
487
485
484
484
484
483
484
484
482
481
481
481
482
481
480
408
403
398
394
389
383
377
299
292
289
285
282
280
277
274
272
269
266
262
59
57
55
53
52
50
49
48
47
46
45
45
44
44
43
43
43
43
43
41
41
41
41
41
41
41
41
40
40
40
40
40
39
39
39
39
39
39
38
38
38
38
38
38
37
37
37
37
37
35
35
35
35
35
35
35
35
35
35
35
35
35
35
35
35
35
35
35
36
36
36
37
37
37
37
38
38
38
38
38
39
39
38
38
38
38
38
38
38
38
38
38
37
37
37
37
37
36
36
36
36
36
35
35
35
35
34
33
33
33
33
33
33
33
32
32
32
32
32
32
30
30
30
30
30
29
29
29
29
29
29
27
27
27
27
27
27
26
26
26
26
26
25
25
25
24
24
23
23
23
23
23
23
23
23
23
23
23
23
22
22
22
23
22
22
22
22
22
22
23
22
22
22
23
22
22
22
22
22
21
21
20
20
21
21
21
19
19
20
21
21
21
20
21
21
21
21
21
20
19
19
17
14
14
14
14
14
14
1
1
1
1
1
1
1
1
1
1
1
1
1
1
1
1
1
1
1
1
1
1
1
1
1
1
1
1
1
1
1
1
1
1
1
1
1
1
1
1
1
1
1
1
1
1
1
1
1
1
1
1
1
1
1
1
1
1
1
1
1
1
1
1
1
1
1
1
1
1
1
1
1
1
1
1
1
1
1
1
1
1
1
1
1
1
1
1
1
1
1
1
1
1
1
1
1
1
1
1
1
1
1
1
1
1
1
1
1
1
1
1
1
1
1
1
1
1
1
1
1
1
1
1
1
1
1
1
1
1
1
1
1
1
1
1
1
1
1
1
1
1
1
1
1
1
1
1
1
1
1
1
1
1
1
1
1
1
1
1
1
1
1
1
1
1
1
1
1
1
1
1
1
1
1
1
1
1
1
1
1
1
1
1
1
1
1
1
1
1
1
1
1
1
1
1
1
1
1
1
1
1
1
1
1
1
1
1
1
1
1
1
1
1
1
1
1
1
1
1
1
1
1
1
1
1
1
1
1
1
1
1
1
1
1
1
