# Vetor de dados - syn_f003476-2-Pre--front--vetorlinha.txt
# Total de elementos: 768
# Formato: um valor por linha
#==================================================

1
1
1
1
1
1
1
1
1
1
1
1
1
1
1
1
1
1
1
1
1
1
1
1
1
1
1
1
1
1
1
1
1
1
1
1
1
1
1
1
1
1
1
1
1
1
1
1
1
1
1
1
1
1
1
1
1
1
1
1
1
1
1
1
1
1
1
1
1
1
1
1
1
1
1
1
1
1
1
1
1
1
1
1
1
1
1
1
1
1
1
1
1
1
1
1
1
1
1
1
1
1
1
1
1
1
1
1
1
1
1
1
1
1
1
1
1
1
1
1
1
1
1
1
1
1
1
1
1
1
1
1
1
1
1
1
1
1
1
1
1
1
1
1
1
1
1
16
24
27
31
35
38
40
42
44
46
48
49
50
51
53
54
55
56
57
57
58
59
59
60
61
61
61
61
61
61
61
61
61
61
61
61
60
60
62
66
68
69
69
69
69
68
67
67
67
65
65
65
64
63
62
60
60
58
56
54
51
51
51
51
50
50
49
49
48
46
45
44
43
43
44
44
44
44
43
43
43
43
43
44
45
47
51
55
201
209
216
279
294
308
323
336
407
448
454
459
463
470
474
476
474
465
465
471
475
480
485
489
446
449
455
451
446
441
435
428
419
391
386
381
377
371
287
274
261
216
208
196
185
142
141
141
141
141
141
141
141
140
140
139
139
139
139
138
137
137
137
136
136
136
136
135
135
135
135
134
133
133
133
132
132
132
130
130
130
129
128
127
125
124
123
120
118
118
118
117
117
117
117
116
115
114
114
113
112
112
112
111
110
110
110
110
110
109
109
109
109
109
109
109
109
109
109
109
109
108
108
107
106
106
105
105
105
105
106
108
110
111
114
115
117
119
121
121
122
123
125
125
125
127
127
127
128
129
129
129
129
129
129
130
131
131
131
131
131
131
131
131
131
131
131
131
131
131
131
132
132
133
133
133
133
134
134
135
135
136
136
137
137
138
138
139
139
140
140
141
142
142
142
142
143
143
143
144
144
144
145
145
145
146
146
146
146
146
146
146
146
146
146
146
146
146
145
145
145
145
145
145
143
143
143
143
143
141
141
141
141
140
139
138
138
138
136
136
136
134
134
133
132
132
132
131
130
130
130
129
128
128
127
126
126
124
124
122
122
121
120
119
118
117
117
115
115
113
113
112
111
111
110
109
108
108
108
106
106
106
106
104
104
104
104
104
104
103
102
102
102
102
101
101
101
100
100
100
100
100
100
101
102
103
103
103
105
105
106
107
107
107
108
108
109
109
110
110
111
111
112
112
112
112
113
113
113
113
114
114
114
114
114
114
114
113
113
113
112
112
112
112
112
112
111
110
110
110
110
108
108
108
107
107
106
105
105
104
103
103
102
101
101
101
99
99
99
98
97
97
96
95
95
94
93
93
92
91
91
91
89
89
89
88
87
87
87
86
85
85
85
85
85
85
85
84
85
85
86
87
87
87
87
87
87
86
86
86
86
86
86
87
87
87
88
89
90
90
91
93
93
95
96
97
99
101
101
103
103
103
104
103
104
103
102
100
99
99
96
92
91
85
42
40
35
1
1
1
1
1
1
1
1
1
1
1
1
1
1
1
1
1
1
1
1
1
1
1
1
1
1
1
1
1
1
1
1
1
1
1
1
1
1
1
1
1
1
1
1
1
1
1
1
1
1
1
1
1
1
1
1
1
1
1
1
1
1
1
1
1
1
1
1
1
1
1
1
1
1
1
1
1
1
1
1
1
1
1
1
1
1
