# Vetor de dados - syn_f000343-2-Pre--front--vetorcoluna.txt
# Total de elementos: 1024
# Formato: um valor por linha
#==================================================

1
1
1
1
1
1
1
1
1
1
1
1
1
1
1
1
1
1
1
1
1
1
1
1
1
1
1
1
1
1
1
1
1
1
1
1
1
1
1
1
1
1
1
1
1
1
1
1
1
1
1
1
1
1
1
1
1
1
1
1
1
1
1
1
1
1
1
1
1
1
1
1
1
1
1
1
1
1
1
1
1
1
1
1
1
1
1
1
1
1
1
1
1
1
1
1
1
1
1
1
1
1
1
1
1
1
1
1
1
1
1
1
1
1
1
1
1
1
1
1
1
1
1
1
1
1
1
1
1
1
1
1
1
1
1
1
1
1
1
1
1
1
1
1
1
1
1
1
1
1
1
1
1
1
1
1
1
1
1
1
1
1
1
1
1
1
1
1
1
1
1
1
1
1
1
1
1
1
1
1
1
1
1
1
1
1
1
1
1
1
1
1
1
1
1
1
1
1
1
1
1
1
1
1
1
1
1
1
1
1
1
1
1
1
1
1
1
1
1
1
1
1
1
1
1
1
1
1
1
1
1
1
1
1
1
1
1
1
1
1
1
1
1
1
1
1
1
1
1
1
1
16
16
17
18
18
18
17
17
18
18
18
18
18
17
17
17
17
17
17
18
18
20
19
19
19
19
18
20
20
19
18
18
17
18
18
18
18
18
19
19
19
19
19
19
20
20
20
20
20
19
19
20
20
21
21
21
22
22
22
23
23
24
24
24
25
25
25
26
26
26
26
26
27
27
27
28
29
29
29
29
30
30
30
30
31
32
32
32
32
32
32
32
32
32
33
33
33
33
32
32
32
32
32
32
32
32
32
32
32
31
31
31
31
31
30
30
30
30
29
29
28
28
28
28
28
27
28
28
28
28
28
28
28
28
28
29
29
29
30
30
30
29
29
29
30
30
30
30
30
30
31
31
31
31
31
31
32
32
32
32
32
32
33
33
33
33
33
33
33
34
34
34
34
35
35
36
36
36
36
38
38
39
39
39
40
40
41
42
44
47
51
53
55
55
57
58
60
61
63
63
65
67
68
71
73
75
77
79
80
82
85
276
279
374
378
381
384
389
392
396
459
461
462
463
462
461
462
464
465
466
467
467
466
536
538
541
542
543
544
544
544
542
479
475
472
468
464
460
456
405
400
395
388
370
360
354
349
345
339
333
334
338
341
344
349
355
364
391
394
398
449
454
458
464
470
474
477
542
542
541
541
466
466
465
464
463
463
464
464
464
463
462
462
463
463
461
460
403
399
394
391
387
383
379
375
277
274
84
81
79
77
75
73
71
68
66
64
61
58
57
55
54
53
51
50
48
47
45
43
42
41
40
38
38
38
37
37
37
36
36
35
35
35
34
34
34
33
33
33
33
33
32
32
32
32
32
32
32
32
32
32
32
32
31
31
31
31
31
31
31
31
30
30
30
30
29
29
29
29
29
29
29
29
29
29
29
29
29
29
29
29
29
29
29
29
29
29
29
29
30
30
30
30
30
30
31
31
31
31
31
32
32
32
32
32
33
33
33
33
33
33
33
33
33
33
32
32
32
31
31
31
31
31
31
31
30
30
30
29
29
29
29
29
29
28
27
27
27
27
27
25
25
25
25
25
25
23
23
23
23
23
22
22
21
21
21
20
20
20
20
20
20
18
18
17
17
17
17
17
17
17
17
17
18
17
18
18
20
20
19
19
19
20
20
19
19
19
19
19
20
18
18
18
18
18
18
18
19
20
18
19
19
19
19
20
20
19
19
18
17
12
9
9
9
9
9
9
9
9
9
9
9
9
8
8
8
8
8
8
8
8
3
1
1
1
1
1
1
1
1
1
1
1
1
1
1
1
1
1
1
1
1
1
1
1
1
1
1
1
1
1
1
1
1
1
1
1
1
1
1
1
1
1
1
1
1
1
1
1
1
1
1
1
1
1
1
1
1
1
1
1
1
1
1
1
1
1
1
1
1
1
1
1
1
1
1
1
1
1
1
1
1
1
1
1
1
1
1
1
1
1
1
1
1
1
1
1
1
1
1
1
1
1
1
1
1
1
1
1
1
1
1
1
1
1
1
1
1
1
1
1
1
1
1
1
1
1
1
1
1
1
1
1
1
1
1
1
1
1
1
1
1
1
1
1
1
1
1
1
1
1
1
1
1
1
1
1
1
1
1
1
1
1
1
1
1
1
1
1
1
1
1
1
1
1
1
1
1
1
1
1
1
1
1
1
1
1
1
1
1
1
1
1
1
1
1
1
1
1
1
1
1
1
1
1
1
1
1
1
1
1
1
1
1
1
1
1
1
1
1
1
1
1
1
1
1
1
1
1
1
1
1
1
