# Vetor de dados - syn_f003341-1-Pre--left--vetorlinha.txt
# Total de elementos: 768
# Formato: um valor por linha
#==================================================

1
1
1
1
1
1
1
1
1
1
1
1
1
1
1
1
1
1
1
1
1
1
1
1
1
1
1
1
1
1
1
1
1
1
1
1
1
1
1
1
1
1
1
1
1
1
1
1
1
1
1
1
1
1
1
1
1
1
1
1
1
1
1
1
1
1
1
1
1
1
1
1
1
1
1
1
1
1
1
1
1
1
1
1
1
1
1
1
1
1
1
1
1
1
1
1
1
1
1
1
1
1
1
1
1
1
1
1
1
1
1
1
1
1
8
23
30
36
41
45
48
51
54
56
58
60
62
64
65
67
70
70
71
72
73
75
75
76
76
78
78
78
78
79
79
79
80
81
81
81
81
81
80
80
81
80
80
80
81
81
81
82
83
83
83
84
83
82
81
79
78
76
75
75
74
73
72
70
70
70
70
68
67
66
66
66
64
64
64
64
64
63
62
60
59
56
53
48
47
46
46
46
45
46
45
46
46
47
46
47
48
48
49
50
49
50
50
163
171
180
195
205
212
217
224
234
242
261
278
280
279
280
278
277
275
274
266
266
265
249
247
207
202
198
195
191
186
182
177
171
164
158
152
142
135
129
125
121
118
115
112
108
104
101
96
97
98
98
99
98
98
99
99
99
99
100
100
100
100
100
100
100
100
101
100
100
100
99
99
99
98
98
97
96
95
95
93
92
92
91
91
91
90
90
89
90
90
90
90
91
90
90
91
90
91
91
91
91
91
91
91
91
91
91
92
92
91
92
92
92
92
91
91
91
91
91
90
90
90
90
90
89
89
88
88
88
88
88
88
87
87
87
87
88
88
89
90
91
91
92
93
94
95
96
97
98
98
100
100
101
101
103
103
104
104
105
105
106
106
107
107
107
108
108
109
109
108
108
109
109
109
110
110
109
109
109
109
109
109
109
109
108
108
107
107
107
106
106
105
105
104
103
102
101
100
100
99
98
98
99
99
98
98
98
98
97
98
98
98
97
97
98
97
97
96
96
96
96
95
95
94
93
93
92
91
90
89
89
88
88
87
86
86
86
85
85
85
85
85
84
84
83
83
83
83
83
83
82
81
81
81
81
81
81
79
79
79
79
79
78
78
78
78
78
77
77
77
77
75
75
75
75
75
74
74
74
73
73
73
73
71
71
71
71
70
70
70
69
68
68
68
67
66
66
65
65
65
65
63
63
62
62
61
61
60
60
59
58
57
57
56
56
55
55
56
56
55
56
56
57
56
57
57
58
58
59
59
59
59
60
60
59
60
59
60
60
60
60
59
59
59
58
58
57
57
57
56
55
55
55
54
54
53
53
53
53
52
52
52
52
52
52
52
52
52
52
52
52
52
51
51
51
51
51
51
51
52
52
52
51
51
51
51
51
51
51
50
50
50
50
50
50
50
49
49
48
48
48
48
47
46
46
46
46
45
44
44
44
44
43
42
42
42
42
41
40
40
40
39
39
39
38
38
38
37
37
37
37
37
37
36
37
37
37
38
39
40
41
40
42
43
46
48
50
52
55
56
58
60
63
67
71
72
73
75
77
78
79
81
82
83
86
87
87
87
87
86
49
51
53
55
57
60
63
66
69
72
75
77
81
84
86
88
89
91
90
90
89
87
85
81
63
56
51
46
38
33
1
1
1
1
1
1
1
1
1
1
1
1
1
1
1
1
1
1
1
1
1
1
1
1
1
1
1
1
1
1
1
1
1
1
1
1
1
1
1
1
1
1
1
1
1
1
1
1
1
1
1
