# Vetor de dados - syn_f003065-1-Pre--left--vetorlinha.txt
# Total de elementos: 768
# Formato: um valor por linha
#==================================================

1
1
1
1
1
1
1
1
1
1
1
1
1
1
1
1
1
1
1
1
1
1
1
1
1
1
1
1
1
1
1
1
1
1
1
1
1
1
1
1
1
1
1
1
1
1
1
1
1
1
1
1
1
1
1
1
1
1
1
1
1
1
1
1
1
1
1
1
1
1
1
1
1
1
1
1
1
1
1
1
1
1
1
1
1
1
1
1
1
1
1
1
1
1
1
1
1
1
1
1
1
1
1
1
1
1
1
1
1
1
1
1
1
1
1
1
1
1
1
1
1
1
1
1
1
1
1
1
1
1
1
1
1
20
29
33
38
42
46
50
53
55
57
58
61
62
64
66
68
68
70
70
72
72
74
74
75
76
76
76
76
77
77
77
77
77
78
78
78
78
78
77
77
77
77
77
78
78
79
79
79
80
80
81
80
81
79
78
76
75
72
71
70
70
69
68
68
67
67
66
66
66
65
65
65
65
65
65
65
65
64
65
64
62
61
57
45
44
44
43
43
43
43
44
43
44
44
45
45
47
47
48
49
50
51
52
55
60
64
69
75
81
90
136
143
148
153
158
164
168
173
179
185
192
197
203
206
211
216
222
227
234
239
245
254
259
265
276
277
277
277
276
275
271
269
260
92
93
93
94
94
95
95
95
97
97
98
98
97
97
98
98
98
98
98
98
98
98
98
97
97
97
96
96
94
94
93
93
91
91
91
90
89
88
87
86
85
84
84
84
83
83
83
83
83
82
82
82
81
81
81
81
80
80
80
79
79
79
79
79
79
79
79
78
78
78
78
78
77
77
78
78
78
78
77
77
77
77
76
76
77
77
77
76
76
77
77
77
78
79
79
79
80
80
81
82
83
83
84
86
86
87
88
88
89
89
90
90
91
91
92
92
93
93
93
94
93
93
93
92
93
93
92
92
92
91
92
92
91
91
90
90
90
90
90
89
89
88
88
88
87
86
86
85
85
84
83
82
82
83
83
82
82
82
81
81
81
81
81
81
81
81
79
79
78
78
78
77
77
77
76
76
75
75
74
74
74
73
73
73
73
72
72
72
72
72
72
72
71
71
71
71
70
70
69
69
69
69
68
67
67
67
67
67
66
66
66
66
65
65
65
64
63
63
63
63
62
62
62
61
61
61
59
59
59
58
58
58
57
56
56
55
55
55
54
53
53
52
52
52
51
51
51
49
49
49
49
49
48
48
48
48
48
48
48
47
47
47
47
47
47
47
47
47
48
48
49
48
49
48
49
48
49
48
49
49
48
49
48
49
49
48
48
47
48
47
47
46
45
45
44
45
44
44
43
43
43
44
44
44
45
45
45
45
45
45
44
45
45
45
45
45
45
45
45
45
45
45
45
44
44
44
43
43
43
42
42
42
41
41
40
40
40
40
39
38
38
38
38
37
36
36
36
36
35
35
34
34
34
33
33
34
34
34
34
34
33
33
34
34
34
34
35
35
35
36
37
37
39
40
42
45
47
51
53
56
61
64
66
69
71
73
76
77
79
80
81
81
80
80
81
80
78
52
56
61
66
69
72
75
80
82
84
86
86
84
84
83
82
82
82
80
75
61
51
44
38
36
1
1
1
1
1
1
1
1
1
1
1
1
1
1
1
1
1
1
1
1
1
1
1
1
1
1
1
1
1
1
1
1
1
1
1
1
1
1
1
1
1
1
1
1
1
1
1
1
1
1
1
1
1
1
1
1
1
1
1
1
1
1
1
1
1
1
1
1
1
1
