# Vetor de dados - syn_f004360-0-Pre--front--vetorcoluna.txt
# Total de elementos: 1024
# Formato: um valor por linha
#==================================================

1
1
1
1
1
1
1
1
1
1
1
1
1
1
1
1
1
1
1
1
1
1
1
1
1
1
1
1
1
1
1
1
1
1
1
1
1
1
1
1
1
1
1
1
1
1
1
1
1
1
1
1
1
1
1
1
1
1
1
1
1
1
1
1
1
1
1
1
1
1
1
1
1
1
1
1
1
1
1
1
1
1
1
1
1
1
1
1
1
1
1
1
1
1
1
1
1
1
1
1
1
1
1
1
1
1
1
1
1
1
1
1
1
1
1
1
1
1
1
1
1
1
1
1
1
1
1
1
1
1
1
1
1
1
1
1
1
1
1
1
1
1
1
1
1
1
1
1
1
1
1
1
1
1
1
1
1
1
1
1
1
1
1
1
1
1
1
1
1
1
1
1
1
1
1
1
1
1
1
1
1
1
1
1
1
1
1
1
1
1
1
1
1
1
1
1
1
1
1
1
1
1
1
1
1
1
1
1
1
1
1
1
1
1
1
1
1
1
1
1
1
1
1
1
1
1
1
1
1
1
1
1
1
1
1
1
27
27
27
27
27
26
27
27
27
27
27
27
27
27
27
27
28
28
28
28
28
28
28
29
29
29
29
29
29
30
30
30
30
30
31
31
31
31
32
32
32
32
32
32
32
32
32
32
32
32
32
32
32
32
32
32
32
32
32
32
32
32
32
32
32
32
32
32
32
33
33
33
33
33
33
33
34
34
34
34
34
34
35
35
35
35
35
35
35
35
35
36
36
36
36
36
36
36
36
36
36
36
36
36
36
37
37
37
37
37
37
37
38
38
38
38
39
39
39
38
38
39
39
39
39
39
38
38
38
38
38
38
38
38
38
38
38
38
37
37
37
37
37
37
37
36
36
36
36
36
36
37
37
37
37
37
37
37
37
37
38
38
38
38
38
38
38
38
38
38
39
39
39
39
39
39
39
40
40
40
40
40
40
40
40
41
41
41
41
41
42
42
42
42
43
44
44
45
45
46
47
48
49
50
52
53
53
55
56
58
58
59
60
61
87
89
254
261
267
272
278
285
291
400
404
409
414
418
424
428
505
503
504
503
505
505
505
505
505
504
503
503
504
505
506
507
508
508
508
506
506
504
474
465
519
515
510
507
503
501
498
496
493
489
486
445
442
438
436
433
431
427
408
391
384
378
372
367
371
377
385
403
426
431
434
437
438
443
447
486
490
494
497
500
503
505
508
512
515
519
523
549
481
511
512
513
512
512
511
511
510
508
507
508
509
509
510
509
509
508
507
508
508
507
506
432
426
422
417
412
406
400
395
295
288
282
276
271
87
63
63
62
61
60
59
58
57
55
54
52
52
50
49
48
47
47
46
45
44
44
44
43
43
42
42
41
41
41
40
40
40
40
40
39
40
40
40
40
39
39
39
39
39
39
39
39
39
38
38
38
38
37
37
37
37
37
37
36
36
36
37
37
37
37
36
36
36
36
36
36
36
36
37
37
37
37
37
37
38
38
38
38
38
38
38
39
39
39
38
38
38
39
39
39
39
38
38
38
38
37
36
36
36
36
36
36
35
35
35
35
35
35
34
34
33
33
33
32
32
32
32
32
31
31
30
30
29
29
29
29
28
28
28
28
27
27
27
26
26
26
25
25
25
25
25
24
24
24
23
23
23
23
22
21
21
21
21
21
21
21
20
19
19
18
18
17
17
17
16
16
16
16
17
17
17
18
19
20
20
19
19
20
20
19
19
19
20
20
19
19
19
19
19
20
18
19
19
19
20
19
19
20
21
21
21
19
19
19
19
19
18
12
12
9
9
9
9
9
9
9
9
9
9
9
9
9
8
8
8
8
8
8
8
8
5
1
1
1
1
1
1
1
1
1
1
1
1
1
1
1
1
1
1
1
1
1
1
1
1
1
1
1
1
1
1
1
1
1
1
1
1
1
1
1
1
1
1
1
1
1
1
1
1
1
1
1
1
1
1
1
1
1
1
1
1
1
1
1
1
1
1
1
1
1
1
1
1
1
1
1
1
1
1
1
1
1
1
1
1
1
1
1
1
1
1
1
1
1
1
1
1
1
1
1
1
1
1
1
1
1
1
1
1
1
1
1
1
1
1
1
1
1
1
1
1
1
1
1
1
1
1
1
1
1
1
1
1
1
1
1
1
1
1
1
1
1
1
1
1
1
1
1
1
1
1
1
1
1
1
1
1
1
1
1
1
1
1
1
1
1
1
1
1
1
1
1
1
1
1
1
1
1
1
1
1
1
1
1
1
1
1
1
1
1
1
1
1
1
1
1
1
1
1
1
1
1
1
1
1
1
1
1
1
1
1
1
1
1
