# Vetor de dados - syn_f003702-2-Pre--front--vetorlinha.txt
# Total de elementos: 768
# Formato: um valor por linha
#==================================================

1
1
1
1
1
1
1
1
1
1
1
1
1
1
1
1
1
1
1
1
1
1
1
1
1
1
1
1
1
1
1
1
1
1
1
1
1
1
1
1
1
1
1
1
1
1
1
1
1
1
1
1
1
1
1
1
1
1
1
1
1
1
1
1
1
1
1
1
1
1
1
1
1
1
1
1
1
1
1
1
1
1
1
1
1
1
1
1
1
1
1
1
1
1
1
1
1
1
1
1
1
1
1
1
1
1
1
1
1
1
1
1
1
1
1
1
1
1
1
1
1
1
1
1
1
1
1
1
1
1
1
1
1
1
1
1
1
1
1
1
1
5
18
24
28
32
34
37
39
41
42
45
46
47
49
49
51
52
53
54
54
55
55
56
57
57
57
57
58
58
58
58
58
57
57
56
56
56
58
59
63
63
64
64
64
62
62
62
62
60
60
59
58
57
55
55
52
51
50
47
47
47
46
45
45
44
43
41
40
40
39
39
39
39
38
38
38
37
37
37
37
37
37
37
37
37
38
40
42
45
47
49
51
53
57
62
66
75
222
249
274
287
383
405
444
450
460
479
483
487
489
487
482
499
514
515
514
514
512
442
430
405
398
390
384
355
348
259
242
178
165
155
149
144
141
138
136
134
132
131
130
130
128
128
127
127
126
125
123
122
120
118
116
114
113
111
110
109
108
107
107
105
104
104
102
102
101
101
100
100
99
99
99
99
97
97
97
97
95
93
91
89
87
86
86
86
85
84
84
84
84
84
84
84
84
84
84
83
83
82
82
82
81
80
80
79
79
78
78
77
77
77
76
75
75
75
76
78
78
80
80
81
82
83
85
85
87
88
89
90
90
92
93
94
95
97
97
99
99
100
101
102
103
103
104
104
106
106
106
108
108
109
109
110
110
110
110
111
112
112
112
112
112
112
112
112
113
113
113
113
113
115
115
116
116
116
118
118
119
120
120
121
122
122
123
124
124
124
124
125
126
126
126
127
127
127
128
128
128
128
128
128
128
128
128
128
128
128
128
127
127
127
127
127
127
127
127
126
126
126
126
125
125
125
125
125
125
124
124
124
124
124
124
124
124
124
123
122
122
122
121
120
120
120
119
118
117
117
116
115
115
114
113
113
112
111
111
111
109
109
109
107
107
107
105
105
105
103
103
103
103
101
101
101
101
101
101
100
100
100
100
100
100
100
100
100
100
100
100
100
100
100
99
99
99
99
99
99
99
99
99
99
101
100
101
101
101
101
101
102
103
103
103
103
103
103
103
105
105
105
105
105
105
105
105
105
105
106
106
106
107
106
106
105
105
105
105
105
105
104
103
103
103
103
102
101
101
101
101
99
99
99
99
97
97
97
97
95
95
95
95
95
93
93
93
93
92
91
91
91
91
90
90
89
89
89
89
88
87
87
87
87
86
85
85
85
85
84
84
83
83
83
83
83
83
83
83
83
83
82
83
83
83
84
84
84
84
84
84
85
85
85
86
86
87
87
88
89
90
90
91
92
93
94
95
96
97
97
98
98
98
98
99
100
99
99
98
98
97
97
97
95
94
93
92
91
42
40
39
1
1
1
1
1
1
1
1
1
1
1
1
1
1
1
1
1
1
1
1
1
1
1
1
1
1
1
1
1
1
1
1
1
1
1
1
1
1
1
1
1
1
1
1
1
1
1
1
1
1
1
1
1
1
1
1
1
1
1
1
1
1
1
1
1
1
1
1
1
1
1
1
1
1
1
1
1
1
1
