# Vetor de dados - syn_f003702-2-Pre--front--vetorcoluna.txt
# Total de elementos: 1024
# Formato: um valor por linha
#==================================================

1
1
1
1
1
1
1
1
1
1
1
1
1
1
1
1
1
1
1
1
1
1
1
1
1
1
1
1
1
1
1
1
1
1
1
1
1
1
1
1
1
1
1
1
1
1
1
1
1
1
1
1
1
1
1
1
1
1
1
1
1
1
1
1
1
1
1
1
1
1
1
1
1
1
1
1
1
1
1
1
1
1
1
1
1
1
1
1
1
1
1
1
1
1
1
1
1
1
1
1
1
1
1
1
1
1
1
1
1
1
1
1
1
1
1
1
1
1
1
1
1
1
1
1
1
1
1
1
1
1
1
1
1
1
1
1
1
1
1
1
1
1
1
1
1
1
1
1
1
1
1
1
1
1
1
1
1
1
1
1
1
1
1
1
1
1
1
1
1
1
1
1
1
1
1
1
1
1
1
1
1
1
1
1
1
1
1
1
1
1
1
1
1
1
1
1
1
1
1
1
1
1
1
1
1
1
1
1
1
1
1
1
1
1
1
1
1
1
1
1
1
1
1
1
1
1
1
1
1
1
1
1
1
1
1
1
1
1
1
1
1
1
1
1
1
1
1
1
12
13
13
13
13
13
14
14
14
14
14
14
14
14
14
14
14
14
16
16
20
21
22
22
22
23
23
22
22
22
22
22
21
21
21
21
21
21
21
21
21
21
21
21
21
20
20
20
20
19
18
20
18
17
17
17
16
16
16
16
16
16
17
17
18
18
18
18
18
18
18
18
19
19
19
19
19
19
20
21
22
22
22
22
22
22
22
23
23
24
24
24
24
24
25
25
25
25
25
25
25
27
27
27
27
27
27
27
27
28
28
28
28
29
29
29
29
29
29
29
29
29
29
29
29
29
30
29
29
29
29
29
28
27
27
27
27
27
27
27
25
25
25
25
25
25
25
25
25
25
25
25
25
25
25
26
26
26
26
26
26
26
27
27
27
27
27
27
28
28
28
28
28
28
28
28
27
28
28
28
28
29
29
29
29
29
30
30
30
30
31
32
32
32
33
33
35
36
37
38
40
43
47
50
52
53
54
55
56
57
58
59
61
62
64
66
267
270
274
356
360
364
369
374
381
453
452
452
452
453
453
453
452
452
451
452
453
453
453
455
454
454
453
453
383
453
445
440
435
429
405
402
400
396
393
372
352
335
331
326
322
318
314
307
299
296
310
315
320
324
328
332
337
342
349
363
386
395
398
400
403
428
435
441
446
452
458
459
459
458
457
455
453
453
451
453
453
453
453
452
451
451
451
451
450
389
383
377
371
366
362
359
355
351
279
272
57
56
55
54
53
52
51
50
47
45
43
42
41
40
38
37
37
36
36
34
34
34
33
33
33
32
31
31
31
30
30
30
30
29
29
29
29
28
28
28
28
28
28
28
28
28
28
28
27
27
27
27
27
26
26
25
25
26
26
26
26
26
26
26
26
26
26
26
27
27
27
27
27
27
28
28
28
28
29
29
29
29
29
29
29
29
29
29
29
29
29
29
28
28
28
28
28
28
27
27
26
26
26
26
26
26
26
26
25
25
25
25
24
24
24
24
24
23
23
23
23
23
23
22
21
21
21
21
21
21
21
20
20
20
20
20
20
20
20
19
18
17
17
17
17
17
17
16
16
16
16
16
16
14
14
14
16
16
16
17
17
18
17
17
17
18
18
18
18
18
18
18
17
17
17
17
17
17
17
17
17
18
18
18
18
18
18
18
18
18
17
16
9
9
9
9
9
9
9
9
9
9
8
8
8
8
8
8
8
8
8
8
1
1
1
1
1
1
1
1
1
1
1
1
1
1
1
1
1
1
1
1
1
1
1
1
1
1
1
1
1
1
1
1
1
1
1
1
1
1
1
1
1
1
1
1
1
1
1
1
1
1
1
1
1
1
1
1
1
1
1
1
1
1
1
1
1
1
1
1
1
1
1
1
1
1
1
1
1
1
1
1
1
1
1
1
1
1
1
1
1
1
1
1
1
1
1
1
1
1
1
1
1
1
1
1
1
1
1
1
1
1
1
1
1
1
1
1
1
1
1
1
1
1
1
1
1
1
1
1
1
1
1
1
1
1
1
1
1
1
1
1
1
1
1
1
1
1
1
1
1
1
1
1
1
1
1
1
1
1
1
1
1
1
1
1
1
1
1
1
1
1
1
1
1
1
1
1
1
1
1
1
1
1
1
1
1
1
1
1
1
1
1
1
1
1
1
1
1
1
1
1
1
1
1
1
1
1
1
1
1
1
1
1
1
1
1
1
1
1
1
1
1
1
1
1
1
1
1
1
1
1
1
1
1
1
1
1
1
1
1
1
1
1
1
1
1
1
1
1
