# Vetor de dados - syn_f000647-2-Pre--left--vetorlinha.txt
# Total de elementos: 768
# Formato: um valor por linha
#==================================================

1
1
1
1
1
1
1
1
1
1
1
1
1
1
1
1
1
1
1
1
1
1
1
1
1
1
1
1
1
1
1
1
1
1
1
1
1
1
1
1
1
1
1
1
1
1
1
1
1
1
1
1
1
1
1
1
1
1
1
1
1
1
1
1
1
1
1
1
1
1
1
1
1
1
1
1
1
1
1
1
1
1
1
1
1
1
1
1
1
1
1
1
1
1
1
1
1
1
1
1
1
1
1
1
1
1
1
1
1
1
1
1
1
1
1
1
17
25
32
37
40
44
47
50
52
54
56
58
60
61
63
64
66
66
68
69
70
70
70
72
72
73
73
73
73
73
73
73
73
73
73
73
73
74
74
74
74
75
75
75
76
77
78
77
78
78
77
76
74
74
72
71
70
71
70
69
68
68
66
66
66
65
63
63
61
61
61
61
61
61
61
60
60
59
58
57
56
54
52
52
51
50
50
51
50
50
50
50
50
51
51
51
52
52
52
53
53
53
53
54
54
55
55
55
55
55
60
68
76
86
103
146
153
161
169
173
178
183
190
199
206
211
215
218
222
227
232
238
244
250
256
264
269
275
284
286
286
285
284
281
278
270
190
181
164
87
88
89
88
89
89
90
90
91
91
92
92
92
92
92
92
92
93
93
93
94
93
94
94
94
94
94
94
94
94
94
93
93
92
92
92
92
91
91
90
90
89
89
89
89
88
89
90
89
90
90
90
90
91
90
90
89
90
90
89
89
89
88
88
88
87
87
87
87
86
86
85
84
84
84
84
84
84
82
82
82
82
82
83
83
83
84
84
85
87
87
88
89
89
91
92
92
93
94
95
96
97
98
98
99
100
101
101
102
102
103
103
103
104
104
104
105
105
106
106
106
106
107
107
107
107
107
108
108
108
108
108
108
108
108
108
108
108
108
107
107
107
107
106
106
105
105
104
104
103
102
101
101
100
98
97
95
93
93
93
92
92
91
91
91
91
90
90
89
89
88
87
86
85
84
82
81
80
80
80
79
78
78
78
77
76
76
76
76
76
76
76
76
76
76
76
76
75
75
75
75
75
75
75
75
75
74
74
74
74
73
72
72
72
72
72
72
72
71
71
71
71
70
70
70
70
69
69
69
69
68
68
68
67
67
67
67
66
66
65
65
65
64
63
63
63
62
62
62
61
61
61
60
59
59
58
58
57
57
58
57
57
56
56
56
55
55
54
54
54
53
53
54
53
53
53
54
54
54
54
54
54
55
54
54
54
54
54
54
53
54
53
52
53
52
52
52
51
51
51
50
50
49
48
48
48
47
47
46
47
47
46
46
46
46
46
46
46
46
46
46
46
46
45
45
45
45
45
45
45
46
46
46
45
45
45
45
45
45
44
45
44
44
43
43
43
43
43
43
42
42
42
42
41
41
40
40
40
40
40
39
38
38
38
38
37
37
37
37
37
36
35
35
35
35
35
35
35
35
34
33
33
33
33
33
33
33
33
34
34
36
36
38
40
42
44
46
48
50
52
54
57
59
61
63
64
67
70
72
74
75
76
77
78
79
81
82
82
82
82
47
49
51
53
56
59
62
65
69
71
74
76
79
80
81
82
83
84
86
86
85
83
77
60
54
49
47
43
38
1
1
1
1
1
1
1
1
1
1
1
1
1
1
1
1
1
1
1
1
1
1
1
1
1
1
1
1
1
1
1
1
1
1
1
1
1
1
1
1
1
1
1
1
1
1
1
1
1
1
1
1
1
1
