# Vetor de dados - syn_f001097-0-Pre--front--vetorlinha.txt
# Total de elementos: 768
# Formato: um valor por linha
#==================================================

1
1
1
1
1
1
1
1
1
1
1
1
1
1
1
1
1
1
1
1
1
1
1
1
1
1
1
1
1
1
1
1
1
1
1
1
1
1
1
1
1
1
1
1
1
1
1
1
1
1
1
1
1
1
1
1
1
1
1
1
1
1
1
1
1
1
1
1
1
1
1
1
1
1
1
1
1
1
1
1
1
1
1
1
1
1
1
1
1
1
1
1
1
1
1
1
1
1
1
1
1
1
1
1
1
1
1
1
1
1
1
1
1
1
1
1
1
1
9
22
26
30
34
38
40
42
44
46
48
50
50
52
54
54
56
57
58
58
60
60
61
62
62
62
62
62
64
64
64
64
64
64
63
62
62
62
62
63
69
70
71
71
71
71
70
70
69
69
68
68
67
66
66
64
62
62
61
57
54
54
54
52
52
52
51
50
50
48
46
46
46
46
46
46
46
46
46
46
46
45
46
46
47
48
50
51
54
58
62
67
73
78
282
492
510
562
601
601
600
600
599
595
587
577
565
554
550
553
554
555
554
552
492
486
416
407
398
388
379
369
359
349
338
331
323
314
302
283
258
240
228
218
207
190
177
170
164
160
157
155
154
152
150
149
147
146
145
143
141
139
137
135
134
133
131
129
129
127
127
127
125
125
125
124
124
124
124
124
123
123
122
122
122
122
122
121
120
120
119
118
117
116
115
114
112
112
113
113
113
113
114
114
114
114
114
115
114
114
114
113
113
113
113
112
112
111
111
111
111
111
112
112
112
112
112
113
113
114
115
115
116
116
116
117
118
118
119
119
121
121
122
123
124
124
125
127
127
127
129
129
129
131
131
131
133
133
135
135
136
137
137
138
138
139
139
139
139
139
140
140
141
141
141
141
140
140
140
140
139
139
140
139
139
139
139
139
139
139
139
139
140
140
140
140
140
140
140
141
141
141
141
141
141
141
141
141
141
141
141
142
142
142
142
142
142
142
142
142
143
142
143
143
143
143
142
142
142
141
141
141
141
141
141
141
140
139
139
139
139
139
139
139
137
137
137
137
137
137
137
135
135
135
135
135
134
134
133
133
133
132
132
131
131
130
130
130
129
129
128
128
127
127
126
126
125
124
124
123
122
121
121
120
119
119
119
118
117
117
117
116
116
115
115
114
114
113
113
113
112
112
112
111
111
110
110
110
110
110
110
110
108
108
108
108
108
108
108
108
108
108
108
108
108
107
107
107
107
107
107
107
107
107
107
107
107
107
107
107
107
107
107
107
107
107
107
107
108
109
109
109
109
109
109
109
109
111
111
111
111
111
111
111
111
111
111
111
111
111
111
111
111
111
111
111
111
111
110
109
109
109
109
109
109
109
109
107
107
107
107
107
107
106
105
105
105
105
105
104
103
103
103
103
102
101
101
101
101
101
101
100
99
99
99
99
98
98
98
97
97
97
96
96
96
95
95
95
94
94
94
94
94
93
93
92
92
92
92
92
92
92
92
92
92
92
92
92
92
93
94
94
95
95
96
96
96
96
96
96
96
96
94
95
96
96
96
98
98
98
100
100
102
103
104
106
107
108
110
110
111
112
113
114
115
115
116
116
115
115
115
114
113
112
109
108
106
101
98
94
45
44
1
1
1
1
1
1
1
1
1
1
1
1
1
1
1
1
1
1
1
1
1
1
1
1
1
1
1
1
1
1
1
1
1
1
1
1
1
1
1
1
1
1
1
1
1
1
1
1
1
1
1
1
1
1
1
1
1
1
