# Vetor de dados - syn_f001536-0-Pre--left--vetorlinha.txt
# Total de elementos: 768
# Formato: um valor por linha
#==================================================

1
1
1
1
1
1
1
1
1
1
1
1
1
1
1
1
1
1
1
1
1
1
1
1
1
1
1
1
1
1
1
1
1
1
1
1
1
1
1
1
1
1
1
1
1
1
1
1
1
1
1
1
1
1
1
1
1
1
1
1
1
1
1
1
1
1
1
1
1
1
1
1
1
1
1
1
1
1
1
1
1
1
1
1
1
1
1
1
1
1
1
1
1
1
1
1
1
1
1
1
1
1
1
1
1
1
1
1
1
1
1
1
1
1
1
1
10
24
31
36
40
44
47
50
53
55
57
59
61
63
65
66
68
69
70
71
72
73
74
74
75
75
77
77
77
77
77
77
77
77
78
78
78
78
78
78
78
78
78
78
78
79
80
79
80
81
82
81
82
82
82
81
81
79
76
74
72
72
72
71
70
69
69
68
68
67
66
66
65
65
65
65
65
65
65
64
63
62
60
56
54
52
50
50
49
48
48
48
48
47
48
47
48
48
48
48
48
49
48
49
49
49
50
51
51
56
63
70
75
80
149
158
166
171
176
182
186
193
207
213
217
220
225
229
234
242
248
254
262
270
278
289
289
289
290
288
286
283
280
274
272
196
189
183
176
159
152
134
99
95
96
96
98
99
99
100
101
101
102
102
103
103
103
103
103
103
103
103
104
104
104
104
103
103
102
102
102
101
101
101
99
99
99
98
97
97
96
96
95
94
92
92
92
93
93
92
92
92
93
92
92
92
92
91
92
92
92
91
91
91
91
90
90
91
90
89
89
89
88
88
88
88
88
87
86
86
86
85
85
85
85
84
84
84
83
83
83
83
83
84
84
85
86
87
87
88
89
89
89
89
90
91
91
92
92
92
93
94
94
95
95
96
96
97
97
97
98
98
98
99
99
98
99
99
98
98
97
98
98
97
97
97
97
97
97
96
96
95
96
96
95
95
94
94
93
93
93
93
92
92
91
90
90
89
88
88
87
86
85
85
83
83
83
83
83
83
83
83
83
82
83
83
83
83
82
82
81
81
81
80
80
79
78
78
77
77
76
76
76
75
75
74
74
73
73
73
73
72
72
72
72
71
70
70
70
69
69
69
69
68
68
68
67
67
67
67
67
66
66
66
66
66
65
65
65
65
65
64
64
64
64
63
63
63
63
63
62
62
62
62
60
60
60
60
59
59
59
58
57
57
57
56
56
56
54
54
54
53
53
53
52
52
52
50
50
50
49
50
50
50
50
50
50
50
51
51
51
52
52
52
53
52
53
53
53
54
53
53
53
53
53
53
53
53
52
52
52
52
52
52
51
51
50
50
50
49
49
48
49
48
48
48
47
47
47
47
47
47
46
46
46
46
46
46
46
46
45
46
46
46
46
46
46
47
46
46
46
46
46
46
46
45
45
45
45
45
45
43
43
43
43
43
43
43
42
42
42
42
42
41
41
41
41
41
40
40
40
40
39
39
39
39
39
39
38
38
38
38
38
38
37
37
37
37
37
37
38
38
39
41
44
46
48
51
53
55
57
60
64
67
71
72
74
76
77
79
80
81
82
84
85
85
84
85
85
84
47
49
51
55
59
63
66
70
74
77
81
83
84
86
87
89
88
86
86
84
82
78
70
61
55
50
45
38
32
1
1
1
1
1
1
1
1
1
1
1
1
1
1
1
1
1
1
1
1
1
1
1
1
1
1
1
1
1
1
1
1
1
1
1
1
1
1
1
1
1
1
1
1
1
1
1
1
1
1
1
1
1
