# Vetor de dados - syn_f000329-2-Pre--left--vetorlinha.txt
# Total de elementos: 768
# Formato: um valor por linha
#==================================================

1
1
1
1
1
1
1
1
1
1
1
1
1
1
1
1
1
1
1
1
1
1
1
1
1
1
1
1
1
1
1
1
1
1
1
1
1
1
1
1
1
1
1
1
1
1
1
1
1
1
1
1
1
1
1
1
1
1
1
1
1
1
1
1
1
1
1
1
1
1
1
1
1
1
1
1
1
1
1
1
1
1
1
1
1
1
1
1
1
1
1
1
1
1
1
1
1
1
1
1
1
1
1
1
1
1
1
1
1
1
1
1
1
1
1
1
1
1
1
1
1
20
28
34
38
42
46
49
51
54
56
58
60
62
64
65
67
67
69
69
71
71
73
73
74
74
75
76
76
76
76
76
76
76
76
76
77
77
77
77
78
79
78
79
80
81
81
82
82
83
83
83
84
83
82
81
79
77
75
74
74
73
72
71
70
70
70
69
67
67
67
67
67
66
66
66
66
66
66
65
64
62
60
59
58
57
57
56
56
55
56
56
56
56
57
56
57
57
57
57
57
57
57
58
58
58
58
59
60
162
169
174
180
186
198
209
215
219
223
228
234
243
249
262
271
286
286
286
287
285
284
281
279
272
271
269
250
208
204
201
197
194
190
186
181
173
164
158
152
103
99
98
99
99
100
102
102
103
103
103
104
103
103
104
104
104
104
104
104
104
104
104
103
102
102
103
102
102
102
102
102
102
101
101
101
100
100
99
99
98
98
98
98
98
99
98
98
98
98
99
99
98
98
98
99
99
98
98
99
99
98
99
99
99
98
99
99
98
99
98
98
98
97
98
98
97
97
97
96
96
96
95
95
95
94
94
93
93
93
93
93
93
94
94
95
96
96
97
97
99
100
100
102
102
103
104
105
106
106
108
108
109
109
110
110
110
111
111
111
112
112
112
112
113
113
113
114
114
113
113
114
114
114
114
113
113
113
113
113
113
112
113
113
112
112
112
112
110
110
109
109
109
108
108
108
107
107
105
105
104
104
103
101
101
100
97
96
96
95
95
94
94
94
94
94
93
93
92
91
91
90
89
90
89
87
85
85
85
84
84
83
83
82
81
81
80
80
80
80
81
80
80
81
80
80
80
79
79
79
79
78
78
78
78
78
77
77
77
77
76
76
76
76
75
74
74
74
73
73
73
73
71
71
71
71
70
70
70
68
68
68
68
67
66
65
65
65
64
64
63
62
62
61
61
60
59
59
58
58
57
57
57
56
55
55
55
55
55
55
55
56
55
56
56
57
57
57
57
58
58
59
58
59
59
59
59
59
58
57
58
57
58
57
57
57
56
57
56
55
56
55
54
54
54
53
53
52
52
52
51
51
51
51
51
51
51
50
50
50
50
50
50
50
50
50
50
50
50
50
50
50
50
50
49
49
49
49
49
49
49
49
48
48
48
48
47
47
47
46
45
45
45
45
44
43
43
43
43
41
41
41
40
40
39
39
38
38
38
38
38
37
38
38
38
39
38
38
39
40
41
42
42
43
45
47
49
51
53
56
58
60
62
68
73
75
76
78
78
80
81
83
84
85
86
87
87
87
88
88
87
80
53
56
58
62
66
70
73
76
79
85
86
88
89
91
92
92
93
91
89
88
86
83
75
63
57
52
49
41
40
26
1
1
1
1
1
1
1
1
1
1
1
1
1
1
1
1
1
1
1
1
1
1
1
1
1
1
1
1
1
1
1
1
1
1
1
1
1
1
1
1
1
1
1
1
1
1
1
1
1
1
1
1
1
1
1
1
1
