# Vetor de dados - syn_f003874-2-Pre--front--vetorlinha.txt
# Total de elementos: 768
# Formato: um valor por linha
#==================================================

1
1
1
1
1
1
1
1
1
1
1
1
1
1
1
1
1
1
1
1
1
1
1
1
1
1
1
1
1
1
1
1
1
1
1
1
1
1
1
1
1
1
1
1
1
1
1
1
1
1
1
1
1
1
1
1
1
1
1
1
1
1
1
1
1
1
1
1
1
1
1
1
1
1
1
1
1
1
1
1
1
1
1
1
1
1
1
1
1
1
1
1
1
1
1
1
1
1
1
1
1
1
1
1
1
1
8
21
27
31
35
39
41
43
45
47
49
51
52
53
54
56
57
58
59
60
61
62
62
63
64
64
65
65
65
65
66
66
66
66
66
66
65
65
65
65
65
66
71
73
75
75
75
74
73
73
73
73
72
71
71
71
69
69
67
66
65
65
62
57
56
56
55
55
54
54
53
52
51
50
49
48
48
48
49
49
49
49
49
50
50
51
51
51
51
51
52
56
62
68
73
79
83
87
128
148
167
187
206
283
302
406
433
452
464
479
497
510
520
530
542
569
589
593
606
615
626
625
622
607
601
602
601
584
578
580
580
500
496
489
407
393
375
361
342
311
299
269
257
244
216
181
173
170
166
164
162
160
159
158
157
156
156
155
154
154
152
150
150
148
148
146
146
144
144
144
142
142
142
141
141
140
139
139
139
138
137
136
136
135
134
134
132
132
131
130
129
128
127
126
124
123
123
122
122
122
122
122
122
122
122
122
122
121
121
121
121
121
121
121
120
120
120
120
120
120
120
120
119
118
118
118
118
118
117
117
117
116
115
115
115
115
113
113
114
115
116
116
118
119
120
121
123
123
125
125
127
128
129
130
130
132
132
133
134
134
135
136
136
136
137
138
138
138
138
138
138
139
139
139
139
139
139
138
138
138
138
138
138
138
138
138
138
138
138
138
138
139
138
139
140
140
140
140
140
140
142
142
142
142
144
144
144
144
146
146
146
147
148
148
148
148
148
149
150
150
150
150
150
151
152
152
152
152
151
151
151
151
151
151
151
151
150
150
150
150
150
149
149
149
149
149
149
149
147
147
147
147
147
147
147
147
146
145
145
145
144
143
143
143
141
141
141
141
140
139
139
139
139
138
138
138
138
137
137
136
136
136
135
134
134
133
132
132
131
130
130
129
128
128
128
126
126
126
124
124
124
122
122
122
120
120
119
118
118
118
117
117
117
116
116
116
115
115
115
115
114
114
114
114
114
114
114
114
113
113
113
112
112
112
112
112
112
111
111
111
111
111
111
111
111
111
111
111
111
112
112
112
113
113
114
114
114
115
115
116
116
116
117
117
118
118
118
119
119
119
120
120
120
121
121
121
121
121
121
121
121
121
121
121
121
121
119
119
119
119
119
119
119
119
119
117
117
117
117
117
116
115
115
115
115
114
113
113
113
113
111
111
111
111
109
109
109
109
108
107
107
107
107
106
105
105
105
105
103
103
103
103
102
101
101
101
101
100
99
99
99
98
97
97
97
97
95
95
95
95
95
94
93
93
93
93
93
93
94
94
94
94
94
94
95
96
96
96
96
96
96
96
96
96
96
97
97
98
99
99
99
100
101
102
103
103
105
105
106
107
108
109
110
111
112
113
113
115
115
116
116
116
116
115
115
114
113
109
108
106
104
102
101
99
94
47
46
1
1
1
1
1
1
1
1
1
1
1
1
1
1
1
1
1
1
1
1
1
1
1
1
1
1
1
1
1
1
1
1
1
1
1
1
1
1
1
1
1
1
1
1
1
