# Vetor de dados - syn_f004871-0-Pre--front--vetorlinha.txt
# Total de elementos: 768
# Formato: um valor por linha
#==================================================

1
1
1
1
1
1
1
1
1
1
1
1
1
1
1
1
1
1
1
1
1
1
1
1
1
1
1
1
1
1
1
1
1
1
1
1
1
1
1
1
1
1
1
1
1
1
1
1
1
1
1
1
1
1
1
1
1
1
1
1
1
1
1
1
1
1
1
1
1
1
1
1
1
1
1
1
1
1
1
1
1
1
1
1
1
1
1
1
1
1
1
1
1
1
1
1
1
1
1
1
1
1
1
1
1
1
1
1
1
1
1
1
1
1
1
1
1
1
1
1
1
1
1
1
1
1
1
1
1
1
1
1
1
1
16
24
27
31
36
39
41
43
45
47
49
50
51
53
54
55
56
58
58
59
60
60
61
62
62
62
63
64
64
64
64
64
64
64
64
64
63
62
62
65
69
71
72
72
72
72
72
71
70
70
70
69
68
68
67
66
65
64
63
60
59
59
55
54
54
54
54
53
52
52
51
50
49
49
48
47
47
47
47
47
47
46
47
47
48
50
51
57
65
71
88
95
119
164
176
187
196
204
266
274
283
346
359
370
383
405
417
429
447
456
462
469
477
485
493
508
521
537
542
548
556
561
571
569
549
550
551
551
548
525
457
450
442
424
343
324
303
281
270
255
201
155
152
150
148
147
145
144
143
142
141
140
140
138
138
138
137
137
136
136
136
136
136
136
136
136
136
136
136
137
138
138
138
138
138
138
138
139
139
139
139
139
138
137
137
137
135
135
133
131
130
130
127
127
127
127
128
129
129
129
129
128
128
128
128
128
128
128
128
128
128
128
130
130
130
131
132
132
133
134
134
134
134
134
134
134
134
134
134
134
135
137
139
139
141
143
144
145
146
148
148
149
150
150
151
152
152
153
153
153
153
154
155
155
155
155
156
156
156
156
156
156
156
156
156
156
155
155
155
154
154
153
153
152
152
152
152
152
151
151
151
150
150
150
150
150
151
151
151
151
151
151
151
151
151
151
151
151
151
151
151
151
151
151
151
151
151
151
151
150
149
149
149
149
149
147
147
147
147
147
145
145
145
145
144
143
143
143
143
142
141
141
141
141
140
139
139
139
139
138
137
137
137
137
135
135
135
133
133
133
132
131
131
130
129
129
129
128
127
127
127
127
125
125
125
125
125
123
123
123
123
122
121
121
121
120
120
119
119
119
118
118
118
117
117
117
116
116
116
116
116
115
115
115
115
115
114
113
113
113
113
112
112
111
111
111
111
111
111
111
111
111
111
111
111
112
112
112
112
112
114
114
114
114
114
114
115
115
115
115
116
116
115
115
116
116
116
116
115
116
115
115
115
115
115
115
115
115
115
113
113
113
113
113
112
111
111
111
111
110
110
110
109
108
108
108
107
106
106
106
105
104
104
104
104
102
102
102
102
102
100
100
100
100
98
98
98
98
97
96
96
96
95
95
95
94
94
94
94
94
94
94
94
94
94
94
95
95
96
96
97
98
99
99
99
100
100
100
100
100
100
100
100
100
101
101
101
101
101
102
102
104
105
106
107
109
109
110
111
113
114
115
117
118
119
120
120
120
121
121
120
119
116
113
111
106
97
44
39
1
1
1
1
1
1
1
1
1
1
1
1
1
1
1
1
1
1
1
1
1
1
1
1
1
1
1
1
1
1
1
1
1
1
1
1
1
1
1
1
1
1
1
1
1
1
1
1
1
1
1
1
1
1
1
1
1
1
1
1
1
1
1
1
1
1
1
1
1
1
1
1
1
1
1
