# Vetor de dados - syn_f004570-1-Pre--front--vetorcoluna.txt
# Total de elementos: 1024
# Formato: um valor por linha
#==================================================

1
1
1
1
1
1
1
1
1
1
1
1
1
1
1
1
1
1
1
1
1
1
1
1
1
1
1
1
1
1
1
1
1
1
1
1
1
1
1
1
1
1
1
1
1
1
1
1
1
1
1
1
1
1
1
1
1
1
1
1
1
1
1
1
1
1
1
1
1
1
1
1
1
1
1
1
1
1
1
1
1
1
1
1
1
1
1
1
1
1
1
1
1
1
1
1
1
1
1
1
1
1
1
1
1
1
1
1
1
1
1
1
1
1
1
1
1
1
1
1
1
1
1
1
1
1
1
1
1
1
1
1
1
1
1
1
1
1
1
1
1
1
1
1
1
1
1
1
1
1
1
1
1
1
1
1
1
1
1
1
1
1
1
1
1
1
1
1
1
1
1
1
1
1
1
1
1
1
1
1
1
1
1
1
1
1
1
1
1
1
1
1
1
1
1
1
1
1
1
1
1
1
1
1
1
1
1
1
1
1
1
1
1
1
1
1
1
1
1
1
1
1
1
1
1
1
4
8
8
8
8
8
8
8
8
8
8
8
8
8
9
9
9
9
9
9
9
9
16
17
17
17
18
18
19
19
18
18
18
19
18
18
18
18
18
19
19
19
19
20
20
20
21
21
20
20
21
21
20
21
20
19
20
19
18
18
18
18
18
18
18
18
18
18
18
20
20
20
20
20
20
20
21
21
21
21
22
22
23
23
23
23
23
23
24
25
25
25
25
25
25
25
27
27
27
27
27
27
28
28
28
29
29
29
29
29
29
30
31
31
31
31
31
31
32
32
32
32
32
32
32
32
32
32
32
32
32
32
33
33
33
33
33
33
33
33
33
32
32
32
32
32
32
32
31
31
31
31
31
31
30
30
30
30
30
30
30
30
30
29
29
29
29
30
30
30
30
30
30
30
30
30
32
32
32
32
32
32
32
33
33
33
34
34
34
35
35
35
35
36
36
36
36
36
37
37
37
38
39
39
39
39
39
39
41
41
41
41
42
42
43
43
44
46
48
51
53
55
56
58
59
264
267
271
274
278
282
285
289
293
378
384
388
394
400
406
481
482
483
483
482
483
484
485
485
484
484
483
483
484
486
486
487
488
488
488
487
406
478
473
467
463
459
452
431
425
422
419
417
412
406
365
357
351
346
343
338
330
323
311
325
337
342
347
352
358
367
388
401
408
412
415
419
421
424
443
452
459
463
467
472
478
486
565
566
489
489
489
488
487
486
485
484
484
485
484
484
484
483
483
483
482
481
480
406
401
397
391
387
383
378
292
288
284
281
277
275
271
268
265
263
62
61
59
58
57
56
54
52
50
48
46
44
42
41
41
40
40
40
39
38
37
37
37
37
35
35
35
35
35
35
35
34
33
33
33
33
33
33
33
33
32
32
32
32
32
32
31
31
31
31
31
31
31
31
30
30
30
30
30
30
30
30
29
29
29
29
29
29
29
30
30
30
30
30
31
31
31
31
31
31
32
32
32
32
32
32
33
33
33
33
33
33
33
33
33
33
33
32
32
32
32
32
32
32
32
32
32
31
31
31
31
31
31
31
30
29
29
29
29
28
28
28
28
28
28
28
27
27
27
26
26
26
25
25
25
25
25
24
24
23
23
23
22
22
22
22
22
21
21
21
21
21
21
21
21
21
21
20
20
20
20
20
20
20
20
19
19
19
19
19
19
19
18
18
18
18
19
19
20
20
18
18
18
18
18
18
18
18
18
18
17
17
18
18
18
18
19
19
19
20
20
19
19
18
18
17
1
1
1
1
1
1
1
1
1
1
1
1
1
1
1
1
1
1
1
1
1
1
1
1
1
1
1
1
1
1
1
1
1
1
1
1
1
1
1
1
1
1
1
1
1
1
1
1
1
1
1
1
1
1
1
1
1
1
1
1
1
1
1
1
1
1
1
1
1
1
1
1
1
1
1
1
1
1
1
1
1
1
1
1
1
1
1
1
1
1
1
1
1
1
1
1
1
1
1
1
1
1
1
1
1
1
1
1
1
1
1
1
1
1
1
1
1
1
1
1
1
1
1
1
1
1
1
1
1
1
1
1
1
1
1
1
1
1
1
1
1
1
1
1
1
1
1
1
1
1
1
1
1
1
1
1
1
1
1
1
1
1
1
1
1
1
1
1
1
1
1
1
1
1
1
1
1
1
1
1
1
1
1
1
1
1
1
1
1
1
1
1
1
1
1
1
1
1
1
1
1
1
1
1
1
1
1
1
1
1
1
1
1
1
1
1
1
1
1
1
1
1
1
1
1
1
1
1
1
1
1
1
1
1
1
1
1
1
1
1
1
1
1
1
1
1
1
