# Vetor de dados - syn_f001653-3-Pre--front--vetorlinha.txt
# Total de elementos: 768
# Formato: um valor por linha
#==================================================

1
1
1
1
1
1
1
1
1
1
1
1
1
1
1
1
1
1
1
1
1
1
1
1
1
1
1
1
1
1
1
1
1
1
1
1
1
1
1
1
1
1
1
1
1
1
1
1
1
1
1
1
1
1
1
1
1
1
1
1
1
1
1
1
1
1
1
1
1
1
1
1
1
1
1
1
1
1
1
1
1
1
1
1
1
1
1
1
1
1
1
1
1
1
1
1
1
1
1
1
1
1
1
1
1
1
1
1
1
1
1
1
1
1
1
1
1
1
1
1
1
1
5
20
24
28
32
36
38
40
42
44
46
48
49
50
52
53
54
55
56
57
58
59
59
60
61
61
61
61
62
62
62
62
62
62
62
61
61
61
61
61
65
68
70
70
70
70
70
68
68
68
68
66
66
66
65
64
63
61
60
58
55
52
50
50
49
49
48
48
47
46
45
45
44
45
45
45
45
45
45
45
46
46
46
46
47
47
48
50
53
57
60
64
68
71
75
79
85
167
180
293
306
327
355
366
376
424
438
449
461
474
505
511
516
522
528
533
535
536
525
521
527
532
537
542
547
560
503
509
504
499
493
486
477
462
418
411
408
404
399
392
293
215
204
167
163
161
159
157
156
156
154
154
153
152
151
151
151
150
149
148
146
146
144
144
142
142
141
140
139
138
138
137
136
135
135
133
133
131
131
130
129
128
128
126
126
125
124
123
122
121
121
119
119
119
119
118
118
118
118
118
117
117
117
116
115
115
115
115
115
115
114
114
114
114
113
113
113
113
113
112
111
111
111
111
110
110
110
110
110
110
109
108
108
108
108
107
107
107
106
106
106
106
106
106
107
107
109
109
111
113
113
115
117
118
119
120
122
122
124
124
126
126
126
127
127
128
128
128
129
129
129
129
129
129
129
129
129
129
130
131
131
131
131
133
133
133
133
135
135
135
137
137
137
138
139
139
140
141
141
142
143
143
144
144
145
145
145
146
146
147
147
147
147
148
148
149
149
149
149
149
149
149
149
149
149
149
149
149
149
149
147
148
148
147
148
148
147
147
147
147
147
147
147
147
147
146
146
146
146
145
145
145
145
143
143
143
143
143
142
141
141
140
139
139
138
137
137
136
135
135
134
132
132
130
130
129
128
127
126
125
125
124
123
122
121
121
119
119
118
117
116
116
115
114
114
113
112
112
112
111
111
110
110
110
109
109
109
109
109
109
108
107
107
107
107
107
107
107
107
107
107
107
107
107
107
109
109
109
110
111
111
112
113
113
114
115
115
116
117
117
118
119
119
120
120
121
121
122
122
122
123
123
124
124
124
124
125
125
125
125
125
125
124
124
124
123
123
123
123
123
123
122
121
121
121
121
119
119
119
119
117
117
117
117
115
115
115
113
113
113
111
111
111
109
109
109
108
107
107
106
105
105
105
104
103
103
103
101
101
101
101
100
99
99
99
98
97
97
97
97
97
95
95
95
95
95
95
95
95
95
93
93
93
94
95
95
95
95
96
97
97
97
97
97
97
97
97
97
98
98
99
99
100
101
101
101
102
103
105
105
107
109
109
111
111
112
113
113
115
115
115
115
115
114
114
113
113
112
111
110
107
105
105
103
97
95
1
1
1
1
1
1
1
1
1
1
1
1
1
1
1
1
1
1
1
1
1
1
1
1
1
1
1
1
1
1
1
1
1
1
1
1
1
1
1
1
1
1
1
1
1
1
1
1
1
1
1
1
1
1
1
1
1
1
1
1
