# Vetor de dados - syn_f002668-0-Pre--left--vetorlinha.txt
# Total de elementos: 768
# Formato: um valor por linha
#==================================================

1
1
1
1
1
1
1
1
1
1
1
1
1
1
1
1
1
1
1
1
1
1
1
1
1
1
1
1
1
1
1
1
1
1
1
1
1
1
1
1
1
1
1
1
1
1
1
1
1
1
1
1
1
1
1
1
1
1
1
1
1
1
1
1
1
1
1
1
1
1
1
1
1
1
1
1
1
1
1
1
1
1
1
1
1
1
1
1
1
1
1
1
1
1
1
1
1
1
1
1
1
1
1
1
1
1
1
1
1
1
1
1
1
1
1
1
1
1
1
1
1
1
1
1
1
1
1
1
1
1
1
1
1
1
1
1
1
1
1
1
1
1
14
25
31
36
40
44
47
49
52
54
56
58
60
62
64
65
66
66
68
68
70
70
71
72
73
73
73
73
73
73
73
73
73
74
74
74
75
75
76
76
77
78
79
79
80
80
81
80
80
79
78
75
73
72
71
70
69
69
68
66
66
66
65
65
64
64
65
64
64
64
64
65
64
63
62
61
60
58
56
56
55
55
53
53
53
53
52
53
53
53
54
54
55
55
159
167
176
210
218
227
240
258
280
282
281
282
281
281
278
277
275
267
268
266
249
246
237
202
199
195
192
187
182
175
166
156
151
144
138
131
120
113
109
105
100
96
95
97
97
98
99
100
100
101
101
102
102
103
103
103
104
104
104
104
104
105
105
105
104
104
104
103
103
102
102
101
100
99
98
97
95
95
95
96
95
96
96
96
96
97
96
96
97
96
97
96
96
96
96
97
96
96
97
97
97
98
98
97
98
98
98
99
99
99
100
100
99
100
100
99
99
100
99
99
99
99
99
98
99
99
99
100
100
100
100
100
100
100
100
100
101
101
101
102
102
103
103
103
103
103
103
104
104
105
105
104
104
105
105
105
105
105
105
105
105
105
105
105
105
104
104
104
103
103
102
102
101
101
100
100
99
98
98
97
96
95
94
93
92
91
90
89
87
85
85
83
83
83
83
83
81
81
80
80
79
79
79
78
78
78
77
77
76
76
77
76
76
75
75
74
74
73
73
73
73
72
72
72
72
71
71
71
71
71
70
70
70
70
70
69
69
69
69
69
69
68
68
68
68
68
68
67
67
67
67
66
66
66
66
65
65
65
65
64
64
64
63
63
63
62
62
61
61
60
59
59
58
58
57
57
56
56
55
55
55
53
53
53
53
52
53
53
53
53
53
53
54
54
53
54
54
54
55
55
55
56
55
55
56
55
55
55
55
54
55
54
53
52
53
52
51
51
50
50
49
48
47
47
47
47
47
46
46
46
46
46
46
45
46
46
46
46
47
47
47
47
47
46
47
47
47
47
47
47
47
47
47
46
46
46
46
46
46
46
45
44
44
44
44
44
42
42
42
42
42
40
40
40
40
40
38
38
38
38
37
37
37
37
37
36
36
36
36
36
36
35
35
35
36
36
36
37
37
38
38
39
40
40
42
44
46
48
50
53
55
58
67
71
73
74
76
79
81
82
84
85
86
86
85
85
86
76
51
55
59
63
68
72
74
78
82
84
85
88
90
89
89
89
88
85
85
83
78
64
56
50
45
38
35
21
1
1
1
1
1
1
1
1
1
1
1
1
1
1
1
1
1
1
1
1
1
1
1
1
1
1
1
1
1
1
1
1
1
1
1
1
1
1
1
1
1
1
1
1
1
1
1
1
1
1
1
1
1
1
1
1
1
1
1
1
1
1
1
1
1
1
1
1
1
1
1
1
1
1
1
1
