# Vetor de dados - syn_f001175-1-Pre--left--vetorlinha.txt
# Total de elementos: 768
# Formato: um valor por linha
#==================================================

1
1
1
1
1
1
1
1
1
1
1
1
1
1
1
1
1
1
1
1
1
1
1
1
1
1
1
1
1
1
1
1
1
1
1
1
1
1
1
1
1
1
1
1
1
1
1
1
1
1
1
1
1
1
1
1
1
1
1
1
1
1
1
1
1
1
1
1
1
1
1
1
1
1
1
1
1
1
1
1
1
1
1
1
1
1
1
1
1
1
1
1
1
1
1
16
25
32
36
41
44
46
49
52
54
57
59
60
62
63
65
67
67
69
69
70
71
71
72
73
74
74
74
74
75
75
75
75
75
76
77
77
77
78
79
78
79
79
80
81
80
81
81
82
82
81
81
79
77
75
74
73
72
71
71
70
69
68
67
66
65
65
64
64
62
61
61
61
61
61
61
61
61
61
61
60
59
57
53
49
48
47
48
48
49
50
50
51
52
52
53
54
54
54
54
55
56
55
56
57
56
166
185
242
251
264
272
296
311
311
312
311
311
309
306
306
298
296
296
292
276
275
224
219
213
208
203
199
196
191
187
180
173
168
162
115
110
104
97
89
87
88
89
89
90
92
94
95
95
94
95
94
94
94
94
94
94
94
94
94
94
95
94
94
94
93
94
94
93
93
93
93
92
92
92
90
90
90
89
88
87
86
85
85
85
84
85
85
85
85
86
85
86
86
86
86
86
86
86
86
86
86
86
85
85
85
85
86
85
85
85
85
85
85
85
85
85
85
84
84
84
84
84
84
84
84
84
85
85
85
85
86
87
88
89
91
92
93
95
95
96
96
97
98
98
99
99
100
100
101
101
102
103
103
104
104
104
105
105
106
106
106
106
107
107
107
107
108
108
108
109
109
108
108
108
109
109
109
108
109
109
109
108
108
108
108
108
108
108
107
107
107
106
106
106
105
105
104
104
104
103
103
102
101
101
101
101
101
100
100
100
99
99
99
99
98
98
97
97
96
96
95
94
94
93
92
91
90
89
88
86
85
84
83
82
82
81
81
80
80
79
78
77
77
77
77
77
77
77
75
75
75
75
75
75
74
74
74
74
74
73
73
73
73
73
72
72
72
72
71
71
71
71
71
70
70
70
70
69
69
69
69
69
68
68
68
68
68
67
67
67
67
66
65
66
65
65
64
64
64
63
63
63
63
62
62
62
62
61
61
61
61
59
59
59
58
58
58
57
57
57
57
57
56
55
55
55
55
55
54
54
54
54
54
54
53
54
54
54
54
53
53
53
52
53
53
52
52
52
52
52
52
52
52
52
52
52
52
52
51
52
52
51
52
52
51
52
51
51
51
50
50
49
50
49
49
49
49
48
48
49
48
48
48
48
47
47
47
46
46
46
46
46
46
45
45
46
46
46
46
46
45
45
46
46
46
46
46
46
46
45
45
45
45
45
45
45
45
45
45
44
43
43
43
43
43
43
43
41
41
41
41
41
41
40
40
39
39
39
39
39
38
38
38
37
37
37
36
36
36
36
36
36
36
36
36
36
34
34
35
35
35
36
36
36
36
37
37
37
38
39
39
40
41
41
42
45
46
47
49
52
54
57
59
61
63
66
70
74
76
79
81
83
84
85
88
88
88
87
87
88
81
71
45
48
49
51
53
56
58
61
65
67
71
76
79
82
85
87
88
90
94
95
94
93
92
89
87
85
81
69
59
50
42
38
34
1
1
1
1
1
1
1
1
1
1
1
1
1
1
1
1
1
1
1
1
1
1
1
1
1
1
1
1
1
1
1
1
