# Vetor de dados - syn_f002414-2-Pre--front--vetorlinha.txt
# Total de elementos: 768
# Formato: um valor por linha
#==================================================

1
1
1
1
1
1
1
1
1
1
1
1
1
1
1
1
1
1
1
1
1
1
1
1
1
1
1
1
1
1
1
1
1
1
1
1
1
1
1
1
1
1
1
1
1
1
1
1
1
1
1
1
1
1
1
1
1
1
1
1
1
1
1
1
1
1
1
1
1
1
1
1
1
1
1
1
1
1
1
1
1
1
1
1
1
1
1
1
1
1
1
12
22
26
30
34
38
40
42
43
45
47
50
50
52
52
54
55
56
57
58
59
60
60
61
62
62
62
63
63
63
63
64
63
63
63
63
63
63
63
62
62
62
67
70
70
71
71
71
70
70
70
69
68
68
68
67
66
65
64
63
61
61
58
55
52
51
51
50
49
49
49
47
47
47
46
46
45
45
44
44
44
44
44
44
44
44
44
44
44
45
45
45
45
45
46
47
48
51
53
57
60
64
66
71
76
268
290
301
343
358
403
406
408
412
416
419
422
422
419
419
425
431
482
488
494
498
502
449
448
448
448
449
449
448
449
450
449
448
443
407
404
402
390
377
381
385
389
399
400
399
398
397
396
394
370
372
371
155
154
153
152
151
150
149
149
147
146
144
144
142
140
140
138
137
136
135
134
133
133
132
131
130
130
129
129
129
128
127
127
127
125
125
125
123
122
121
120
118
118
116
115
114
113
114
114
114
114
114
114
114
114
114
114
114
114
113
113
112
112
112
112
111
111
111
110
110
110
109
109
109
108
107
107
107
107
107
105
105
105
103
103
102
102
102
100
100
99
99
99
99
100
101
102
103
104
106
108
108
110
112
112
114
114
116
117
118
118
120
120
121
122
123
123
125
125
126
127
127
128
129
129
130
130
131
132
132
132
133
133
133
133
134
135
135
135
135
135
135
135
136
136
137
137
137
137
137
137
137
137
137
137
138
139
139
139
139
139
139
141
141
141
141
143
143
143
144
145
145
145
146
147
147
147
147
147
148
148
149
149
149
149
150
150
151
151
151
151
151
151
151
151
151
151
151
151
151
151
151
151
151
151
151
150
150
150
150
150
149
149
149
149
148
148
148
148
148
148
146
146
146
145
144
144
144
143
142
142
142
140
140
140
139
138
138
138
137
137
136
135
135
135
134
134
133
132
132
132
131
130
130
130
130
128
128
128
127
126
126
126
125
125
124
124
124
123
122
122
122
121
120
120
120
119
119
118
118
117
117
117
117
117
116
115
115
115
115
115
115
115
115
115
115
115
115
115
115
114
114
114
113
113
113
113
113
113
113
114
114
114
114
114
114
114
114
116
116
116
116
116
116
116
117
117
117
118
118
118
118
119
119
120
120
120
120
120
120
120
121
121
121
121
121
122
122
122
122
122
122
121
121
121
121
121
121
120
120
120
120
120
119
119
118
118
118
118
117
117
116
116
116
115
115
115
114
114
114
113
112
112
112
112
111
110
110
110
110
108
108
108
108
107
107
106
106
106
105
105
105
104
104
103
103
103
103
102
101
101
101
101
100
100
99
99
99
99
98
98
97
97
97
96
96
96
96
96
96
96
96
95
95
95
95
95
96
96
96
96
96
96
96
96
97
97
97
97
98
99
99
100
101
102
102
104
104
106
107
108
110
111
112
113
113
113
113
114
115
115
115
114
114
113
113
114
114
113
113
113
110
110
107
104
102
100
44
41
40
1
1
1
1
1
1
1
1
1
1
1
1
1
1
1
1
1
1
1
1
1
1
1
1
1
1
1
1
1
1
1
