# Vetor de dados - syn_f003098-3-Pre--front--vetorcoluna.txt
# Total de elementos: 1024
# Formato: um valor por linha
#==================================================

1
1
1
1
1
1
1
1
1
1
1
1
1
1
1
1
1
1
1
1
1
1
1
1
1
1
1
1
1
1
1
1
1
1
1
1
1
1
1
1
1
1
1
1
1
1
1
1
1
1
1
1
1
1
1
1
1
1
1
1
1
1
1
1
1
1
1
1
1
1
1
1
1
1
1
1
1
1
1
1
1
1
1
1
1
1
1
1
1
1
1
1
1
1
1
1
1
1
1
1
1
1
1
1
1
1
1
1
1
1
1
1
1
1
1
1
1
1
1
1
1
1
1
1
1
1
1
1
1
1
1
1
1
1
1
1
1
1
1
1
1
1
1
1
1
1
1
1
1
1
1
1
1
1
1
1
1
1
1
1
1
1
1
1
1
1
1
1
1
1
1
1
1
1
1
1
1
1
1
1
1
1
1
1
1
1
1
1
1
1
1
1
1
1
1
1
1
1
1
1
1
1
1
1
1
1
1
1
1
1
1
1
1
1
1
1
1
1
1
1
1
1
1
1
1
1
1
1
1
1
31
31
31
31
31
31
31
31
31
31
31
32
32
32
1
32
32
32
32
33
33
33
33
33
34
34
34
34
34
35
35
35
35
35
36
1
1
1
1
1
1
1
1
1
1
1
1
1
1
39
39
39
39
39
39
39
39
40
40
40
40
40
40
40
41
41
41
41
41
41
41
41
42
42
42
42
42
42
42
42
42
42
43
43
43
43
43
43
43
44
44
44
44
44
44
44
44
44
44
44
44
44
44
44
44
44
44
44
44
44
44
44
44
44
44
44
44
44
44
44
44
44
43
43
43
43
43
43
43
42
42
42
42
42
42
42
41
41
41
41
41
41
41
41
42
42
42
42
42
42
42
43
43
43
43
43
43
44
44
44
44
44
44
44
44
44
44
44
44
44
44
44
44
44
44
44
44
44
44
44
44
44
44
44
44
44
44
44
44
44
45
45
45
45
45
45
46
46
47
47
47
48
48
49
49
50
50
50
52
55
65
68
71
73
73
292
295
298
301
303
306
309
313
410
413
416
419
422
425
428
430
432
436
439
513
514
515
515
515
515
516
517
517
518
519
519
519
519
520
522
523
525
525
526
526
527
527
526
525
593
531
527
524
520
517
513
510
507
503
497
454
448
445
443
440
438
436
433
429
424
390
383
387
402
414
429
433
436
438
441
444
447
449
454
492
498
504
507
512
515
517
520
524
528
600
600
600
525
526
524
524
523
523
521
520
519
519
520
519
518
518
517
515
516
516
516
516
514
514
515
439
436
432
428
425
421
417
414
412
409
325
314
308
305
302
298
76
74
72
70
67
65
62
55
49
52
51
51
50
50
49
49
48
48
47
46
46
46
46
46
45
45
45
44
44
44
44
44
44
44
44
44
44
44
44
44
44
44
44
44
44
44
44
44
44
44
44
44
44
44
44
43
43
43
43
43
42
43
43
43
43
42
42
42
42
42
42
42
42
41
41
41
41
41
41
41
41
41
41
41
41
41
42
42
42
42
42
43
43
43
42
42
43
43
43
43
43
42
42
42
42
42
42
41
40
40
40
40
40
40
39
39
39
39
39
38
38
38
37
37
37
37
37
36
36
36
36
36
36
36
35
35
35
35
35
34
34
34
34
34
33
33
33
33
33
32
32
32
32
32
32
31
31
31
31
31
31
31
30
30
30
30
30
30
30
30
29
29
29
29
29
29
29
29
29
29
28
28
28
27
27
27
26
26
26
25
25
25
25
24
24
24
24
23
23
23
23
23
22
22
22
22
22
22
21
21
21
21
22
21
21
21
21
20
20
20
20
1
1
1
1
1
1
1
1
1
1
1
1
1
1
1
1
1
1
1
1
1
1
1
1
1
1
1
1
1
1
1
1
1
1
1
1
1
1
1
1
1
1
1
1
1
1
1
1
1
1
1
1
1
1
1
1
1
1
1
1
1
1
1
1
1
1
1
1
1
1
1
1
1
1
1
1
1
1
1
1
1
1
1
1
1
1
1
1
1
1
1
1
1
1
1
1
1
1
1
1
1
1
1
1
1
1
1
1
1
1
1
1
1
1
1
1
1
1
1
1
1
1
1
1
1
1
1
1
1
1
1
1
1
1
1
1
1
1
1
1
1
1
1
1
1
1
1
1
1
1
1
1
1
1
1
1
1
1
1
1
1
1
1
1
1
1
1
1
1
1
1
1
1
1
1
1
1
1
1
1
1
1
1
1
1
1
1
1
1
1
1
1
1
1
1
1
1
1
1
1
1
1
1
1
1
1
1
1
1
1
1
1
1
1
1
1
1
1
1
1
1
1
1
1
1
1
1
