# Vetor de dados - syn_f000793-3-Pre--front--vetorlinha.txt
# Total de elementos: 768
# Formato: um valor por linha
#==================================================

1
1
1
1
1
1
1
1
1
1
1
1
1
1
1
1
1
1
1
1
1
1
1
1
1
1
1
1
1
1
1
1
1
1
1
1
1
1
1
1
1
1
1
1
1
1
1
1
1
1
1
1
1
1
1
1
1
1
1
1
1
1
1
1
1
1
1
1
1
1
1
1
1
1
1
1
1
1
1
1
1
1
1
1
1
1
1
1
1
1
1
1
1
1
1
1
1
1
1
1
1
1
1
1
1
1
1
1
1
1
1
1
1
1
1
1
1
1
1
1
1
1
1
1
1
1
1
1
1
1
12
22
26
30
33
36
38
40
42
44
46
47
48
49
51
52
53
54
55
56
56
57
58
58
59
59
60
60
60
60
60
60
60
60
60
60
59
58
58
59
64
66
67
67
67
67
67
66
65
65
64
64
63
63
62
60
59
57
57
53
48
47
47
47
46
45
45
43
43
42
42
42
42
42
42
42
42
42
42
42
42
42
42
42
42
43
43
44
46
47
50
52
55
58
61
66
71
96
104
145
151
158
164
171
346
358
367
379
392
403
416
431
440
450
459
469
480
491
504
531
558
559
559
557
557
556
551
514
513
515
515
515
514
373
359
339
160
152
148
145
143
141
141
140
139
139
138
138
137
137
136
135
134
132
130
130
128
127
127
125
125
125
124
123
122
122
120
119
118
117
116
115
115
114
113
112
112
110
110
108
107
105
105
103
103
103
103
104
103
103
102
102
102
101
101
101
99
99
99
98
97
97
97
95
95
94
93
93
91
91
90
89
88
87
86
86
85
84
84
82
82
82
83
84
84
85
87
87
89
89
91
93
94
95
96
98
99
101
102
103
105
106
107
108
109
110
111
112
112
114
114
115
116
116
116
117
117
117
118
118
118
118
118
119
119
119
120
120
120
120
120
120
120
121
121
122
122
122
122
123
123
124
124
124
125
126
126
127
128
129
129
130
131
131
132
133
133
133
134
135
135
135
135
136
137
137
137
137
139
139
139
139
139
139
139
140
140
140
140
140
140
140
141
141
141
141
141
141
141
141
140
140
140
140
140
140
140
140
140
140
140
138
138
138
138
138
137
136
136
136
135
135
133
133
132
131
130
129
128
128
126
126
125
124
124
123
122
122
120
119
119
117
117
115
114
113
112
111
111
109
109
107
107
107
105
105
105
104
103
103
103
103
103
101
101
101
101
101
101
101
101
101
101
101
101
101
101
100
99
99
99
99
99
99
99
100
100
101
101
101
102
102
102
103
104
104
105
106
106
107
107
108
108
109
109
110
110
111
111
112
112
113
113
113
114
114
114
114
114
114
115
115
115
115
114
114
114
114
114
114
114
114
113
113
112
112
112
112
111
111
110
110
110
110
109
108
108
108
106
106
106
106
104
104
104
104
102
102
102
101
100
100
100
99
98
98
98
98
97
96
96
96
96
96
94
94
94
94
92
92
92
92
91
90
90
90
90
90
88
88
88
88
88
88
89
89
89
89
89
89
87
87
87
87
87
88
88
89
90
90
91
92
93
94
96
98
100
102
103
103
105
105
106
107
107
109
109
107
107
106
106
105
104
103
98
96
93
88
83
36
32
1
1
1
1
1
1
1
1
1
1
1
1
1
1
1
1
1
1
1
1
1
1
1
1
1
1
1
1
1
1
1
1
1
1
1
1
1
1
1
1
1
1
1
1
1
1
1
1
1
1
1
1
1
1
1
1
1
1
1
1
1
1
1
1
1
1
1
