# Vetor de dados - syn_f004848-0-Pre--front--vetorcoluna.txt
# Total de elementos: 1024
# Formato: um valor por linha
#==================================================

1
1
1
1
1
1
1
1
1
1
1
1
1
1
1
1
1
1
1
1
1
1
1
1
1
1
1
1
1
1
1
1
1
1
1
1
1
1
1
1
1
1
1
1
1
1
1
1
1
1
1
1
1
1
1
1
1
1
1
1
1
1
1
1
1
1
1
1
1
1
1
1
1
1
1
1
1
1
1
1
1
1
1
1
1
1
1
1
1
1
1
1
1
1
1
1
1
1
1
1
1
1
1
1
1
1
1
1
1
1
1
1
1
1
1
1
1
1
1
1
1
1
1
1
1
1
1
1
1
1
1
1
1
1
1
1
1
1
1
1
1
1
1
1
1
1
1
1
1
1
1
1
1
1
1
1
1
1
1
1
1
1
1
1
1
1
1
1
1
1
1
1
1
1
1
1
1
1
1
1
1
1
1
1
1
1
1
1
1
1
1
1
1
1
1
1
1
1
1
1
1
1
1
1
1
1
1
1
1
1
1
1
10
10
10
12
12
12
12
12
12
12
12
12
12
12
12
12
12
12
12
12
16
19
20
21
21
21
21
21
21
21
21
21
21
21
21
20
19
21
21
21
21
21
22
22
22
22
23
22
22
22
23
23
22
23
23
22
22
22
21
21
21
21
21
21
22
22
22
22
22
22
22
22
23
23
23
23
23
23
23
23
23
23
23
23
23
23
24
24
24
24
25
25
25
25
26
26
27
27
27
28
28
28
29
29
30
30
30
30
31
32
32
32
32
32
32
34
34
34
34
34
34
34
34
35
35
36
36
36
36
36
37
37
37
37
37
37
37
37
38
38
38
37
37
37
37
37
37
37
37
37
36
36
35
35
35
35
35
36
36
36
36
36
36
36
36
36
36
36
36
36
36
36
36
36
36
36
36
36
37
37
37
37
37
37
37
37
37
37
37
37
37
37
38
38
38
38
38
38
39
39
39
39
40
39
39
39
40
40
40
41
41
41
42
42
42
42
42
42
43
43
43
44
44
44
46
47
47
49
50
52
53
55
57
59
60
61
62
64
66
68
66
308
314
321
337
397
404
409
414
419
424
428
433
437
515
516
518
518
517
517
518
519
519
519
519
519
518
518
519
520
521
522
522
523
523
523
522
573
562
529
523
519
515
512
508
503
499
491
477
466
460
456
454
450
447
445
441
401
393
388
383
384
389
393
402
412
439
443
445
447
450
453
456
460
479
494
499
505
508
511
515
518
522
525
444
473
476
514
517
518
519
519
518
518
518
516
515
514
515
515
516
515
514
513
513
514
514
513
433
428
425
420
416
411
406
400
393
337
323
313
305
296
66
65
63
62
61
60
59
58
56
55
53
52
50
49
48
46
46
44
44
43
43
43
43
42
41
41
41
41
40
40
40
40
39
39
39
39
39
38
39
39
39
39
38
38
38
38
38
38
38
37
37
37
37
37
37
36
36
36
36
36
36
36
36
36
36
36
36
36
35
35
35
35
35
36
36
36
36
36
36
36
36
36
36
36
36
37
37
37
37
37
37
37
37
37
38
38
38
38
38
38
38
38
38
37
37
37
37
36
36
36
36
36
36
36
36
36
35
34
34
34
34
34
34
34
33
32
32
32
32
32
32
31
31
30
30
30
30
30
30
30
29
29
29
29
29
29
29
29
29
28
28
28
28
28
28
28
28
28
28
28
28
28
28
28
28
28
28
28
28
28
28
28
28
27
27
27
27
27
27
27
27
26
26
26
25
25
25
25
24
24
24
24
24
23
23
23
23
23
22
22
22
22
22
22
22
22
21
21
21
21
21
21
20
20
20
20
20
20
20
20
1
1
1
1
1
1
1
1
1
1
1
1
1
1
1
1
1
1
1
1
1
1
1
1
1
1
1
1
1
1
1
1
1
1
1
1
1
1
1
1
1
1
1
1
1
1
1
1
1
1
1
1
1
1
1
1
1
1
1
1
1
1
1
1
1
1
1
1
1
1
1
1
1
1
1
1
1
1
1
1
1
1
1
1
1
1
1
1
1
1
1
1
1
1
1
1
1
1
1
1
1
1
1
1
1
1
1
1
1
1
1
1
1
1
1
1
1
1
1
1
1
1
1
1
1
1
1
1
1
1
1
1
1
1
1
1
1
1
1
1
1
1
1
1
1
1
1
1
1
1
1
1
1
1
1
1
1
1
1
1
1
1
1
1
1
1
1
1
1
1
1
1
1
1
1
1
1
1
1
1
1
1
1
1
1
1
1
1
1
1
1
1
1
1
1
1
1
1
1
1
1
1
1
1
1
1
1
1
1
1
1
1
1
1
1
1
1
1
1
1
1
1
1
1
1
1
1
1
1
1
