# Vetor de dados - syn_f000581-2-Pre--front--vetorlinha.txt
# Total de elementos: 768
# Formato: um valor por linha
#==================================================

1
1
1
1
1
1
1
1
1
1
1
1
1
1
1
1
1
1
1
1
1
1
1
1
1
1
1
1
1
1
1
1
1
1
1
1
1
1
1
1
1
1
1
1
1
1
1
1
1
1
1
1
1
1
1
1
1
1
1
1
1
1
1
1
1
1
1
1
1
1
1
1
1
1
1
1
1
1
1
1
1
1
1
1
1
1
1
1
1
1
1
1
1
1
1
1
1
1
1
1
1
1
1
1
1
1
1
1
1
1
1
1
1
1
1
1
1
1
1
1
8
21
25
29
33
36
38
40
42
44
46
47
49
50
51
53
53
55
55
57
57
57
59
59
59
59
61
61
61
61
61
61
61
61
61
59
59
59
59
63
67
68
68
68
68
67
67
66
66
65
65
64
63
63
61
59
59
57
54
50
49
49
49
49
47
47
47
47
45
45
44
44
44
44
44
44
44
44
44
43
43
44
44
45
46
47
49
51
56
61
65
69
87
101
111
119
148
158
167
178
192
363
383
395
405
418
434
453
467
483
491
502
513
524
542
559
584
592
602
602
602
600
597
576
571
553
556
557
557
468
459
364
347
297
225
191
169
162
157
154
153
150
149
148
148
146
145
145
144
144
143
142
141
140
138
137
135
133
131
130
128
128
126
125
124
123
123
121
120
119
118
117
117
115
115
113
113
111
110
109
107
107
106
106
105
105
105
105
105
105
105
105
105
105
105
105
104
104
104
103
103
103
102
102
102
102
101
101
101
101
101
101
101
100
100
100
99
99
99
99
99
99
99
101
101
102
102
103
104
104
104
106
106
108
109
110
112
114
114
116
117
119
119
121
121
123
123
124
125
125
125
126
127
127
127
127
127
127
127
128
128
129
129
129
129
129
129
129
130
131
131
131
131
131
132
133
133
133
133
134
134
135
136
136
136
138
138
138
138
140
140
140
141
141
141
142
142
142
142
142
142
142
144
144
144
144
143
142
142
142
142
142
142
142
141
141
141
141
141
140
139
139
139
139
139
138
138
137
137
137
136
136
136
136
135
134
134
134
132
132
132
132
130
130
130
130
128
128
128
126
126
126
126
124
124
124
123
122
122
121
121
120
119
119
118
117
117
116
115
115
115
113
113
113
113
113
111
111
111
111
111
111
111
110
109
109
109
109
109
109
109
109
109
108
108
107
107
107
107
107
107
107
107
107
107
108
108
107
107
107
107
107
107
107
107
107
107
106
106
106
107
107
107
107
107
107
107
107
108
108
108
109
109
109
109
109
109
110
111
111
111
111
111
112
113
113
113
113
113
113
113
113
113
113
113
113
113
113
113
113
113
113
113
113
113
112
112
111
111
111
111
109
109
109
109
109
108
107
107
107
107
105
105
105
105
104
103
103
103
102
101
101
101
100
99
99
99
99
97
97
97
97
95
95
95
95
94
93
93
92
92
92
92
91
90
90
90
90
90
89
89
89
89
89
89
89
89
89
89
89
89
89
90
90
91
91
91
91
91
91
91
91
92
92
93
93
92
92
93
94
94
94
95
96
96
96
97
98
99
99
101
101
103
103
103
105
106
107
107
108
109
109
109
110
110
110
110
110
111
110
109
107
107
106
103
100
48
47
45
44
1
1
1
1
1
1
1
1
1
1
1
1
1
1
1
1
1
1
1
1
1
1
1
1
1
1
1
1
1
1
1
1
1
1
1
1
1
1
1
1
1
1
1
1
1
1
1
1
1
1
1
1
1
1
1
1
1
1
