# Vetor de dados - syn_f003379-3-Pre--left--vetorlinha.txt
# Total de elementos: 768
# Formato: um valor por linha
#==================================================

1
1
1
1
1
1
1
1
1
1
1
1
1
1
1
1
1
1
1
1
1
1
1
1
1
1
1
1
1
1
1
1
1
1
1
1
1
1
1
1
1
1
1
1
1
1
1
1
1
1
1
1
1
1
1
1
1
1
1
1
1
1
1
1
1
1
1
1
1
1
1
1
1
1
1
1
1
1
1
1
1
1
1
1
1
1
1
1
1
1
1
1
1
1
1
1
1
1
1
1
1
1
1
1
1
1
1
1
1
1
1
1
1
1
1
1
1
1
1
1
1
1
22
30
35
40
44
48
51
53
55
57
59
61
63
66
68
68
70
70
72
72
74
74
76
76
77
77
78
78
78
78
78
78
78
78
78
78
78
78
78
79
79
79
80
81
81
82
82
83
84
83
84
83
83
81
80
77
76
74
75
74
73
73
72
72
71
72
71
71
70
70
71
71
71
71
72
72
71
70
68
68
66
65
63
63
61
60
60
59
59
59
60
59
60
59
64
71
84
96
102
109
115
132
153
163
169
175
181
185
189
194
199
206
216
223
229
234
237
241
244
247
251
254
260
265
269
273
278
286
293
298
306
314
314
315
314
313
312
309
306
297
295
217
213
209
204
199
191
175
121
115
113
114
114
115
116
116
116
116
116
116
116
116
115
115
115
115
114
114
114
114
113
113
112
111
111
109
108
107
107
106
107
106
107
108
109
109
109
110
110
110
110
110
110
111
110
110
111
111
110
110
110
109
110
109
109
108
108
108
107
107
107
107
107
107
107
107
106
105
105
105
105
105
105
105
105
104
103
103
103
102
103
104
105
106
107
108
110
111
113
114
115
116
116
118
118
120
121
122
123
123
124
125
126
126
127
127
128
128
129
129
129
129
131
131
131
131
132
132
132
132
132
131
131
131
131
131
131
130
130
129
129
128
128
127
127
126
125
124
123
123
122
121
121
119
118
118
117
116
114
114
113
111
110
107
107
107
107
106
105
105
104
103
102
101
100
99
98
99
98
98
97
96
96
95
95
95
95
95
95
95
95
95
95
95
95
95
95
95
96
96
96
95
95
95
95
95
95
95
95
95
95
95
95
94
94
94
94
93
93
93
92
91
91
91
91
90
90
90
90
88
88
88
88
87
87
86
86
85
85
85
85
85
83
83
82
82
82
81
80
79
79
78
78
77
76
75
74
74
73
72
71
71
70
69
68
68
67
66
65
65
65
64
64
63
63
63
62
63
63
64
63
64
64
65
64
65
65
65
65
65
64
65
64
63
64
63
63
63
62
62
62
62
61
60
60
59
58
59
58
58
58
57
57
57
57
57
57
56
57
57
57
58
58
58
58
58
58
58
59
58
58
58
58
58
58
58
58
57
57
57
57
57
57
56
56
55
55
55
55
54
54
53
53
53
53
51
51
51
51
50
50
49
48
48
48
48
47
46
46
45
45
45
44
43
43
43
42
42
42
42
41
41
41
41
41
40
40
40
40
40
40
39
39
40
41
42
44
46
47
51
55
66
70
72
74
76
78
81
82
84
86
87
86
86
86
84
85
85
84
47
50
53
57
60
64
67
72
75
77
80
83
85
88
90
90
89
88
86
84
83
82
76
70
63
56
49
40
33
1
1
1
1
1
1
1
1
1
1
1
1
1
1
1
1
1
1
1
1
1
1
1
1
1
1
1
1
1
1
1
1
1
1
1
1
1
1
1
1
1
1
1
1
1
1
1
1
1
1
1
1
1
1
1
1
1
1
