# Vetor de dados - syn_f001718-1-Pre--front--vetorcoluna.txt
# Total de elementos: 1024
# Formato: um valor por linha
#==================================================

1
1
1
1
1
1
1
1
1
1
1
1
1
1
1
1
1
1
1
1
1
1
1
1
1
1
1
1
1
1
1
1
1
1
1
1
1
1
1
1
1
1
1
1
1
1
1
1
1
1
1
1
1
1
1
1
1
1
1
1
1
1
1
1
1
1
1
1
1
1
1
1
1
1
1
1
1
1
1
1
1
1
1
1
1
1
1
1
1
1
1
1
1
1
1
1
1
1
1
1
1
1
1
1
1
1
1
1
1
1
1
1
1
1
1
1
1
1
1
1
1
1
1
1
1
1
1
1
1
1
1
1
1
1
1
1
1
1
1
1
1
1
1
1
1
1
1
1
1
1
1
1
1
1
1
1
1
1
1
1
1
1
1
1
1
1
1
1
1
1
1
1
1
1
1
1
1
1
1
1
1
1
1
1
1
1
1
1
1
1
1
1
1
1
1
1
1
1
1
1
1
1
1
1
1
1
1
1
1
1
1
1
1
1
1
1
1
1
1
1
1
1
1
1
1
1
1
1
1
1
1
1
1
1
1
1
1
1
1
1
1
1
1
1
1
1
18
18
19
19
19
20
20
19
19
19
19
19
18
20
20
19
19
19
19
19
19
19
21
21
21
21
20
21
21
21
21
21
21
22
22
22
22
22
23
23
23
23
23
22
22
22
22
22
22
21
21
21
21
21
21
21
21
21
21
21
21
21
21
21
22
22
22
22
22
22
22
22
22
22
22
23
23
23
23
23
23
23
23
23
23
24
25
25
25
25
25
25
26
26
26
27
27
27
28
28
28
28
28
28
28
28
28
28
28
29
29
29
29
29
29
29
29
28
28
28
28
28
27
27
27
27
27
27
27
26
26
26
26
25
25
25
25
25
24
24
24
25
25
25
25
25
25
25
25
25
26
26
26
26
26
26
26
26
27
27
27
27
27
27
27
27
27
27
27
27
27
27
27
29
29
29
29
29
29
30
30
31
31
31
32
32
33
34
34
34
36
36
37
38
38
40
41
42
44
46
48
50
51
53
54
56
57
58
58
60
60
61
63
63
64
66
66
67
283
287
290
390
395
400
405
410
484
484
483
485
485
485
485
484
484
483
484
485
486
486
487
486
485
557
484
478
473
467
461
456
451
406
402
396
388
379
374
366
335
330
324
319
315
312
307
298
310
313
316
320
324
328
333
338
343
358
371
378
388
393
397
400
447
451
455
461
468
476
484
483
483
482
482
481
480
479
478
479
480
481
480
480
479
479
479
478
477
408
403
398
393
388
383
280
277
273
63
62
61
60
59
59
58
57
56
55
54
53
52
50
48
47
45
42
41
39
37
36
35
35
33
33
32
31
31
31
30
30
30
29
28
28
28
28
28
28
27
26
26
26
26
26
26
26
26
25
25
25
25
25
25
25
25
25
25
25
25
25
25
24
24
24
24
24
24
24
24
24
24
24
24
24
24
24
25
25
25
26
26
26
27
27
27
27
27
27
27
29
29
29
29
29
29
29
29
29
30
30
30
30
30
30
30
30
30
30
30
29
29
29
29
29
29
29
27
27
27
27
27
27
26
26
25
25
25
25
25
24
24
23
23
23
23
23
22
22
22
21
21
21
21
21
19
19
19
19
19
19
19
19
19
18
17
17
17
17
17
17
16
16
16
16
16
16
16
16
16
14
14
14
14
14
14
16
16
16
17
18
20
18
18
19
19
19
20
20
20
19
19
19
19
19
19
19
19
20
18
18
19
19
19
20
20
21
21
19
19
19
19
19
19
18
16
10
10
10
10
10
10
10
9
9
9
9
9
9
9
9
8
8
8
8
8
8
1
1
1
1
1
1
1
1
1
1
1
1
1
1
1
1
1
1
1
1
1
1
1
1
1
1
1
1
1
1
1
1
1
1
1
1
1
1
1
1
1
1
1
1
1
1
1
1
1
1
1
1
1
1
1
1
1
1
1
1
1
1
1
1
1
1
1
1
1
1
1
1
1
1
1
1
1
1
1
1
1
1
1
1
1
1
1
1
1
1
1
1
1
1
1
1
1
1
1
1
1
1
1
1
1
1
1
1
1
1
1
1
1
1
1
1
1
1
1
1
1
1
1
1
1
1
1
1
1
1
1
1
1
1
1
1
1
1
1
1
1
1
1
1
1
1
1
1
1
1
1
1
1
1
1
1
1
1
1
1
1
1
1
1
1
1
1
1
1
1
1
1
1
1
1
1
1
1
1
1
1
1
1
1
1
1
1
1
1
1
1
1
1
1
1
1
1
1
1
1
1
1
1
1
1
1
1
1
1
1
1
1
1
1
1
1
1
1
1
1
1
1
1
1
