# Vetor de dados - syn_f000329-2-Pre--front--vetorlinha.txt
# Total de elementos: 768
# Formato: um valor por linha
#==================================================

1
1
1
1
1
1
1
1
1
1
1
1
1
1
1
1
1
1
1
1
1
1
1
1
1
1
1
1
1
1
1
1
1
1
1
1
1
1
1
1
1
1
1
1
1
1
1
1
1
1
1
1
1
1
1
1
1
1
1
1
1
1
1
1
1
1
1
1
1
1
1
1
1
1
1
1
1
1
1
1
1
1
1
1
1
1
1
1
1
1
1
1
1
1
1
1
1
1
1
1
1
1
1
1
1
1
1
1
1
1
1
1
1
1
1
1
1
1
1
1
1
12
23
27
31
35
39
41
43
45
47
49
51
51
53
54
55
57
58
59
60
60
61
62
63
63
63
63
64
65
65
65
65
65
65
65
65
64
63
63
63
67
71
72
73
73
72
72
72
72
71
70
70
70
68
68
67
66
64
64
63
60
54
54
53
52
52
51
50
49
49
49
48
48
47
47
47
47
47
47
47
47
47
47
47
47
47
48
48
49
51
54
56
60
63
66
69
72
248
269
275
281
289
303
376
381
387
471
476
481
483
485
480
482
486
495
500
503
506
510
514
518
464
468
475
486
483
480
475
471
468
463
453
428
425
410
396
390
385
306
295
283
265
243
189
182
162
155
152
148
147
145
144
143
142
142
141
140
139
138
137
137
135
135
135
133
133
132
131
131
130
128
128
128
126
126
124
124
123
122
122
122
121
120
120
119
118
118
117
116
116
115
115
115
115
115
115
115
115
115
115
114
114
114
114
114
114
114
113
113
113
113
113
113
113
113
113
113
113
112
112
112
112
112
112
112
113
113
113
113
114
114
114
115
115
116
117
118
118
120
120
122
122
123
124
124
125
126
126
126
127
128
128
128
129
129
130
131
131
132
133
133
134
134
135
135
136
136
137
137
137
138
139
139
139
139
139
139
139
139
139
139
138
138
137
137
137
137
137
137
138
138
138
139
139
139
140
140
140
140
141
141
142
142
143
143
143
144
144
145
145
145
146
146
146
147
147
147
147
147
148
149
149
149
149
149
148
147
147
147
147
147
147
146
146
146
146
145
145
145
144
144
143
143
143
142
142
142
141
141
140
140
140
140
138
138
138
138
137
136
136
136
135
135
135
134
133
132
132
131
130
129
129
128
127
127
126
125
124
124
123
122
122
122
122
122
121
120
120
120
119
119
118
118
118
117
117
117
116
116
115
115
115
115
115
114
114
113
113
113
113
113
113
113
113
112
112
112
112
111
111
111
111
110
110
110
110
110
110
110
110
110
110
110
110
110
110
111
112
112
112
112
112
114
114
114
114
114
116
116
116
116
116
117
117
117
117
118
118
118
118
118
118
118
118
118
118
117
117
117
117
117
117
117
117
117
115
115
115
115
115
113
113
113
113
113
111
111
111
111
109
109
109
109
107
107
107
106
105
105
105
104
103
103
103
102
101
101
101
99
99
99
97
97
97
96
95
95
95
95
94
93
93
93
93
93
93
93
93
93
93
93
93
94
94
94
95
95
96
96
95
95
95
95
95
95
95
95
96
96
97
97
98
99
99
99
101
101
103
103
104
105
106
107
108
110
110
111
112
113
113
115
115
115
115
115
116
115
114
111
110
108
105
102
99
94
46
44
39
1
1
1
1
1
1
1
1
1
1
1
1
1
1
1
1
1
1
1
1
1
1
1
1
1
1
1
1
1
1
1
1
1
1
1
1
1
1
1
1
1
1
1
1
1
1
1
1
1
1
1
1
1
1
1
1
1
1
1
