# Vetor de dados - syn_f000788-2-Pre--left--vetorlinha.txt
# Total de elementos: 768
# Formato: um valor por linha
#==================================================

1
1
1
1
1
1
1
1
1
1
1
1
1
1
1
1
1
1
1
1
1
1
1
1
1
1
1
1
1
1
1
1
1
1
1
1
1
1
1
1
1
1
1
1
1
1
1
1
1
1
1
1
1
1
1
1
1
1
1
1
1
1
1
1
1
1
1
1
1
1
1
1
1
1
1
1
1
1
1
1
1
1
1
1
1
1
1
1
1
1
1
1
1
1
1
1
1
1
1
1
1
1
1
1
1
1
1
1
1
1
1
1
1
1
1
8
23
30
35
39
44
46
49
52
54
56
58
60
62
64
66
67
68
69
70
70
72
72
74
74
75
75
76
76
76
76
76
76
76
76
77
77
77
77
78
78
79
79
80
81
81
82
83
84
84
85
85
85
85
84
82
81
78
77
75
74
73
72
71
71
69
68
68
67
67
66
65
65
65
64
64
64
63
63
63
64
63
61
60
58
55
48
47
46
46
45
46
45
46
46
47
48
48
49
50
49
50
51
52
52
52
53
53
53
176
189
217
222
229
238
247
266
287
288
289
288
287
286
283
283
280
272
272
270
253
251
239
203
199
193
188
182
176
168
157
148
115
108
100
93
85
78
79
80
79
80
81
81
82
83
83
84
85
85
86
86
87
87
88
87
88
88
89
89
88
89
89
89
89
88
88
88
88
88
88
88
88
88
88
87
87
87
87
86
84
84
83
81
80
79
77
75
76
77
77
77
77
76
76
76
76
75
75
74
75
74
74
74
73
73
73
73
74
74
74
74
74
75
75
74
74
74
74
74
74
74
75
75
75
75
75
75
76
76
76
76
76
77
77
77
78
79
80
81
82
82
83
83
84
84
86
86
87
88
88
89
89
90
90
91
91
92
92
92
93
93
94
94
95
95
95
96
96
96
97
97
98
98
97
97
97
98
98
98
97
97
97
97
96
96
97
96
96
96
95
94
93
93
92
92
91
90
90
90
90
90
89
89
90
90
89
89
89
88
89
88
88
87
87
87
86
86
85
84
83
82
82
81
81
80
79
79
78
77
77
77
77
77
77
76
76
76
76
76
76
76
76
76
76
75
75
75
75
75
75
74
74
74
74
74
74
73
73
73
73
73
72
72
72
72
71
71
70
70
70
69
69
69
69
67
67
67
67
66
66
65
64
64
64
63
63
63
61
61
61
60
60
59
58
58
57
57
56
56
56
55
55
54
54
54
53
53
53
53
52
53
53
53
53
53
54
53
54
55
55
56
56
57
57
57
57
57
57
57
58
57
57
57
56
56
56
55
55
54
54
54
53
53
52
51
52
51
50
50
49
50
50
50
49
49
49
49
49
49
49
49
50
50
50
50
50
50
50
51
51
51
51
51
51
51
50
50
50
50
50
50
50
50
49
49
49
49
49
49
49
49
48
47
47
47
47
46
46
45
45
45
45
44
43
43
43
43
42
41
41
41
41
40
39
39
39
39
38
38
38
38
38
38
37
37
38
38
38
39
39
38
39
40
40
41
42
43
45
47
49
52
55
58
61
63
64
66
68
72
74
76
79
81
84
87
88
88
87
88
88
85
52
54
58
61
64
67
71
74
77
80
84
88
91
92
93
93
92
91
90
88
89
87
82
63
54
49
45
40
38
34
1
1
1
1
1
1
1
1
1
1
1
1
1
1
1
1
1
1
1
1
1
1
1
1
1
1
1
1
1
1
1
1
1
1
1
1
1
1
1
1
1
1
1
1
1
1
1
1
1
1
1
1
