# Vetor de dados - syn_f004309-3-Pre--front--vetorlinha.txt
# Total de elementos: 768
# Formato: um valor por linha
#==================================================

1
1
1
1
1
1
1
1
1
1
1
1
1
1
1
1
1
1
1
1
1
1
1
1
1
1
1
1
1
1
1
1
1
1
1
1
1
1
1
1
1
1
1
1
1
1
1
1
1
1
1
1
1
1
1
1
1
1
1
1
1
1
1
1
1
1
1
1
1
1
1
1
1
1
1
1
1
1
1
1
1
1
1
1
1
1
1
1
1
1
1
1
1
1
1
1
1
1
1
1
1
1
1
1
1
10
21
25
29
33
37
39
40
42
44
46
48
48
50
50
52
53
54
55
56
56
57
58
58
59
60
60
60
60
60
60
60
60
60
60
60
60
59
59
59
63
66
68
68
68
68
66
66
66
66
64
64
64
62
62
60
58
58
56
53
48
48
46
46
45
45
44
44
44
44
44
44
44
43
42
42
42
42
42
42
42
42
42
42
42
41
42
43
43
44
46
48
51
54
57
59
62
65
73
96
119
260
271
281
409
424
451
461
473
491
514
530
559
563
568
575
592
610
610
607
594
584
585
585
579
565
564
565
492
488
482
475
384
368
350
334
295
285
240
221
177
167
162
157
155
152
150
148
146
145
143
143
142
141
141
139
139
138
138
137
135
134
133
131
129
128
126
126
124
123
121
120
118
117
115
113
111
109
109
107
105
103
103
102
101
101
100
100
100
100
100
100
99
99
99
99
98
98
98
97
97
97
97
95
95
95
95
94
93
93
93
92
92
92
91
90
90
89
89
88
87
86
86
86
86
85
84
84
84
84
84
84
84
84
85
85
86
86
87
87
88
89
90
91
92
93
94
96
97
99
101
102
103
104
106
106
108
108
110
110
112
112
112
113
114
114
115
115
115
115
115
115
116
116
116
116
116
116
116
116
116
116
116
117
117
117
117
118
118
118
118
119
119
119
119
119
121
121
121
122
123
123
124
125
125
126
127
127
128
128
129
130
130
130
130
132
132
132
132
134
134
134
134
134
134
135
136
136
136
136
136
136
136
136
136
136
136
136
136
137
137
137
137
137
137
136
136
136
136
136
136
136
136
136
136
136
135
134
134
134
133
133
133
132
131
131
131
131
130
130
129
129
129
129
129
129
128
127
127
127
127
126
126
125
125
124
124
124
124
122
122
122
121
120
120
119
118
118
117
116
116
115
114
114
113
113
112
112
111
111
110
110
109
109
109
109
108
108
108
108
108
108
108
108
108
108
108
108
108
108
107
107
106
106
106
106
106
106
106
106
106
106
106
106
107
108
108
108
108
108
110
110
110
110
110
112
112
112
112
113
114
114
114
116
116
116
116
118
118
118
118
118
118
119
119
119
120
120
120
120
119
119
119
119
119
119
119
119
119
119
119
118
117
117
117
117
116
115
115
115
114
113
113
113
113
112
111
111
110
110
109
108
108
108
106
106
106
105
104
104
104
103
102
102
102
100
100
100
100
99
98
98
97
97
96
96
95
95
94
94
94
93
93
92
92
92
92
92
91
91
91
91
91
91
91
91
91
91
92
93
93
93
93
94
94
94
94
94
94
94
94
94
94
94
94
96
96
96
98
98
98
99
99
101
101
102
103
105
105
107
108
108
110
110
110
112
112
112
113
114
114
114
113
113
111
111
110
109
109
107
105
104
101
99
97
94
42
1
1
1
1
1
1
1
1
1
1
1
1
1
1
1
1
1
1
1
1
1
1
1
1
1
1
1
1
1
1
1
1
1
1
1
1
1
1
1
1
1
1
1
1
1
1
