# Vetor de dados - syn_f003255-1-Pre--left--vetorlinha.txt
# Total de elementos: 768
# Formato: um valor por linha
#==================================================

1
1
1
1
1
1
1
1
1
1
1
1
1
1
1
1
1
1
1
1
1
1
1
1
1
1
1
1
1
1
1
1
1
1
1
1
1
1
1
1
1
1
1
1
1
1
1
1
1
1
1
1
1
1
1
1
1
1
1
1
1
1
1
1
1
1
1
1
1
1
1
1
1
1
1
1
1
1
1
1
1
1
1
1
1
1
1
1
1
1
1
1
1
1
1
1
1
1
1
1
1
1
1
1
1
1
1
1
1
1
1
1
1
1
1
1
1
1
1
1
1
1
1
1
1
1
1
1
1
1
1
1
1
1
1
1
1
16
25
31
36
41
44
47
49
52
54
56
58
60
62
63
64
65
66
68
68
69
69
71
71
71
72
72
72
73
73
73
73
73
73
73
73
74
73
74
75
76
75
76
77
78
79
79
79
78
78
76
75
73
71
70
69
69
68
68
67
66
65
65
65
65
64
63
62
62
62
62
62
62
63
62
61
60
59
57
52
46
45
45
44
44
44
44
45
45
46
47
47
48
49
49
52
145
152
157
161
166
175
205
208
212
217
223
231
238
251
260
270
271
271
270
268
266
265
257
256
253
238
192
188
182
176
170
163
155
147
139
113
102
94
89
88
89
90
90
91
92
92
93
93
94
94
95
95
95
95
96
96
96
96
96
96
96
95
95
95
94
94
93
93
92
92
91
90
89
88
87
85
84
82
82
83
82
82
82
83
83
83
82
82
83
83
82
82
82
82
81
81
81
80
80
80
79
79
79
78
79
79
79
78
78
78
78
77
77
77
78
78
78
78
79
79
80
80
81
82
82
84
84
84
85
85
85
86
88
88
89
89
90
91
91
92
92
93
93
94
94
95
95
96
96
96
97
96
96
97
96
97
97
97
97
97
96
97
97
96
97
96
96
97
96
96
96
96
96
96
95
96
94
95
95
95
94
94
95
95
95
95
96
96
96
96
95
95
95
96
95
95
95
94
94
94
93
93
93
93
92
92
92
91
90
90
89
89
88
87
88
86
86
85
85
84
84
83
83
83
82
82
82
81
81
80
80
80
80
79
78
78
78
77
77
76
76
75
75
74
74
74
73
73
72
72
72
72
71
71
71
71
71
70
70
70
70
68
68
68
68
67
67
67
66
66
66
65
64
63
63
62
62
62
61
61
60
59
58
58
57
57
56
56
56
55
55
54
54
54
53
53
53
53
53
52
52
53
52
52
52
52
52
52
52
52
52
52
52
52
51
52
51
51
51
51
51
51
51
50
50
49
49
48
48
48
48
47
47
47
47
46
46
46
46
46
47
47
46
46
47
47
47
47
47
46
46
46
47
47
47
46
46
46
45
45
45
45
44
44
44
44
44
43
43
43
42
42
42
41
41
41
40
39
39
39
39
39
38
37
37
37
37
36
36
36
36
36
36
37
36
36
36
36
36
37
37
36
36
37
37
37
38
39
40
40
41
42
45
47
50
52
56
60
65
67
69
72
74
76
79
81
83
85
85
85
86
85
85
85
78
48
50
53
55
59
62
67
69
72
74
77
80
81
84
86
87
87
87
85
84
80
76
67
60
54
47
38
31
1
1
1
1
1
1
1
1
1
1
1
1
1
1
1
1
1
1
1
1
1
1
1
1
1
1
1
1
1
1
1
1
1
1
1
1
1
1
1
1
1
1
1
1
1
1
1
1
1
1
1
1
1
1
1
1
1
1
1
1
1
1
1
1
1
1
1
1
1
1
1
1
