# Vetor de dados - syn_f002143-1-Pre--left--vetorlinha.txt
# Total de elementos: 768
# Formato: um valor por linha
#==================================================

1
1
1
1
1
1
1
1
1
1
1
1
1
1
1
1
1
1
1
1
1
1
1
1
1
1
1
1
1
1
1
1
1
1
1
1
1
1
1
1
1
1
1
1
1
1
1
1
1
1
1
1
1
1
1
1
1
1
1
1
1
1
1
1
1
1
1
1
1
1
1
1
1
1
1
1
1
1
1
1
1
1
1
1
1
1
1
1
1
1
1
1
1
1
1
1
1
1
1
1
1
1
1
1
1
1
1
1
1
1
1
1
1
1
1
1
1
1
1
1
1
1
1
1
8
23
29
35
39
43
46
49
52
54
56
58
60
62
63
65
67
67
69
69
71
71
71
73
73
74
74
75
75
75
75
75
75
75
75
76
76
76
76
76
76
76
77
76
77
77
78
78
79
79
80
79
79
77
76
74
72
70
69
69
69
68
66
65
65
64
63
63
61
61
60
60
60
60
60
60
60
59
58
57
56
54
51
47
45
45
44
43
43
44
43
44
44
43
44
44
45
44
45
44
45
46
45
46
46
47
47
47
48
48
48
49
51
53
56
59
62
67
72
83
103
131
139
146
151
156
161
165
170
174
178
183
188
194
202
210
213
215
218
222
226
231
236
240
244
251
256
260
265
273
273
273
272
270
266
78
78
78
79
78
79
79
78
78
79
79
78
78
78
77
76
76
75
74
74
72
72
71
71
69
68
68
67
67
65
65
65
65
65
64
63
63
63
62
62
61
61
60
60
60
59
58
58
58
57
57
56
56
55
55
54
54
54
54
54
53
52
53
53
53
53
54
54
53
53
55
55
56
56
58
59
60
61
62
63
63
65
65
66
66
66
67
67
68
68
69
70
70
71
71
72
72
73
73
74
74
75
75
76
75
76
76
77
77
78
78
78
79
79
79
80
80
80
80
81
81
81
81
81
81
82
82
81
81
81
81
81
80
81
81
80
80
79
79
79
80
80
80
80
81
81
81
81
80
80
80
80
80
80
79
79
79
78
78
77
77
77
76
76
75
75
74
73
72
72
71
71
70
69
70
69
69
68
67
67
67
67
66
66
66
66
66
65
65
65
65
65
64
63
63
63
63
62
62
61
61
61
60
60
60
59
59
59
58
58
58
58
57
57
57
56
56
56
55
55
55
55
55
55
53
53
53
53
53
52
52
52
51
50
50
50
49
49
48
48
48
47
47
47
46
46
46
45
45
45
45
45
45
45
45
45
45
45
45
45
46
46
46
46
47
47
47
47
47
47
47
47
47
47
47
46
46
46
45
44
44
43
42
42
42
41
40
39
39
38
39
39
39
39
39
39
40
40
40
39
39
40
40
40
41
41
41
41
41
42
42
41
41
41
41
42
42
42
41
41
41
41
41
41
41
40
40
40
40
39
39
38
38
38
38
38
38
37
37
37
37
37
37
36
36
36
36
36
35
35
35
35
35
34
34
34
34
34
34
34
33
33
33
33
33
33
33
33
33
33
33
33
34
35
36
36
37
38
40
42
43
46
49
51
54
56
58
59
61
65
67
70
72
75
80
83
83
83
84
83
83
79
54
57
60
63
66
69
71
74
77
80
83
85
86
84
83
82
79
78
75
53
45
37
34
1
1
1
1
1
1
1
1
1
1
1
1
1
1
1
1
1
1
1
1
1
1
1
1
1
1
1
1
1
1
1
1
1
1
1
1
1
1
1
1
1
1
1
1
1
1
1
1
1
1
1
1
1
1
1
1
1
1
1
1
1
1
1
1
