# Vetor de dados - syn_f001745-3-Pre--left--vetorlinha.txt
# Total de elementos: 768
# Formato: um valor por linha
#==================================================

1
1
1
1
1
1
1
1
1
1
1
1
1
1
1
1
1
1
1
1
1
1
1
1
1
1
1
1
1
1
1
1
1
1
1
1
1
1
1
1
1
1
1
1
1
1
1
1
1
1
1
1
1
1
1
1
1
1
1
1
1
1
1
1
1
1
1
1
1
1
1
1
1
1
1
1
1
1
1
1
1
1
1
1
1
1
1
1
1
1
1
1
1
1
1
1
1
1
1
1
1
1
1
1
1
1
1
1
1
1
1
1
1
1
1
1
1
1
1
1
1
1
1
1
1
1
1
1
1
1
1
1
1
1
14
24
31
35
40
43
46
49
51
53
55
57
59
60
63
63
65
66
67
68
69
69
70
71
72
72
72
73
73
73
73
73
73
73
73
74
74
75
74
75
76
76
76
77
78
78
79
79
79
78
77
76
74
71
69
69
68
67
66
65
64
64
63
63
61
61
61
62
62
62
62
62
62
62
60
59
53
45
45
44
43
44
43
43
43
43
43
43
43
43
44
44
45
45
45
46
48
49
52
55
59
62
82
92
98
108
148
156
161
165
168
171
174
177
182
185
189
193
197
204
213
216
218
220
223
227
231
235
240
244
247
254
260
266
271
280
281
281
280
279
277
273
81
81
82
81
81
82
82
82
82
82
82
82
82
82
82
82
81
81
81
80
80
78
77
76
77
77
77
77
77
76
76
76
76
76
76
75
75
75
74
74
74
73
73
71
71
70
70
69
68
67
66
66
65
64
64
64
63
62
62
62
61
61
61
61
61
59
60
60
60
60
59
59
59
59
59
59
59
59
59
61
61
62
62
64
64
65
67
68
69
71
71
73
74
75
77
77
78
80
80
81
82
83
84
85
85
87
87
88
88
89
89
90
91
91
91
91
91
92
92
92
92
92
92
92
93
93
93
93
93
94
93
93
92
93
93
93
92
92
93
92
92
93
93
93
94
93
94
94
94
93
93
93
94
93
93
93
92
92
91
91
90
90
89
89
88
88
87
87
87
86
86
85
85
85
85
85
85
85
85
85
85
85
86
86
86
86
86
87
86
86
86
86
86
86
86
85
85
85
85
85
85
84
84
84
83
82
82
82
82
82
80
80
80
80
80
79
78
78
78
78
77
76
76
76
76
75
74
74
74
73
72
72
71
70
70
70
68
68
68
67
66
65
65
64
63
62
62
61
61
59
59
58
58
57
57
56
56
56
56
56
57
57
58
57
58
59
59
59
59
58
59
58
58
58
58
58
58
57
58
57
56
57
56
56
55
55
55
54
54
54
54
54
53
53
53
53
53
53
52
52
53
53
53
53
54
53
54
53
53
54
54
54
54
54
55
55
54
54
53
53
53
53
53
53
53
52
52
52
52
51
51
51
50
49
49
49
49
48
47
47
47
46
46
45
44
44
44
43
43
43
41
41
41
41
40
40
40
38
38
38
39
38
38
38
39
39
40
41
42
42
44
46
48
49
51
54
56
61
67
69
71
72
74
75
77
77
78
81
83
85
85
85
85
85
85
85
52
54
57
61
64
68
71
75
80
84
87
90
90
89
88
87
86
85
83
79
69
59
52
45
39
38
1
1
1
1
1
1
1
1
1
1
1
1
1
1
1
1
1
1
1
1
1
1
1
1
1
1
1
1
1
1
1
1
1
1
1
1
1
1
1
1
1
1
1
1
1
1
1
1
1
1
1
1
1
1
1
1
1
1
1
1
1
1
1
1
1
1
1
1
1
1
