# Vetor de dados - syn_f000578-2-Pre--front--vetorcoluna.txt
# Total de elementos: 1024
# Formato: um valor por linha
#==================================================

1
1
1
1
1
1
1
1
1
1
1
1
1
1
1
1
1
1
1
1
1
1
1
1
1
1
1
1
1
1
1
1
1
1
1
1
1
1
1
1
1
1
1
1
1
1
1
1
1
1
1
1
1
1
1
1
1
1
1
1
1
1
1
1
1
1
1
1
1
1
1
1
1
1
1
1
1
1
1
1
1
1
1
1
1
1
1
1
1
1
1
1
1
1
1
1
1
1
1
1
1
1
1
1
1
1
1
1
1
1
1
1
1
1
1
1
1
1
1
1
1
1
1
1
1
1
1
1
1
1
1
1
1
1
1
1
1
1
1
1
1
1
1
1
1
1
1
1
1
1
1
1
1
1
1
1
1
1
1
1
1
1
1
1
1
1
1
1
1
1
1
1
1
1
1
1
1
1
1
1
1
1
1
1
1
1
1
1
1
1
1
1
1
1
1
1
1
1
1
1
1
1
1
1
1
1
1
1
1
1
1
1
4
8
8
8
8
8
8
8
8
8
8
9
9
9
9
9
9
10
10
10
10
10
10
10
17
18
20
20
20
20
20
20
19
21
21
21
20
21
21
20
20
21
21
21
21
22
22
22
23
23
23
24
23
23
24
24
23
24
25
24
25
24
25
24
25
25
25
26
26
26
26
26
27
27
27
27
27
29
29
29
29
29
31
31
31
31
32
32
33
33
33
34
34
35
35
35
35
37
37
37
37
38
39
39
39
40
40
40
41
42
42
42
42
42
43
43
44
44
44
44
45
45
45
45
45
45
46
46
46
46
46
46
46
46
47
48
48
48
48
48
47
47
47
47
47
47
48
48
48
48
48
48
48
48
48
48
48
48
49
49
49
48
48
48
48
48
48
48
48
48
49
50
50
50
50
50
50
50
50
51
51
51
51
51
51
52
52
52
52
53
53
53
53
54
54
54
54
54
55
54
54
54
55
55
54
54
54
55
54
54
54
54
54
54
54
54
54
54
53
53
53
53
53
53
52
53
284
287
288
290
292
295
298
302
305
309
313
394
397
401
404
407
411
415
418
496
497
499
499
499
498
498
500
501
501
502
502
502
501
503
505
506
507
508
508
508
507
505
504
499
496
476
471
464
443
502
498
495
493
490
488
485
482
479
475
469
456
443
437
434
431
429
426
425
422
417
385
385
401
416
421
424
426
428
430
433
434
437
441
460
474
480
486
489
493
495
498
501
503
507
511
516
536
537
546
546
479
506
570
509
509
509
508
508
506
505
504
503
503
503
504
503
503
502
501
502
502
502
502
501
419
414
411
408
404
401
398
395
392
312
307
304
301
297
294
293
290
287
285
282
280
69
69
69
68
66
63
61
60
59
58
58
57
57
57
56
56
55
55
55
55
55
54
55
55
54
53
53
53
53
53
53
53
53
53
53
53
53
53
53
54
53
53
53
53
53
53
52
52
52
52
52
52
52
51
51
51
51
51
51
50
50
50
50
50
51
50
50
50
50
51
50
50
50
50
50
50
50
50
50
50
50
49
50
50
50
49
49
50
49
49
49
48
48
48
47
47
47
48
47
47
47
47
46
46
46
46
46
46
46
46
46
46
46
46
46
46
46
46
46
46
46
45
45
45
45
45
45
45
45
45
44
44
44
44
44
44
44
44
44
44
44
43
43
43
43
43
43
43
43
43
43
43
43
43
43
42
42
42
42
42
41
41
41
40
40
40
40
39
39
39
38
38
38
38
37
37
37
37
37
37
36
1
1
1
1
1
1
1
1
1
1
1
1
1
35
35
35
35
35
35
1
1
1
1
1
1
1
1
1
1
1
1
1
1
1
1
1
1
1
1
1
1
1
1
1
1
1
1
1
1
1
1
1
1
1
1
1
1
1
1
1
1
1
1
1
1
1
1
1
1
1
1
1
1
1
1
1
1
1
1
1
1
1
1
1
1
1
1
1
1
1
1
1
1
1
1
1
1
1
1
1
1
1
1
1
1
1
1
1
1
1
1
1
1
1
1
1
1
1
1
1
1
1
1
1
1
1
1
1
1
1
1
1
1
1
1
1
1
1
1
1
1
1
1
1
1
1
1
1
1
1
1
1
1
1
1
1
1
1
1
1
1
1
1
1
1
1
1
1
1
1
1
1
1
1
1
1
1
1
1
1
1
1
1
1
1
1
1
1
1
1
1
1
1
1
1
1
1
1
1
1
1
1
1
1
1
1
1
1
1
1
1
1
1
1
1
1
1
1
1
1
1
1
1
1
1
1
1
1
1
1
1
1
1
1
1
1
1
1
1
1
1
1
1
1
1
1
1
1
1
1
1
1
1
1
1
1
1
1
1
1
