# Vetor de dados - syn_f002388-1-Pre--left--vetorlinha.txt
# Total de elementos: 768
# Formato: um valor por linha
#==================================================

1
1
1
1
1
1
1
1
1
1
1
1
1
1
1
1
1
1
1
1
1
1
1
1
1
1
1
1
1
1
1
1
1
1
1
1
1
1
1
1
1
1
1
1
1
1
1
1
1
1
1
1
1
1
1
1
1
1
1
1
1
1
1
1
1
1
1
1
1
1
1
1
1
1
1
1
1
1
1
1
1
1
1
1
1
1
1
1
1
1
1
1
1
1
1
1
1
1
1
1
1
1
1
1
1
1
1
1
1
1
1
1
1
1
1
1
1
8
23
30
35
39
44
46
49
52
54
56
58
60
62
64
65
67
68
69
69
71
71
73
73
74
74
75
75
75
76
77
77
77
77
77
78
78
78
78
78
79
78
79
80
79
80
81
81
81
82
83
83
83
84
83
81
81
79
77
75
73
72
71
71
70
69
69
67
66
66
66
66
64
64
64
64
64
64
63
63
63
63
63
62
61
55
49
48
47
47
47
47
47
47
47
47
47
47
48
47
48
47
47
48
47
48
48
48
48
48
49
49
50
51
52
53
55
59
63
68
157
165
172
178
187
196
215
220
226
233
241
247
254
263
271
283
284
284
284
284
282
279
277
269
268
177
170
157
85
75
76
77
78
78
79
79
80
81
81
82
82
83
83
83
83
83
84
83
83
83
83
83
83
83
83
83
82
82
82
82
81
81
80
80
79
79
77
76
76
75
74
71
70
68
69
69
69
69
69
69
69
68
68
68
68
69
69
69
69
69
68
68
68
68
67
66
66
66
66
65
65
65
65
63
63
63
63
63
63
63
62
62
62
62
63
63
64
63
64
64
65
65
66
67
67
68
69
69
70
70
70
72
72
72
73
73
73
74
74
73
74
74
74
74
74
73
74
73
74
73
73
74
74
73
74
74
74
74
74
74
74
75
75
75
75
75
75
75
76
76
75
75
75
74
75
75
75
75
75
75
75
75
75
75
74
75
75
75
75
75
74
74
74
74
74
73
73
72
72
72
71
70
69
68
66
65
64
64
64
64
63
63
62
62
61
61
61
60
60
60
60
60
60
59
59
60
59
59
59
60
59
59
59
59
59
59
59
59
59
59
59
59
59
58
58
58
58
58
58
58
57
58
58
58
58
58
58
57
57
57
57
56
56
55
55
55
55
54
54
54
54
53
53
53
53
52
52
51
51
51
50
50
50
50
49
49
49
49
49
49
49
48
48
48
49
49
49
48
48
48
48
49
49
49
49
49
50
50
50
50
50
49
50
50
49
49
49
49
49
49
48
48
48
47
46
46
46
45
44
43
44
43
42
41
41
41
40
40
40
40
40
40
40
40
40
41
41
41
41
42
42
42
41
41
41
41
41
42
42
42
42
41
41
41
40
40
40
40
40
40
40
40
40
40
39
39
39
39
39
38
38
38
38
38
37
37
37
37
37
37
36
36
36
36
36
35
35
35
35
35
35
34
34
34
34
34
34
34
33
33
33
33
33
33
33
33
33
34
34
35
36
37
38
39
40
42
45
47
50
52
54
57
58
60
64
69
70
71
74
77
81
85
85
86
86
86
85
84
77
67
62
65
71
73
75
80
82
85
86
89
89
88
88
87
85
84
83
80
74
52
45
37
33
1
1
1
1
1
1
1
1
1
1
1
1
1
1
1
1
1
1
1
1
1
1
1
1
1
1
1
1
1
1
1
1
1
1
1
1
1
1
1
1
1
1
1
1
1
1
1
1
1
1
1
1
1
1
1
1
1
1
