# Vetor de dados - syn_f004526-3-Pre--left--vetorlinha.txt
# Total de elementos: 768
# Formato: um valor por linha
#==================================================

1
1
1
1
1
1
1
1
1
1
1
1
1
1
1
1
1
1
1
1
1
1
1
1
1
1
1
1
1
1
1
1
1
1
1
1
1
1
1
1
1
1
1
1
1
1
1
1
1
1
1
1
1
1
1
1
1
1
1
1
1
1
1
1
1
1
1
1
1
1
1
1
1
1
1
1
1
1
1
1
1
1
1
1
1
1
1
1
1
1
1
1
1
1
1
1
1
1
9
23
31
36
40
44
48
51
53
56
58
60
62
64
66
67
69
70
71
72
73
74
75
75
77
77
78
78
79
79
79
79
79
79
79
79
79
80
80
80
80
80
80
81
80
81
82
83
82
83
84
85
84
85
85
84
83
81
79
77
75
74
74
73
72
71
70
69
69
69
68
67
66
66
66
66
66
66
66
66
66
66
65
64
63
62
59
54
50
48
48
47
48
49
48
49
48
48
48
48
48
48
48
47
48
48
48
49
49
49
49
49
49
50
49
50
53
57
61
65
93
105
157
167
173
178
183
187
192
197
202
208
215
224
233
237
240
243
247
252
258
264
269
276
283
289
302
304
304
304
303
303
300
297
288
287
207
198
190
78
78
79
78
78
79
79
79
79
78
79
79
79
79
79
78
78
78
78
78
78
78
78
77
77
77
77
76
76
75
75
75
74
73
72
72
71
71
70
70
70
71
71
71
71
70
70
70
70
69
69
69
69
69
69
69
69
69
68
68
67
67
67
66
66
66
66
65
65
65
65
65
65
64
64
64
64
64
64
64
64
64
64
64
64
64
64
64
65
65
65
65
66
66
66
68
68
68
68
70
70
71
71
72
73
74
75
75
76
76
78
78
79
79
81
81
82
82
84
84
85
85
85
87
87
87
88
88
89
90
90
90
90
90
91
92
92
92
92
92
92
92
92
93
93
93
93
93
92
91
91
91
90
90
90
90
89
89
89
88
87
86
86
86
86
85
85
86
86
85
85
85
85
84
84
84
83
83
83
82
81
81
80
80
79
78
78
77
77
76
76
76
75
74
74
74
74
74
73
73
73
73
73
73
73
73
73
73
73
72
72
72
73
73
73
73
73
73
73
73
73
72
72
72
72
72
72
72
72
71
70
70
70
70
70
70
70
69
68
68
68
68
67
67
67
67
67
65
65
65
65
64
64
64
64
62
62
62
62
62
61
61
61
60
59
59
59
59
58
58
58
58
56
57
57
56
56
56
56
55
55
55
55
54
54
54
54
54
54
54
55
55
55
55
56
56
57
57
58
58
59
59
60
59
60
59
60
60
60
60
59
60
59
59
59
58
58
58
57
56
56
56
55
55
55
54
54
53
52
52
51
50
50
50
50
50
50
50
50
51
51
51
52
51
51
51
52
52
52
52
52
53
53
52
52
53
53
53
53
53
53
53
51
51
51
51
51
51
51
50
50
50
50
49
49
49
48
48
47
47
47
47
45
45
45
45
44
44
44
43
43
43
42
42
42
41
41
41
40
40
41
41
40
41
41
41
41
41
42
42
43
43
44
44
46
47
48
50
52
54
56
57
59
61
62
64
65
68
72
75
77
79
81
84
86
89
89
89
88
88
88
87
48
50
53
54
56
58
61
64
66
69
72
76
78
81
84
85
87
90
92
92
92
91
90
89
86
74
62
55
50
45
44
41
1
1
1
1
1
1
1
1
1
1
1
1
1
1
1
1
1
1
1
1
1
1
1
1
1
1
1
1
1
1
1
1
1
1
1
1
1
