# Vetor de dados - syn_f000035-3-Pre--front--vetorlinha.txt
# Total de elementos: 768
# Formato: um valor por linha
#==================================================

1
1
1
1
1
1
1
1
1
1
1
1
1
1
1
1
1
1
1
1
1
1
1
1
1
1
1
1
1
1
1
1
1
1
1
1
1
1
1
1
1
1
1
1
1
1
1
1
1
1
1
1
1
1
1
1
1
1
1
1
1
1
1
1
1
1
1
1
1
1
1
1
1
1
1
1
1
1
1
1
1
1
1
1
1
1
1
1
1
1
1
1
1
1
1
1
1
1
1
1
1
1
1
1
1
1
1
1
1
1
1
1
1
1
1
1
1
1
1
1
1
1
1
1
1
1
1
16
23
27
31
35
38
40
43
45
47
49
49
51
52
53
54
56
56
58
58
59
60
60
61
62
62
62
62
62
62
62
62
62
62
62
62
62
62
61
64
69
69
70
70
69
69
69
69
68
67
67
67
66
65
64
62
62
61
59
56
53
53
52
51
51
50
50
49
48
48
47
46
45
45
45
45
45
45
45
45
45
45
46
46
46
46
47
49
53
56
60
63
65
69
72
224
389
402
422
442
456
466
476
486
498
513
546
588
589
588
587
587
586
582
566
545
536
540
543
543
542
542
540
420
412
403
394
385
376
365
354
341
321
295
247
220
172
161
156
152
150
148
147
147
145
145
144
144
144
144
142
142
140
140
138
138
136
136
135
134
133
133
131
131
130
129
129
127
127
126
125
124
123
122
121
120
119
117
117
115
114
113
112
112
110
110
109
109
109
109
109
109
109
109
109
109
109
109
109
109
109
109
109
109
108
108
108
108
108
108
108
107
107
106
106
105
105
105
105
103
103
102
101
100
100
99
100
100
100
100
101
102
103
104
105
107
107
109
111
112
113
114
115
116
117
118
119
119
120
121
121
122
123
123
123
123
124
124
125
125
126
125
126
126
125
125
125
125
125
125
125
125
125
125
126
126
126
126
126
127
127
128
128
129
129
130
130
131
131
132
133
134
135
135
137
137
138
139
139
141
141
141
143
143
143
144
145
145
145
147
147
147
148
148
148
149
149
149
149
149
149
149
149
149
149
150
150
150
150
150
150
150
150
149
149
149
149
149
149
149
149
149
148
148
147
147
147
147
147
145
145
145
145
145
144
143
143
142
141
141
140
139
139
138
137
137
136
135
133
133
131
131
129
129
127
127
125
125
123
123
121
120
119
119
118
117
116
115
114
114
113
112
112
111
110
110
110
110
110
109
108
108
108
108
108
108
108
108
108
108
108
108
107
106
106
106
107
107
107
107
108
108
108
108
108
110
110
110
112
112
112
112
113
114
114
115
116
116
116
117
117
118
118
119
119
119
119
119
119
119
119
119
119
121
120
119
119
119
119
119
119
119
119
119
119
118
118
117
117
117
116
115
115
115
115
114
113
113
112
112
111
111
110
109
109
108
108
107
106
106
106
104
104
104
103
102
102
102
100
100
100
100
99
98
98
98
97
96
96
96
96
95
94
94
94
93
93
93
92
92
92
92
92
92
92
93
93
93
93
93
93
93
93
93
93
93
93
93
93
94
95
95
96
97
98
98
99
101
102
103
104
105
106
107
108
108
110
110
110
110
111
112
111
110
110
110
110
110
109
107
104
103
100
94
91
39
1
1
1
1
1
1
1
1
1
1
1
1
1
1
1
1
1
1
1
1
1
1
1
1
1
1
1
1
1
1
1
1
1
1
1
1
1
1
1
1
1
1
1
1
1
1
1
1
1
1
1
1
1
1
1
1
1
1
1
1
1
1
1
1
1
