# Vetor de dados - syn_f002492-0-Pre--left--vetorlinha.txt
# Total de elementos: 768
# Formato: um valor por linha
#==================================================

1
1
1
1
1
1
1
1
1
1
1
1
1
1
1
1
1
1
1
1
1
1
1
1
1
1
1
1
1
1
1
1
1
1
1
1
1
1
1
1
1
1
1
1
1
1
1
1
1
1
1
1
1
1
1
1
1
1
1
1
1
1
1
1
1
1
1
1
1
1
1
1
1
1
1
1
1
1
1
1
1
1
1
1
1
1
1
1
1
1
1
1
1
1
1
1
1
1
1
1
1
1
1
1
1
1
1
1
1
1
1
1
1
1
1
1
1
1
1
1
23
30
35
40
43
46
49
52
54
56
58
60
61
63
64
66
67
67
69
69
70
70
72
72
73
73
73
74
74
74
74
75
75
75
76
77
77
78
79
80
81
80
81
82
82
82
81
81
80
78
77
74
74
73
73
72
70
69
67
67
66
66
65
63
63
61
61
61
61
61
60
61
59
59
58
57
54
43
41
40
39
39
39
38
38
38
38
37
38
38
38
38
39
39
39
40
40
41
41
42
42
43
44
44
47
52
56
63
70
144
151
157
162
167
173
180
188
199
207
214
219
224
231
238
245
250
262
269
283
284
284
285
284
283
279
277
269
268
249
180
170
154
144
84
83
84
84
85
85
86
86
86
86
87
87
87
86
86
86
86
86
85
85
84
84
84
83
82
82
81
80
80
79
78
77
76
74
73
73
71
71
70
69
69
68
67
67
67
66
66
66
65
65
65
65
65
65
65
64
64
64
64
64
64
63
63
63
63
63
63
62
62
62
62
61
61
61
61
61
60
60
60
60
60
60
60
60
60
60
61
61
62
63
64
65
66
67
69
70
70
72
73
73
74
75
75
76
78
78
79
81
81
82
83
84
84
85
86
86
86
87
87
87
88
88
88
89
90
89
90
90
90
91
91
92
91
92
92
92
92
93
93
93
92
93
93
93
93
92
92
92
92
92
92
92
92
92
93
93
93
93
94
94
94
94
94
95
95
94
94
94
94
94
94
93
93
94
93
93
92
93
92
91
91
90
88
88
87
86
85
84
83
83
82
82
81
80
80
80
79
79
79
78
78
78
77
76
76
76
76
75
75
75
75
74
74
74
74
74
74
73
73
73
73
73
72
72
72
72
72
71
71
71
71
71
70
70
71
70
70
70
70
69
69
69
68
68
67
67
67
67
66
66
66
66
66
65
65
64
64
64
63
63
63
62
62
61
61
60
60
59
58
58
58
57
57
56
56
55
55
56
55
55
56
55
55
56
55
56
55
55
55
54
55
54
54
54
54
53
53
53
52
52
51
52
51
50
50
49
48
48
48
47
48
48
48
48
47
47
48
48
48
48
48
49
49
48
48
48
48
48
48
48
47
48
48
48
48
47
47
47
47
47
47
46
46
46
46
46
46
44
44
44
44
44
44
43
43
43
42
42
42
42
41
41
41
41
40
40
40
40
40
40
39
38
38
38
38
38
38
38
38
37
37
37
36
36
37
37
36
36
36
37
37
38
39
39
40
41
43
45
48
50
53
56
58
61
64
67
69
71
74
76
76
78
79
83
83
84
84
84
83
47
49
51
54
58
61
64
68
71
73
75
78
81
84
87
88
88
87
85
85
82
80
67
56
50
45
41
39
1
1
1
1
1
1
1
1
1
1
1
1
1
1
1
1
1
1
1
1
1
1
1
1
1
1
1
1
1
1
1
1
1
1
1
1
1
1
1
1
1
1
1
1
1
1
1
1
1
1
1
1
1
1
1
1
1
1
