# Vetor de dados - syn_f003414-2-Pre--left--vetorlinha.txt
# Total de elementos: 768
# Formato: um valor por linha
#==================================================

1
1
1
1
1
1
1
1
1
1
1
1
1
1
1
1
1
1
1
1
1
1
1
1
1
1
1
1
1
1
1
1
1
1
1
1
1
1
1
1
1
1
1
1
1
1
1
1
1
1
1
1
1
1
1
1
1
1
1
1
1
1
1
1
1
1
1
1
1
1
1
1
1
1
1
1
1
1
1
1
1
1
1
1
1
1
1
1
1
1
1
1
1
1
1
1
1
1
1
1
1
1
1
1
1
1
1
1
1
1
1
1
1
1
1
1
1
1
1
1
1
1
1
1
1
1
1
1
8
21
27
34
39
42
45
48
51
53
55
57
59
61
63
64
66
66
68
68
70
70
70
71
72
73
73
73
73
73
74
74
74
74
74
74
74
76
76
75
76
77
77
77
78
79
79
80
80
80
81
80
79
78
77
75
74
72
71
71
71
70
69
67
67
66
67
66
66
65
63
63
63
63
62
62
62
62
63
62
61
60
58
56
54
52
50
50
49
49
49
49
49
49
49
49
49
49
50
50
51
165
206
210
216
223
239
262
278
278
278
278
276
274
273
270
264
264
262
247
245
230
202
199
196
192
188
184
181
177
172
166
161
156
150
134
117
111
106
102
97
90
85
86
87
88
89
90
90
91
92
92
93
93
94
94
95
95
95
95
96
96
96
96
96
96
96
97
97
97
96
96
96
96
96
96
94
94
93
93
92
91
90
89
89
89
89
89
90
89
89
89
89
89
90
90
89
89
89
88
88
87
87
86
85
85
85
86
86
86
86
86
87
87
86
86
86
87
87
87
87
87
88
89
90
90
91
91
92
92
93
94
95
96
97
97
98
99
99
101
101
103
103
103
105
105
105
106
107
107
108
108
108
109
109
110
110
110
110
110
110
110
110
110
110
110
110
111
109
109
109
109
109
108
108
107
107
106
106
105
104
104
103
103
101
100
100
99
97
96
96
94
93
90
88
85
84
83
82
82
81
80
79
78
78
78
77
76
76
75
75
74
74
73
74
74
73
73
73
72
72
72
72
72
72
72
72
72
72
72
72
72
72
72
72
72
72
71
71
71
71
71
71
71
71
70
70
69
69
69
69
69
68
68
68
68
68
67
67
67
67
67
66
65
65
65
65
65
65
65
64
64
64
63
62
62
62
61
61
61
61
60
60
59
58
58
57
57
57
56
56
56
55
55
54
54
54
53
53
52
52
52
52
52
52
52
51
52
52
53
52
52
53
53
53
53
53
53
53
53
53
53
54
53
52
53
52
52
52
51
51
51
51
50
50
49
50
49
49
48
48
48
48
48
48
47
47
46
46
46
46
46
46
46
46
46
47
46
46
46
46
46
47
47
47
47
46
46
46
46
46
46
46
46
45
45
45
45
45
44
44
43
43
43
43
42
41
41
41
41
40
40
39
39
38
38
38
37
36
36
36
36
35
34
34
34
34
33
33
33
34
34
34
34
34
34
35
36
36
37
39
40
42
45
47
51
54
56
60
62
65
66
69
72
75
78
81
81
80
80
81
81
80
77
69
42
44
45
48
51
54
59
62
65
70
73
76
81
83
84
86
87
87
88
89
88
87
86
83
81
69
59
52
47
41
37
23
1
1
1
1
1
1
1
1
1
1
1
1
1
1
1
1
1
1
1
1
1
1
1
1
1
1
1
1
1
1
1
1
1
1
1
1
1
1
1
1
1
1
1
1
1
1
1
1
1
1
1
1
1
1
1
1
1
1
1
1
1
1
1
