# Vetor de dados - syn_f002300-2-Pre--front--vetorlinha.txt
# Total de elementos: 768
# Formato: um valor por linha
#==================================================

1
1
1
1
1
1
1
1
1
1
1
1
1
1
1
1
1
1
1
1
1
1
1
1
1
1
1
1
1
1
1
1
1
1
1
1
1
1
1
1
1
1
1
1
1
1
1
1
1
1
1
1
1
1
1
1
1
1
1
1
1
1
1
1
1
1
1
1
1
1
1
1
1
1
1
1
1
1
1
1
1
1
1
1
1
1
1
1
1
1
1
1
1
1
1
1
1
1
1
1
1
1
1
1
1
1
12
22
26
30
34
38
40
42
44
46
48
49
50
51
53
53
55
57
57
57
59
59
59
61
61
61
61
62
63
63
63
63
63
63
63
62
62
61
61
61
65
69
70
70
71
70
69
69
69
69
67
67
67
67
65
64
63
62
61
60
56
53
51
51
50
50
49
49
48
47
47
46
46
46
46
46
44
44
44
44
44
44
44
44
45
45
45
46
47
49
52
54
58
271
466
483
515
532
555
627
627
626
627
625
622
617
603
585
577
581
582
583
583
581
580
518
451
443
435
428
419
409
401
392
383
373
359
348
338
286
269
261
251
242
228
211
199
187
174
168
164
161
159
156
155
153
152
152
151
149
149
149
147
147
146
145
143
143
141
141
139
139
139
137
137
136
135
134
133
132
132
131
130
129
128
127
126
125
124
123
121
121
119
118
117
116
114
113
113
113
113
113
113
112
112
112
112
112
111
111
111
110
109
109
109
108
108
108
107
107
107
107
107
107
107
107
107
107
107
107
107
107
107
107
107
108
108
109
110
111
111
113
113
114
115
115
117
117
118
119
119
121
121
122
123
123
124
125
125
126
127
127
128
129
129
129
129
129
129
129
131
131
131
131
131
131
131
131
131
131
131
131
131
131
131
131
131
131
131
131
133
133
133
133
133
135
135
135
135
135
136
137
137
137
138
138
139
139
139
140
141
141
141
141
142
142
143
143
143
143
143
144
145
145
145
145
145
145
145
145
145
145
145
145
145
145
144
144
144
144
144
144
144
144
143
143
143
143
142
142
142
142
142
142
141
141
140
140
140
140
139
138
138
138
138
137
136
136
136
134
134
134
132
132
132
130
130
130
129
128
128
128
127
126
126
125
125
124
124
123
122
122
121
120
120
119
119
118
117
117
117
115
115
115
115
113
113
113
112
111
111
111
110
110
110
110
110
109
109
108
108
108
108
108
108
108
108
108
108
108
108
108
108
108
108
107
107
106
107
108
108
108
108
108
108
108
108
108
108
109
110
110
110
111
111
111
111
112
113
113
113
114
114
115
115
116
116
116
117
117
118
118
118
119
119
119
119
120
120
120
120
120
120
120
120
120
120
120
120
120
120
120
120
120
119
119
119
118
118
118
118
117
116
116
116
116
115
114
114
114
114
114
112
112
112
112
110
110
110
110
109
108
108
108
108
107
106
106
106
105
105
105
104
104
103
103
103
103
101
101
101
101
101
99
99
99
99
97
97
97
97
97
97
97
96
95
95
95
95
95
95
95
95
95
95
95
95
95
95
97
97
97
97
97
97
97
97
97
97
97
97
97
97
97
97
98
99
99
99
101
101
101
103
103
104
105
107
107
109
109
111
111
113
113
115
115
116
116
116
118
118
118
118
117
117
117
117
117
116
113
112
109
107
103
101
48
46
1
1
1
1
1
1
1
1
1
1
1
1
1
1
1
1
1
1
1
1
1
1
1
1
1
1
1
1
1
1
1
1
1
1
1
1
1
1
1
1
1
1
1
1
1
