# Vetor de dados - syn_f003288-3-Pre--front--vetorcoluna.txt
# Total de elementos: 1024
# Formato: um valor por linha
#==================================================

1
1
1
1
1
1
1
1
1
1
1
1
1
1
1
1
1
1
1
1
1
1
1
1
1
1
1
1
1
1
1
1
1
1
1
1
1
1
1
1
1
1
1
1
1
1
1
1
1
1
1
1
1
1
1
1
1
1
1
1
1
1
1
1
1
1
1
1
1
1
1
1
1
1
1
1
1
1
1
1
1
1
1
1
1
1
1
1
1
1
1
1
1
1
1
1
1
1
1
1
1
1
1
1
1
1
1
1
1
1
1
1
1
1
1
1
1
1
1
1
1
1
1
1
1
1
1
1
1
1
1
1
1
1
1
1
1
1
1
1
1
1
1
1
1
1
1
1
1
1
1
1
1
1
1
1
1
1
1
1
1
1
1
1
1
1
1
1
1
1
1
1
1
1
1
1
1
1
1
1
1
1
1
1
1
1
1
1
1
1
1
1
1
1
1
1
1
1
1
1
1
1
1
1
1
1
1
1
1
1
1
1
1
1
1
1
8
8
8
8
8
8
8
8
8
9
9
9
8
8
8
9
9
10
10
10
10
10
16
17
18
18
18
18
20
19
19
18
18
20
19
18
18
18
20
19
19
19
19
20
20
20
21
21
21
21
21
21
20
21
21
19
20
19
19
20
19
19
19
19
19
19
19
20
20
20
20
20
20
20
20
21
21
22
22
22
22
22
22
23
23
23
23
24
24
24
25
25
25
25
25
27
27
27
27
28
28
28
28
28
30
30
30
30
30
31
31
31
31
31
31
31
33
33
33
32
32
32
32
32
32
33
32
34
34
34
34
34
34
34
34
33
33
33
33
33
33
33
33
33
33
33
33
33
33
32
31
31
31
31
31
31
31
31
30
30
30
30
30
30
30
30
31
31
31
31
31
31
31
32
32
32
32
32
33
33
33
33
33
33
34
34
34
34
34
34
34
34
34
34
34
34
34
34
34
35
35
35
35
35
36
36
36
37
37
37
38
38
38
39
39
39
40
41
41
42
42
43
44
45
46
48
52
58
60
62
63
65
66
68
70
71
73
296
299
302
305
307
311
412
415
419
423
426
430
434
437
511
511
512
512
513
514
515
515
515
514
513
514
514
517
517
519
519
520
521
520
520
519
480
526
521
517
513
509
504
498
488
457
450
447
442
437
408
380
373
366
359
351
345
332
327
327
331
345
352
360
365
371
376
382
398
425
434
437
442
445
483
492
498
502
507
511
515
518
443
515
516
517
517
516
515
513
513
511
511
511
512
512
511
511
509
509
509
506
505
505
505
430
425
421
417
413
409
406
403
306
303
301
298
295
293
72
70
68
65
62
60
58
56
53
50
48
46
45
43
42
41
40
40
39
38
38
37
37
37
35
35
35
35
35
35
35
35
35
35
35
34
34
34
34
34
34
34
34
34
34
34
34
34
34
34
34
33
33
33
33
33
33
33
33
33
32
32
31
31
31
31
31
31
31
31
30
31
31
31
31
31
31
31
32
32
32
32
32
33
33
33
33
33
33
33
33
33
34
35
35
35
35
34
34
34
34
34
34
34
34
34
34
34
33
32
32
32
33
32
32
32
33
32
32
32
31
31
31
31
31
31
30
30
30
29
29
29
29
28
28
28
27
27
27
27
26
26
25
25
25
25
25
25
24
24
24
23
23
23
23
23
23
23
22
22
22
22
22
22
22
22
22
22
21
21
21
21
21
21
21
20
20
20
20
20
21
21
20
21
21
21
21
20
21
21
21
21
19
19
19
19
20
20
18
19
19
19
20
20
19
19
19
20
20
20
20
20
20
19
16
13
13
13
13
13
13
1
1
1
1
1
1
1
1
1
1
1
1
1
1
1
1
1
1
1
1
1
1
1
1
1
1
1
1
1
1
1
1
1
1
1
1
1
1
1
1
1
1
1
1
1
1
1
1
1
1
1
1
1
1
1
1
1
1
1
1
1
1
1
1
1
1
1
1
1
1
1
1
1
1
1
1
1
1
1
1
1
1
1
1
1
1
1
1
1
1
1
1
1
1
1
1
1
1
1
1
1
1
1
1
1
1
1
1
1
1
1
1
1
1
1
1
1
1
1
1
1
1
1
1
1
1
1
1
1
1
1
1
1
1
1
1
1
1
1
1
1
1
1
1
1
1
1
1
1
1
1
1
1
1
1
1
1
1
1
1
1
1
1
1
1
1
1
1
1
1
1
1
1
1
1
1
1
1
1
1
1
1
1
1
1
1
1
1
1
1
1
1
1
1
1
1
1
1
1
1
1
1
1
1
1
1
1
1
1
1
1
1
1
1
1
1
1
1
1
1
1
1
1
1
1
1
1
1
1
1
1
