# Vetor de dados - syn_f000505-2-Pre--left--vetorlinha.txt
# Total de elementos: 768
# Formato: um valor por linha
#==================================================

1
1
1
1
1
1
1
1
1
1
1
1
1
1
1
1
1
1
1
1
1
1
1
1
1
1
1
1
1
1
1
1
1
1
1
1
1
1
1
1
1
1
1
1
1
1
1
1
1
1
1
1
1
1
1
1
1
1
1
1
1
1
1
1
1
1
1
1
1
1
1
1
1
1
1
1
1
1
1
1
1
1
1
1
1
1
1
1
1
1
1
1
1
1
1
1
1
1
1
1
1
1
1
1
1
1
1
1
1
1
1
1
1
1
1
1
21
29
35
39
44
47
49
52
55
57
59
61
63
65
66
68
70
70
72
72
74
74
75
76
77
77
78
78
79
79
79
79
79
79
79
79
79
80
80
81
82
83
83
83
84
85
86
86
86
86
86
86
84
82
79
78
77
77
76
75
75
74
73
73
73
72
71
70
70
70
70
70
69
69
70
69
69
68
67
66
64
62
61
60
58
57
57
57
57
56
57
57
57
57
57
57
58
58
59
60
60
61
62
64
65
66
68
69
70
72
165
174
179
185
189
195
202
209
216
222
228
232
235
238
243
247
253
258
263
268
278
284
291
303
303
303
303
303
301
298
296
286
286
212
207
202
196
191
185
171
163
115
113
113
114
115
116
116
117
117
118
117
118
118
118
119
119
119
120
120
120
120
119
119
119
119
119
119
119
118
117
117
116
116
115
113
113
112
112
112
112
112
113
112
112
112
112
111
111
111
111
111
110
110
110
110
109
109
108
108
107
107
107
106
106
107
106
106
105
105
105
105
105
105
105
105
104
105
105
104
104
104
104
104
104
104
104
103
104
105
105
106
106
107
107
108
108
110
111
111
112
113
114
114
115
117
117
118
118
118
119
119
120
120
120
120
121
121
121
121
122
121
121
122
122
122
122
121
122
122
122
122
121
121
120
120
119
119
119
118
118
117
115
115
114
114
113
112
111
110
109
108
107
106
105
103
102
101
99
97
97
96
96
95
94
94
93
92
91
90
89
89
88
88
87
86
85
84
84
84
83
82
82
82
82
81
81
81
81
81
81
81
81
81
81
81
80
80
80
80
80
80
79
79
79
79
79
79
78
78
78
78
77
77
77
77
77
76
75
75
75
75
75
74
74
73
73
73
72
72
72
71
70
70
70
70
68
68
68
68
66
66
66
65
64
64
63
63
61
61
61
60
59
58
58
58
57
57
56
56
55
55
55
55
54
54
54
54
53
53
53
54
54
53
53
54
54
53
54
54
54
54
53
54
53
52
53
52
53
52
52
52
52
53
52
52
52
52
51
52
51
51
50
50
49
50
49
49
48
48
48
48
48
48
48
47
48
48
48
48
49
49
49
49
48
48
49
49
49
49
49
49
50
48
48
48
48
48
48
48
47
47
47
47
47
47
46
46
45
45
45
44
44
43
43
43
42
42
41
41
41
40
39
39
39
39
37
37
37
37
37
36
36
36
36
36
36
35
35
35
36
36
36
37
37
38
38
38
39
39
42
43
45
48
50
52
55
57
60
62
65
71
75
77
80
82
83
85
86
86
85
84
83
84
84
83
77
65
50
52
54
55
59
63
66
70
74
76
79
83
86
87
88
90
91
90
90
89
88
88
86
84
66
59
52
48
44
40
39
31
1
1
1
1
1
1
1
1
1
1
1
1
1
1
1
1
1
1
1
1
1
1
1
1
1
1
1
1
1
1
1
1
1
1
1
1
1
1
1
1
1
1
1
1
1
1
1
1
1
1
1
1
