# Vetor de dados - syn_f003849-2-Pre--front--vetorlinha.txt
# Total de elementos: 768
# Formato: um valor por linha
#==================================================

1
1
1
1
1
1
1
1
1
1
1
1
1
1
1
1
1
1
1
1
1
1
1
1
1
1
1
1
1
1
1
1
1
1
1
1
1
1
1
1
1
1
1
1
1
1
1
1
1
1
1
1
1
1
1
1
1
1
1
1
1
1
1
1
1
1
1
1
1
1
1
1
1
1
1
1
1
1
1
1
1
1
1
1
1
1
1
1
1
1
1
1
1
1
1
1
1
1
1
1
1
1
1
1
1
1
1
1
1
1
1
1
1
1
1
1
1
1
1
1
1
1
1
1
1
1
1
1
1
1
1
1
1
1
1
1
1
1
1
19
24
28
33
36
38
40
42
45
46
48
49
50
52
52
54
56
56
56
58
58
58
60
60
60
60
60
60
60
60
60
60
60
60
60
60
62
67
67
68
68
68
67
67
67
67
65
65
65
64
63
62
60
60
59
55
53
53
52
51
51
51
49
49
49
47
47
46
45
44
44
44
44
44
44
44
44
46
48
51
54
59
62
67
71
77
81
115
256
272
308
317
326
423
437
465
485
492
500
507
511
514
515
507
507
515
521
534
542
550
550
491
486
482
474
464
440
431
419
405
391
306
287
257
230
214
195
181
159
151
148
146
144
143
143
142
141
140
140
140
139
138
137
136
135
134
133
132
132
131
130
130
129
128
127
127
127
126
126
126
124
124
124
122
122
122
120
120
119
118
117
116
115
113
112
111
109
107
106
104
103
103
105
105
105
105
105
105
105
105
105
105
105
104
104
103
103
102
102
102
101
101
101
101
100
100
100
98
98
98
98
98
97
97
97
96
96
96
97
97
99
100
101
103
105
105
107
109
110
112
112
114
114
116
116
118
118
120
120
121
122
122
122
122
122
124
124
124
124
124
124
124
124
124
124
124
124
124
124
124
124
125
125
125
125
125
125
125
126
127
127
127
127
128
128
129
129
130
130
130
130
130
131
131
131
131
131
131
131
132
132
132
132
132
132
132
132
132
132
132
131
131
131
131
131
131
131
131
131
131
131
130
130
130
130
130
130
130
128
128
128
128
128
128
128
127
126
126
126
126
126
124
124
124
124
123
123
122
122
121
121
120
120
119
118
118
116
116
116
115
114
113
112
111
111
109
109
108
108
107
107
106
106
106
106
106
105
104
104
104
104
104
104
104
104
103
103
103
103
103
103
102
102
102
102
102
101
101
101
101
101
100
100
99
99
99
99
99
99
99
99
99
99
100
101
101
101
101
101
103
103
103
103
103
104
105
105
105
105
105
107
107
107
107
107
107
107
107
107
107
108
108
108
107
107
107
107
107
107
107
107
107
106
106
106
106
106
105
104
104
104
104
103
103
102
102
102
101
100
100
100
99
99
98
98
98
97
97
96
96
96
95
95
94
94
94
93
93
93
93
92
92
91
91
91
91
90
89
89
89
89
88
88
87
87
87
86
86
86
86
86
86
86
86
86
87
87
88
88
89
89
88
88
88
87
87
88
88
88
90
90
91
92
93
93
95
95
97
98
100
101
101
103
103
103
105
105
105
105
105
105
105
105
106
105
105
103
100
96
93
90
46
42
42
1
1
1
1
1
1
1
1
1
1
1
1
1
1
1
1
1
1
1
1
1
1
1
1
1
1
1
1
1
1
1
1
1
1
1
1
1
1
1
1
1
1
1
1
1
1
1
1
1
1
1
1
1
1
1
1
1
1
1
1
1
1
1
1
1
1
1
1
1
1
1
1
1
1
1
