# Vetor de dados - syn_f002769-2-Pre--front--vetorcoluna.txt
# Total de elementos: 1024
# Formato: um valor por linha
#==================================================

1
1
1
1
1
1
1
1
1
1
1
1
1
1
1
1
1
1
1
1
1
1
1
1
1
1
1
1
1
1
1
1
1
1
1
1
1
1
1
1
1
1
1
1
1
1
1
1
1
1
1
1
1
1
1
1
1
1
1
1
1
1
1
1
1
1
1
1
1
1
1
1
1
1
1
1
1
1
1
1
1
1
1
1
1
1
1
1
1
1
1
1
1
1
1
1
1
1
1
1
1
1
1
1
1
1
1
1
1
1
1
1
1
1
1
1
1
1
1
1
1
1
1
1
1
1
1
1
1
1
1
1
1
1
1
1
1
1
1
1
1
1
1
1
1
1
1
1
1
1
1
1
1
1
1
1
1
1
1
1
1
1
1
1
1
1
1
1
1
1
1
1
1
1
1
1
1
1
1
1
1
1
1
1
1
1
1
1
1
1
1
1
1
1
1
1
1
1
1
1
1
1
1
1
1
1
1
1
1
1
1
1
1
1
1
10
10
10
10
10
10
10
10
12
12
12
12
12
12
12
12
12
12
12
12
12
18
19
19
19
19
20
20
21
21
21
21
20
20
19
19
21
20
20
20
20
20
20
21
21
21
21
21
22
22
22
21
21
22
22
21
21
20
20
20
18
18
17
18
18
18
19
19
19
19
20
20
20
20
21
21
22
22
22
22
23
24
24
24
24
25
25
25
25
26
26
27
27
27
27
28
29
29
29
30
30
31
31
31
32
33
33
33
33
33
34
34
35
35
35
36
36
36
36
36
36
36
36
36
37
38
38
38
38
38
38
38
38
38
38
38
38
38
38
38
39
38
38
38
38
38
38
37
37
38
38
38
38
38
38
38
38
39
38
38
38
38
39
39
39
39
39
39
40
40
40
40
40
41
41
41
41
41
41
41
41
42
42
42
42
42
42
43
43
43
43
43
43
43
43
43
44
44
44
44
44
44
45
45
45
45
45
46
46
46
46
46
47
48
48
48
48
49
49
49
50
51
52
53
55
57
60
63
65
67
69
71
66
67
69
77
278
283
289
292
295
301
305
310
316
401
406
410
416
420
424
496
498
499
500
501
500
501
503
503
503
504
503
502
503
504
506
506
508
508
509
508
508
482
470
523
518
516
511
508
506
503
500
497
493
487
443
439
437
434
432
428
410
399
393
387
381
374
376
379
384
392
400
413
428
433
435
437
439
441
490
495
498
502
505
509
514
516
518
520
521
523
545
589
510
510
509
509
507
506
504
503
502
503
503
503
504
503
502
501
500
500
500
500
427
422
418
414
409
404
399
322
313
309
305
301
297
294
291
287
283
84
81
78
70
66
66
65
63
64
63
62
61
59
57
56
54
52
50
49
48
47
47
46
46
45
45
44
43
43
43
43
42
42
42
42
42
42
42
42
42
41
42
42
42
42
42
42
42
42
42
42
42
42
42
42
42
41
41
40
40
40
40
40
40
40
40
40
39
39
39
39
39
38
38
38
38
38
38
38
38
38
39
39
39
39
39
39
39
39
39
40
40
39
39
39
39
39
39
39
39
38
38
38
38
39
39
39
38
37
37
37
37
37
37
37
37
36
36
36
36
36
35
35
34
34
34
34
34
33
33
32
32
32
32
31
31
30
30
30
29
28
28
28
28
27
27
27
27
26
25
25
25
24
24
24
23
23
23
23
22
22
21
21
21
21
21
21
21
20
20
20
20
20
19
19
20
21
22
21
21
21
22
22
22
21
21
21
21
21
20
20
20
20
20
20
21
21
19
19
20
21
21
21
21
21
21
21
21
21
21
20
19
19
17
14
14
14
14
14
14
1
1
1
1
1
1
1
1
1
1
1
1
1
1
1
1
1
1
1
1
1
1
1
1
1
1
1
1
1
1
1
1
1
1
1
1
1
1
1
1
1
1
1
1
1
1
1
1
1
1
1
1
1
1
1
1
1
1
1
1
1
1
1
1
1
1
1
1
1
1
1
1
1
1
1
1
1
1
1
1
1
1
1
1
1
1
1
1
1
1
1
1
1
1
1
1
1
1
1
1
1
1
1
1
1
1
1
1
1
1
1
1
1
1
1
1
1
1
1
1
1
1
1
1
1
1
1
1
1
1
1
1
1
1
1
1
1
1
1
1
1
1
1
1
1
1
1
1
1
1
1
1
1
1
1
1
1
1
1
1
1
1
1
1
1
1
1
1
1
1
1
1
1
1
1
1
1
1
1
1
1
1
1
1
1
1
1
1
1
1
1
1
1
1
1
1
1
1
1
1
1
1
1
1
1
1
1
1
1
1
1
1
1
1
1
1
1
1
1
1
1
1
1
1
1
1
1
1
