# Vetor de dados - syn_f003156-3-Pre--front--vetorcoluna.txt
# Total de elementos: 1024
# Formato: um valor por linha
#==================================================

1
1
1
1
1
1
1
1
1
1
1
1
1
1
1
1
1
1
1
1
1
1
1
1
1
1
1
1
1
1
1
1
1
1
1
1
1
1
1
1
1
1
1
1
1
1
1
1
1
1
1
1
1
1
1
1
1
1
1
1
1
1
1
1
1
1
1
1
1
1
1
1
1
1
1
1
1
1
1
1
1
1
1
1
1
1
1
1
1
1
1
1
1
1
1
1
1
1
1
1
1
1
1
1
1
1
1
1
1
1
1
1
1
1
1
1
1
1
1
1
1
1
1
1
1
1
1
1
1
1
1
1
1
1
1
1
1
1
1
1
1
1
1
1
1
1
1
1
1
1
1
1
1
1
1
1
1
1
1
1
1
1
1
1
1
1
1
1
1
1
1
1
1
1
1
1
1
1
1
1
1
1
1
1
1
1
1
1
1
1
1
1
1
1
1
1
1
1
1
1
1
1
1
1
1
1
1
1
1
1
1
1
1
1
1
1
1
1
1
1
1
1
1
1
1
1
1
1
1
1
1
1
1
1
1
1
1
1
1
1
1
6
8
8
8
8
8
8
8
8
8
8
8
8
9
9
9
9
9
10
10
10
16
17
18
18
18
18
18
18
18
18
18
18
17
17
18
18
18
18
18
18
20
20
20
19
19
21
20
20
19
21
20
19
19
20
20
19
21
21
21
21
21
21
21
21
21
21
21
21
22
22
22
22
23
24
24
24
25
25
25
26
27
27
27
27
27
27
29
29
29
29
29
30
31
31
31
31
32
32
32
32
32
33
34
34
34
34
34
35
35
35
35
35
35
35
36
36
36
36
36
36
35
35
36
36
36
36
36
35
35
35
35
35
34
33
33
33
33
33
33
33
33
33
33
33
33
33
33
33
33
34
34
34
34
34
34
34
34
34
35
35
35
34
34
34
34
34
34
35
35
35
35
35
35
36
35
35
35
35
35
35
35
35
35
35
36
36
36
36
36
36
37
37
38
38
38
39
40
40
42
45
49
54
57
59
60
63
65
67
68
69
71
73
74
75
77
79
262
265
268
271
274
278
370
373
377
380
384
389
393
457
457
457
457
457
458
458
459
459
458
459
460
461
462
463
464
465
464
464
508
475
471
468
464
461
458
454
449
407
403
400
396
393
387
375
367
342
332
323
311
302
301
317
327
333
339
347
366
381
392
397
399
403
406
448
453
457
461
465
470
473
476
478
480
538
538
466
465
465
463
463
462
461
460
461
462
461
461
460
459
459
459
459
459
394
390
386
382
378
375
372
276
272
269
266
79
78
76
74
72
69
67
64
61
57
55
52
47
44
42
41
40
40
40
39
38
38
38
38
37
36
36
36
36
36
36
35
35
35
35
35
35
35
35
35
35
35
35
35
35
35
35
34
34
34
34
34
34
34
34
34
34
34
35
35
35
35
35
35
35
35
35
35
34
34
34
34
34
34
35
35
35
35
35
36
36
36
36
36
36
36
36
36
36
36
36
36
36
36
36
36
36
36
36
36
36
36
36
36
36
35
35
35
35
35
35
35
34
34
33
33
33
32
32
32
32
31
31
31
31
30
30
29
28
28
28
28
27
26
26
26
26
25
24
24
24
24
23
22
22
22
22
21
21
21
20
20
20
20
20
20
20
20
20
20
20
20
21
22
22
22
23
23
23
23
24
24
24
24
24
24
24
24
24
24
25
25
25
25
26
26
26
27
27
27
27
27
27
26
26
20
20
20
20
20
20
20
20
20
20
20
20
1
1
1
1
1
1
1
1
1
1
1
1
1
1
1
1
1
1
1
1
1
1
1
1
1
1
1
1
1
1
1
1
1
1
1
1
1
1
1
1
1
1
1
1
1
1
1
1
1
1
1
1
1
1
1
1
1
1
1
1
1
1
1
1
1
1
1
1
1
1
1
1
1
1
1
1
1
1
1
1
1
1
1
1
1
1
1
1
1
1
1
1
1
1
1
1
1
1
1
1
1
1
1
1
1
1
1
1
1
1
1
1
1
1
1
1
1
1
1
1
1
1
1
1
1
1
1
1
1
1
1
1
1
1
1
1
1
1
1
1
1
1
1
1
1
1
1
1
1
1
1
1
1
1
1
1
1
1
1
1
1
1
1
1
1
1
1
1
1
1
1
1
1
1
1
1
1
1
1
1
1
1
1
1
1
1
1
1
1
1
1
1
1
1
1
1
1
1
1
1
1
1
1
1
1
1
1
1
1
1
1
1
1
1
1
1
1
1
1
1
1
1
1
1
1
1
1
1
1
1
1
1
1
1
1
1
1
1
1
1
1
1
1
1
1
1
1
1
1
1
1
