# Vetor de dados - syn_f002355-3-Pre--front--vetorcoluna.txt
# Total de elementos: 1024
# Formato: um valor por linha
#==================================================

1
1
1
1
1
1
1
1
1
1
1
1
1
1
1
1
1
1
1
1
1
1
1
1
1
1
1
1
1
1
1
1
1
1
1
1
1
1
1
1
1
1
1
1
1
1
1
1
1
1
1
1
1
1
1
1
1
1
1
1
1
1
1
1
1
1
1
1
1
1
1
1
1
1
1
1
1
1
1
1
1
1
1
1
1
1
1
1
1
1
1
1
1
1
1
1
1
1
1
1
1
1
1
1
1
1
1
1
1
1
1
1
1
1
1
1
1
1
1
1
1
1
1
1
1
1
1
1
1
1
1
1
1
1
1
1
1
1
1
1
1
1
1
1
1
1
1
1
1
1
1
1
1
1
1
1
1
1
1
1
1
1
1
1
1
1
1
1
1
1
1
1
1
1
1
1
1
1
1
1
1
1
1
1
1
1
1
1
1
1
1
1
1
1
1
1
1
1
1
1
1
1
1
1
1
1
1
1
1
1
1
1
1
1
1
1
1
1
1
1
1
1
1
1
1
1
1
1
1
1
1
1
1
1
1
1
1
1
1
1
1
1
1
1
1
1
1
1
1
1
1
1
29
29
29
29
29
29
29
29
1
1
1
1
1
1
1
30
30
30
30
30
30
31
31
31
31
31
31
31
31
1
1
1
1
1
1
1
1
1
1
1
33
33
33
33
33
33
33
34
34
34
34
34
34
34
34
34
34
35
35
35
35
35
35
35
35
35
35
35
36
36
36
36
36
36
36
36
36
37
37
37
37
37
37
37
37
37
37
37
37
37
37
37
37
37
37
37
37
37
37
36
36
36
36
36
36
37
37
36
36
36
36
36
36
36
36
36
36
36
35
35
35
35
34
34
34
35
34
34
34
34
34
33
33
34
34
34
34
34
35
35
35
35
36
36
36
36
36
36
37
37
37
37
37
37
38
38
38
38
38
38
38
38
38
38
38
38
38
39
39
38
38
38
38
39
39
40
40
41
41
41
41
43
43
43
44
44
45
45
47
49
53
56
59
61
63
64
65
67
69
72
74
76
289
292
295
298
301
304
400
403
406
409
413
416
419
423
426
492
494
495
495
496
497
498
498
497
496
496
498
499
501
502
504
505
506
578
577
507
503
500
497
495
492
489
485
482
430
426
423
421
416
409
391
376
366
358
350
343
335
338
349
357
364
369
377
384
392
407
413
418
420
423
426
474
479
482
485
488
492
495
497
500
502
503
503
502
502
501
499
498
497
498
499
499
499
499
498
496
497
496
494
493
424
420
417
412
409
406
403
400
397
303
299
296
293
290
77
75
67
63
62
60
59
57
54
52
51
48
47
46
46
45
44
44
42
42
41
41
41
39
39
39
39
37
37
37
37
37
37
37
37
37
37
37
37
36
36
36
36
36
36
36
36
36
36
36
36
36
36
36
36
35
35
34
34
34
34
34
34
34
34
34
34
34
32
32
32
32
33
33
33
34
34
34
34
34
34
34
35
35
35
35
35
35
35
35
35
35
35
35
35
36
36
35
35
35
35
35
35
35
35
35
35
35
35
35
35
35
35
35
35
34
34
34
34
34
33
33
33
32
32
32
32
31
31
31
31
30
30
30
29
28
28
28
28
27
27
26
26
26
25
25
25
25
23
23
23
23
23
23
22
22
21
21
21
21
21
21
19
19
19
19
20
20
20
19
19
20
21
21
21
21
21
21
21
21
21
21
21
21
21
19
19
19
19
20
18
19
19
19
19
20
20
19
19
20
20
20
20
20
20
20
17
16
10
10
9
9
9
9
9
9
8
8
8
8
8
8
8
8
8
8
8
8
8
8
1
1
1
1
1
1
1
1
1
1
1
1
1
1
1
1
1
1
1
1
1
1
1
1
1
1
1
1
1
1
1
1
1
1
1
1
1
1
1
1
1
1
1
1
1
1
1
1
1
1
1
1
1
1
1
1
1
1
1
1
1
1
1
1
1
1
1
1
1
1
1
1
1
1
1
1
1
1
1
1
1
1
1
1
1
1
1
1
1
1
1
1
1
1
1
1
1
1
1
1
1
1
1
1
1
1
1
1
1
1
1
1
1
1
1
1
1
1
1
1
1
1
1
1
1
1
1
1
1
1
1
1
1
1
1
1
1
1
1
1
1
1
1
1
1
1
1
1
1
1
1
1
1
1
1
1
1
1
1
1
1
1
1
1
1
1
1
1
1
1
1
1
1
1
1
1
1
1
1
1
1
1
1
1
1
1
1
1
1
1
1
1
1
1
1
1
1
1
1
1
1
1
1
1
1
1
1
1
1
1
1
1
1
1
1
1
1
1
1
1
1
1
1
1
1
1
