# Vetor de dados - syn_f003881-0-Pre--front--vetorlinha.txt
# Total de elementos: 768
# Formato: um valor por linha
#==================================================

1
1
1
1
1
1
1
1
1
1
1
1
1
1
1
1
1
1
1
1
1
1
1
1
1
1
1
1
1
1
1
1
1
1
1
1
1
1
1
1
1
1
1
1
1
1
1
1
1
1
1
1
1
1
1
1
1
1
1
1
1
1
1
1
1
1
1
1
1
1
1
1
1
1
1
1
1
1
1
1
1
1
1
1
1
1
1
1
1
1
1
1
1
1
1
1
1
1
1
1
1
1
1
1
1
1
1
1
1
1
1
1
1
1
1
1
1
1
1
1
1
1
1
1
1
1
1
1
1
1
1
1
1
1
1
8
21
25
29
33
36
38
40
42
44
46
47
49
50
51
53
53
55
55
56
57
57
57
59
59
59
59
60
60
60
60
60
60
59
59
58
58
59
62
65
66
66
66
66
66
65
65
64
63
63
63
61
61
59
58
57
56
52
49
48
48
47
47
46
46
45
44
44
44
42
42
41
40
40
40
40
40
40
39
39
39
39
39
39
40
40
42
45
49
52
55
68
80
89
99
109
236
249
296
307
320
359
364
448
453
457
460
465
466
484
483
491
498
505
510
520
527
465
460
454
448
442
434
425
379
370
366
357
346
339
231
183
169
145
139
136
135
132
131
130
128
126
125
123
121
120
117
114
112
109
107
105
103
101
100
99
98
98
97
97
97
96
96
95
95
95
95
94
94
93
92
92
92
91
91
91
90
90
90
90
89
89
89
89
88
87
87
87
87
87
85
85
86
86
86
86
86
85
85
85
85
85
85
85
85
85
84
84
84
84
84
84
84
84
84
84
84
86
86
86
88
88
90
90
92
92
94
95
96
97
98
98
99
99
99
100
100
100
100
101
102
102
103
104
104
105
106
107
107
108
109
110
111
111
113
113
114
115
116
117
118
119
120
121
122
122
123
124
125
125
126
127
127
128
129
129
129
130
130
130
130
132
132
132
132
133
133
133
133
133
133
133
133
133
133
134
134
134
135
134
134
134
134
134
133
133
133
133
132
132
132
132
132
131
130
130
129
129
128
128
128
127
126
126
126
125
125
124
124
123
123
122
122
121
121
120
119
119
118
118
117
116
116
115
114
114
114
112
112
112
112
110
110
110
110
108
108
108
108
107
107
106
106
105
105
105
105
104
103
103
103
103
103
102
101
101
101
101
100
100
100
100
100
100
100
100
99
98
98
98
98
98
98
98
98
98
98
98
97
97
97
97
98
98
98
98
98
98
99
99
99
99
99
99
99
99
99
100
100
100
100
100
100
100
101
101
102
102
102
102
102
102
102
102
102
102
102
102
102
103
103
103
102
102
102
102
102
102
102
102
101
101
101
101
101
101
100
100
100
100
99
99
99
99
99
98
98
97
97
97
97
97
97
95
95
95
95
95
95
94
94
93
93
93
92
92
92
92
91
90
90
90
90
89
88
88
88
87
87
86
86
86
85
85
85
85
84
84
85
85
85
86
86
86
87
86
86
86
86
86
86
86
86
87
88
88
89
90
90
90
91
91
93
93
95
95
97
97
99
99
101
101
103
103
104
104
104
105
105
105
106
106
105
103
99
96
95
91
89
44
1
1
1
1
1
1
1
1
1
1
1
1
1
1
1
1
1
1
1
1
1
1
1
1
1
1
1
1
1
1
1
1
1
1
1
1
1
1
1
1
1
1
1
1
1
1
1
1
1
1
1
1
1
1
1
1
1
1
1
1
1
1
1
1
1
1
1
1
1
1
1
1
1
