# Vetor de dados - syn_f001240-0-Pre--left--vetorlinha.txt
# Total de elementos: 768
# Formato: um valor por linha
#==================================================

1
1
1
1
1
1
1
1
1
1
1
1
1
1
1
1
1
1
1
1
1
1
1
1
1
1
1
1
1
1
1
1
1
1
1
1
1
1
1
1
1
1
1
1
1
1
1
1
1
1
1
1
1
1
1
1
1
1
1
1
1
1
1
1
1
1
1
1
1
1
1
1
1
1
1
1
1
1
1
1
1
1
1
1
1
1
1
1
1
1
1
1
1
1
1
1
1
1
1
1
1
1
1
1
1
1
1
1
1
1
1
1
1
1
1
1
1
1
1
1
1
1
1
1
1
1
1
13
23
31
36
40
44
48
50
53
55
57
59
61
62
64
66
67
69
69
71
71
72
73
73
75
75
76
76
77
77
77
77
77
77
78
78
78
78
78
79
79
79
79
80
81
81
81
82
83
83
83
83
82
81
79
78
76
74
74
73
73
72
70
70
70
69
68
67
66
66
65
65
65
63
63
63
63
62
61
60
59
58
55
53
51
49
48
46
45
44
45
44
44
45
44
45
46
45
46
47
48
49
49
173
191
201
206
212
218
227
239
254
280
282
283
282
282
281
279
278
276
268
267
267
251
247
238
201
194
188
182
175
168
161
155
151
147
143
138
134
128
119
110
102
97
92
90
92
93
93
94
95
96
95
96
97
97
98
98
98
99
99
100
99
99
100
100
101
101
101
100
100
100
100
100
100
100
99
99
97
97
96
95
94
93
92
91
91
91
91
90
90
90
91
91
90
90
90
91
91
90
90
91
91
91
90
91
91
91
90
91
91
91
91
91
91
90
90
91
91
90
90
90
89
89
89
89
88
88
89
89
90
90
90
90
92
92
93
94
95
95
96
97
98
98
99
99
99
100
100
101
102
102
102
102
103
103
103
104
104
104
105
105
105
105
105
105
104
104
104
104
104
104
105
104
104
104
103
103
103
102
102
102
101
100
100
100
99
99
98
97
96
95
93
92
91
90
89
88
88
88
88
88
88
88
87
88
88
88
88
87
88
88
87
87
86
86
86
86
85
85
84
83
83
82
82
81
81
80
80
79
79
79
79
78
78
78
78
76
76
76
76
76
75
75
75
74
74
74
74
74
73
72
72
72
72
71
71
71
71
70
70
70
70
70
68
69
68
68
67
67
67
67
66
66
66
66
65
65
65
65
63
63
63
62
62
62
62
60
60
60
59
59
59
58
58
58
57
57
57
57
57
57
56
56
57
56
56
57
56
57
57
57
57
58
58
58
58
58
58
58
57
58
57
57
56
56
56
56
55
55
54
55
55
54
54
53
53
52
52
51
51
50
50
49
49
49
49
49
48
48
48
48
48
47
47
48
48
47
47
47
47
47
47
47
47
46
46
46
46
46
45
44
44
44
44
44
43
43
43
42
42
42
41
41
41
41
40
40
39
39
39
39
39
38
37
37
37
37
37
37
37
37
36
36
36
36
36
36
36
36
36
36
36
36
36
36
36
36
36
37
37
37
38
40
42
43
45
48
50
52
55
58
60
63
68
72
74
76
78
80
80
80
80
80
80
81
81
81
81
65
56
60
64
67
72
75
79
82
84
85
86
88
89
88
88
87
85
84
82
79
69
57
51
46
38
20
1
1
1
1
1
1
1
1
1
1
1
1
1
1
1
1
1
1
1
1
1
1
1
1
1
1
1
1
1
1
1
1
1
1
1
1
1
1
1
1
1
1
1
1
1
1
1
1
1
1
1
1
1
1
1
1
1
1
1
1
1
1
1
1
