# Vetor de dados - syn_f001715-0-Pre--left--vetorlinha.txt
# Total de elementos: 768
# Formato: um valor por linha
#==================================================

1
1
1
1
1
1
1
1
1
1
1
1
1
1
1
1
1
1
1
1
1
1
1
1
1
1
1
1
1
1
1
1
1
1
1
1
1
1
1
1
1
1
1
1
1
1
1
1
1
1
1
1
1
1
1
1
1
1
1
1
1
1
1
1
1
1
1
1
1
1
1
1
1
1
1
1
1
1
1
1
1
1
1
1
1
1
1
1
1
1
1
1
1
1
1
1
1
1
1
1
1
1
1
1
1
1
1
1
1
1
1
1
1
1
1
1
1
1
1
1
1
1
1
1
1
1
1
1
1
1
1
1
1
1
1
1
1
1
1
1
1
8
23
30
35
40
43
47
50
53
55
57
59
61
63
64
66
67
68
70
70
72
72
73
74
75
75
75
76
76
76
76
76
77
77
77
77
77
78
78
79
79
79
80
81
82
83
82
83
83
82
82
81
80
77
75
73
72
71
71
70
69
67
67
66
65
65
65
63
63
63
63
63
63
63
63
62
62
61
60
58
56
52
45
44
43
42
43
43
42
43
43
42
43
43
42
43
43
44
43
44
45
51
59
68
143
149
156
164
174
184
190
196
200
205
211
217
224
231
237
247
255
267
270
270
270
270
269
266
264
255
254
252
176
165
151
138
102
93
85
79
79
79
80
80
80
80
80
80
79
79
79
79
79
79
79
78
78
78
77
77
77
75
75
74
73
73
72
70
70
69
69
69
67
67
67
68
68
69
69
69
69
69
70
70
69
69
70
69
69
70
69
70
69
69
69
70
70
69
69
70
70
70
70
70
70
69
69
69
69
69
68
68
68
69
69
69
69
69
70
71
73
73
74
75
75
77
77
77
79
79
80
80
82
82
83
83
85
85
86
86
87
88
88
89
89
90
91
90
91
91
92
91
92
93
92
93
92
92
93
92
92
93
92
92
92
92
92
92
93
92
92
92
93
92
92
92
91
92
92
92
92
92
91
91
92
92
92
92
93
93
92
92
92
92
93
92
92
92
91
91
90
90
90
90
89
88
87
86
86
85
85
84
84
83
83
82
82
82
81
81
80
80
80
78
78
77
77
77
76
75
75
74
74
74
72
72
72
72
71
71
71
70
70
70
69
69
68
68
68
67
67
67
66
66
65
64
65
63
63
62
62
62
61
61
60
60
60
59
59
58
58
58
57
56
56
55
55
55
54
54
54
53
53
53
52
52
52
52
52
51
51
51
51
52
51
51
52
52
51
52
53
52
53
52
53
52
52
52
52
51
52
51
51
51
51
50
50
49
49
48
49
49
48
48
47
47
47
47
47
47
46
47
47
47
48
48
48
48
48
47
47
47
48
48
48
48
48
47
47
47
47
47
47
47
46
46
46
46
46
46
46
44
44
44
44
44
44
43
43
43
43
42
42
41
41
41
41
40
40
40
39
39
39
38
38
38
38
38
38
38
38
37
37
37
38
38
39
39
40
40
42
44
46
48
52
55
57
61
64
67
69
71
73
75
77
78
79
79
78
78
79
78
43
47
49
52
56
60
64
67
70
73
76
77
79
82
83
83
82
81
79
78
74
67
60
54
48
41
38
36
1
1
1
1
1
1
1
1
1
1
1
1
1
1
1
1
1
1
1
1
1
1
1
1
1
1
1
1
1
1
1
1
1
1
1
1
1
1
1
1
1
1
1
1
1
1
1
1
1
1
1
1
1
1
1
1
1
1
1
1
1
1
1
1
1
1
1
1
1
1
1
1
1
1
1
1
1
