# Vetor de dados - syn_f000865-0-Pre--front--vetorcoluna.txt
# Total de elementos: 1024
# Formato: um valor por linha
#==================================================

1
1
1
1
1
1
1
1
1
1
1
1
1
1
1
1
1
1
1
1
1
1
1
1
1
1
1
1
1
1
1
1
1
1
1
1
1
1
1
1
1
1
1
1
1
1
1
1
1
1
1
1
1
1
1
1
1
1
1
1
1
1
1
1
1
1
1
1
1
1
1
1
1
1
1
1
1
1
1
1
1
1
1
1
1
1
1
1
1
1
1
1
1
1
1
1
1
1
1
1
1
1
1
1
1
1
1
1
1
1
1
1
1
1
1
1
1
1
1
1
1
1
1
1
1
1
1
1
1
1
1
1
1
1
1
1
1
1
1
1
1
1
1
1
1
1
1
1
1
1
1
1
1
1
1
1
1
1
1
1
1
1
1
1
1
1
1
1
1
1
1
1
1
1
1
1
1
1
1
1
1
1
1
1
1
1
1
1
1
1
1
1
1
1
1
1
1
1
1
1
1
1
1
1
1
1
1
1
1
1
1
1
1
1
1
1
1
1
1
1
1
1
1
1
1
1
1
4
6
8
8
8
8
8
8
8
8
8
8
8
8
8
8
8
8
9
10
10
10
16
17
17
17
18
18
18
18
18
18
18
17
17
18
18
18
17
17
17
18
18
18
18
20
19
19
18
20
19
18
18
18
17
17
17
16
16
16
15
16
16
16
16
17
17
17
17
18
18
18
18
18
19
19
19
20
21
21
21
21
21
21
21
21
22
22
23
23
23
23
24
24
24
24
25
25
26
26
26
27
27
27
27
27
28
28
28
28
28
28
28
28
29
29
29
29
29
29
29
29
29
29
30
30
30
30
30
30
30
30
31
31
31
31
31
31
31
31
31
31
31
31
30
30
30
30
30
30
30
30
30
30
30
31
31
31
30
30
30
30
30
30
30
30
30
30
31
31
31
31
31
31
32
32
33
33
33
33
33
34
34
34
34
35
35
35
35
36
36
36
37
37
37
37
38
38
38
38
39
39
39
39
39
39
39
40
40
40
40
40
40
40
40
41
41
41
42
43
45
47
49
50
52
53
55
57
270
274
279
285
291
378
384
389
395
400
405
410
415
484
485
485
485
486
487
488
487
487
487
486
487
488
490
490
490
491
491
491
451
421
486
481
477
473
470
466
460
438
430
425
422
419
416
415
412
409
400
384
377
370
364
362
368
373
377
383
395
409
413
416
417
420
422
425
429
434
452
464
468
472
476
479
483
489
417
493
493
492
491
491
490
488
487
488
489
489
490
490
489
487
486
485
484
482
482
413
408
403
398
392
387
381
374
293
285
279
274
59
57
55
53
52
50
49
47
46
45
44
43
42
42
42
42
41
41
41
41
40
40
40
40
39
39
38
38
38
38
37
37
37
37
36
36
36
36
35
35
35
34
33
33
33
33
33
32
32
32
32
32
32
31
31
31
30
30
30
30
30
30
30
30
30
30
30
31
30
31
31
31
31
31
31
31
31
31
32
32
32
32
31
31
31
31
31
31
31
31
31
31
31
31
31
31
30
30
30
30
30
30
30
29
29
29
29
29
29
29
29
29
29
28
28
28
28
28
28
27
27
27
26
26
26
26
26
26
25
25
25
25
25
25
25
25
25
24
24
24
23
23
23
23
23
23
22
22
22
22
21
21
21
21
21
21
21
20
20
20
18
18
18
18
18
18
17
17
17
16
17
17
17
18
18
18
19
19
20
20
19
19
20
20
20
19
19
19
19
19
18
18
18
18
18
18
19
20
18
19
19
19
20
20
20
20
18
17
16
9
9
9
9
9
9
9
9
8
8
8
8
8
8
8
8
8
8
8
8
8
1
1
1
1
1
1
1
1
1
1
1
1
1
1
1
1
1
1
1
1
1
1
1
1
1
1
1
1
1
1
1
1
1
1
1
1
1
1
1
1
1
1
1
1
1
1
1
1
1
1
1
1
1
1
1
1
1
1
1
1
1
1
1
1
1
1
1
1
1
1
1
1
1
1
1
1
1
1
1
1
1
1
1
1
1
1
1
1
1
1
1
1
1
1
1
1
1
1
1
1
1
1
1
1
1
1
1
1
1
1
1
1
1
1
1
1
1
1
1
1
1
1
1
1
1
1
1
1
1
1
1
1
1
1
1
1
1
1
1
1
1
1
1
1
1
1
1
1
1
1
1
1
1
1
1
1
1
1
1
1
1
1
1
1
1
1
1
1
1
1
1
1
1
1
1
1
1
1
1
1
1
1
1
1
1
1
1
1
1
1
1
1
1
1
1
1
1
1
1
1
1
1
1
1
1
1
1
1
1
1
1
1
1
1
1
1
1
1
1
1
1
1
1
1
1
1
1
1
