# Vetor de dados - syn_f001406-3-Pre--left--vetorlinha.txt
# Total de elementos: 768
# Formato: um valor por linha
#==================================================

1
1
1
1
1
1
1
1
1
1
1
1
1
1
1
1
1
1
1
1
1
1
1
1
1
1
1
1
1
1
1
1
1
1
1
1
1
1
1
1
1
1
1
1
1
1
1
1
1
1
1
1
1
1
1
1
1
1
1
1
1
1
1
1
1
1
1
1
1
1
1
1
1
1
1
1
1
1
1
1
1
1
1
1
1
1
1
1
1
1
1
1
1
1
1
1
1
1
1
1
1
1
1
1
1
1
1
1
1
1
1
1
1
1
1
1
1
1
1
1
1
1
1
1
16
24
32
37
41
44
48
51
54
56
58
60
62
64
65
67
68
69
71
71
73
73
74
75
76
76
76
76
77
77
77
77
77
78
78
78
79
79
79
79
79
80
80
80
81
81
82
83
83
83
82
82
81
81
79
77
74
73
72
71
71
70
70
68
68
66
67
66
65
65
64
64
64
64
64
64
64
64
64
63
62
61
59
56
53
52
51
50
51
50
51
52
51
52
53
54
55
56
57
57
58
59
60
61
61
63
162
170
176
182
189
199
206
211
216
220
223
227
230
234
240
245
251
256
264
273
279
292
294
294
294
293
292
289
287
277
277
275
209
205
199
193
187
180
171
158
148
135
121
117
112
106
105
105
105
106
106
106
106
106
106
106
106
106
106
106
106
105
105
105
105
105
104
103
103
103
103
102
102
101
101
101
100
100
99
99
99
99
98
98
98
98
98
98
99
98
97
97
97
97
97
97
97
97
96
96
95
95
95
93
93
93
92
92
92
91
92
92
91
91
91
92
91
91
92
92
91
91
91
91
91
90
91
91
90
91
91
92
94
95
96
97
98
99
100
101
102
103
105
106
106
108
108
110
110
111
112
112
114
114
114
114
115
115
116
116
116
117
117
117
117
117
117
117
118
118
118
118
118
118
117
117
117
117
117
116
116
116
115
115
114
113
113
113
111
111
110
109
108
107
106
105
104
102
101
99
98
97
97
96
96
95
94
93
92
91
91
90
89
88
88
88
87
87
86
86
86
86
86
86
86
86
87
86
86
86
86
87
87
87
87
87
87
87
87
87
87
87
86
86
86
86
86
85
85
85
85
85
84
84
84
84
83
82
82
82
82
82
80
80
80
80
79
79
79
78
78
77
77
76
76
75
75
74
74
73
72
72
70
70
70
69
68
67
67
65
65
65
64
63
62
62
61
61
59
59
58
58
58
57
57
56
56
55
55
54
54
55
54
55
54
55
55
55
55
55
55
56
55
55
55
56
55
56
56
56
56
57
56
57
56
56
56
56
56
56
56
56
57
57
57
57
57
57
56
56
56
56
56
56
56
56
56
56
56
56
55
56
56
56
57
57
57
57
56
56
56
57
57
56
56
56
56
56
55
55
55
55
54
54
53
53
53
52
51
51
51
51
50
49
49
48
48
48
47
46
46
45
45
44
44
43
42
42
42
42
41
41
41
40
40
40
40
40
41
42
42
43
44
46
48
50
51
53
56
58
64
69
71
74
75
77
77
78
80
82
82
82
82
82
82
81
81
82
49
51
53
56
59
62
66
69
72
75
77
80
82
83
85
88
89
91
89
88
87
84
83
78
67
61
52
47
40
38
31
1
1
1
1
1
1
1
1
1
1
1
1
1
1
1
1
1
1
1
1
1
1
1
1
1
1
1
1
1
1
1
1
1
1
1
1
1
1
1
1
1
1
1
1
1
1
1
1
1
1
1
1
1
1
1
1
1
1
1
