# Vetor de dados - syn_f001805-0-Pre--left--vetorlinha.txt
# Total de elementos: 768
# Formato: um valor por linha
#==================================================

1
1
1
1
1
1
1
1
1
1
1
1
1
1
1
1
1
1
1
1
1
1
1
1
1
1
1
1
1
1
1
1
1
1
1
1
1
1
1
1
1
1
1
1
1
1
1
1
1
1
1
1
1
1
1
1
1
1
1
1
1
1
1
1
1
1
1
1
1
1
1
1
1
1
1
1
1
1
1
1
1
1
1
1
1
1
1
1
1
1
1
1
1
1
1
1
1
1
1
1
1
1
1
1
1
1
1
1
1
1
1
1
1
1
1
1
1
1
1
1
1
1
1
1
1
1
1
1
1
1
1
1
1
1
1
1
1
1
8
22
29
34
38
42
45
48
50
52
54
56
58
60
61
64
64
66
66
67
68
68
70
70
71
71
72
72
72
72
72
72
73
73
73
73
73
74
74
75
75
76
76
77
77
78
78
79
78
78
77
75
72
70
69
68
67
67
66
65
65
65
64
63
63
62
63
63
62
62
62
62
61
59
58
56
54
52
49
48
46
45
46
45
45
45
45
45
46
45
46
45
46
46
45
46
46
46
46
47
47
47
48
48
50
50
53
56
60
63
68
75
135
140
144
148
153
156
160
164
168
173
178
185
193
201
206
211
214
217
221
226
230
235
239
243
251
255
260
264
273
275
276
275
274
272
269
84
84
85
85
85
85
85
84
84
83
83
83
83
82
82
82
81
81
79
79
79
78
78
76
76
76
76
76
75
75
76
76
76
77
77
77
77
77
77
77
77
77
78
78
77
77
77
78
78
77
77
77
76
76
77
77
76
76
76
75
75
75
74
74
75
75
74
74
74
75
75
75
75
75
75
75
75
76
76
76
77
77
77
77
78
78
78
79
79
79
80
80
80
82
82
82
83
83
83
85
85
85
86
86
86
87
87
87
88
88
88
88
88
88
88
88
89
88
88
88
89
88
88
88
88
88
88
87
87
87
86
86
86
85
85
84
84
83
83
82
80
78
78
78
77
77
77
76
76
75
75
75
74
74
73
73
72
71
71
70
70
70
69
69
69
68
68
68
67
67
67
66
66
66
65
65
65
64
64
64
63
62
62
62
61
61
61
60
60
60
59
59
58
58
58
58
58
57
57
57
57
56
56
56
56
56
55
55
55
54
53
53
53
53
53
52
52
52
52
52
51
50
50
50
50
50
49
49
49
48
48
48
47
47
47
47
47
47
48
48
48
48
48
49
49
49
50
50
51
51
52
52
53
53
53
54
54
55
54
55
55
54
55
55
54
55
54
53
53
53
52
51
51
50
50
49
48
47
46
45
44
43
43
42
42
42
43
42
42
42
43
43
43
43
43
42
42
42
43
43
43
43
43
43
43
43
43
42
42
41
41
41
41
41
41
41
41
39
39
39
39
39
39
38
37
37
37
37
37
36
36
35
35
35
35
34
34
34
34
35
35
34
34
34
35
35
34
34
35
35
35
35
36
35
36
36
37
38
40
42
44
47
49
52
55
58
61
64
67
68
72
75
77
79
78
78
78
78
78
70
41
43
45
47
50
52
56
59
62
67
70
74
76
78
80
83
84
85
84
83
82
81
79
74
59
50
44
37
35
1
1
1
1
1
1
1
1
1
1
1
1
1
1
1
1
1
1
1
1
1
1
1
1
1
1
1
1
1
1
1
1
1
1
1
1
1
1
1
1
1
1
1
1
1
1
1
1
1
1
1
1
1
1
1
1
1
1
1
1
1
1
1
1
1
1
1
1
1
1
1
1
1
1
