# Vetor de dados - syn_f003691-0-Pre--left--vetorlinha.txt
# Total de elementos: 768
# Formato: um valor por linha
#==================================================

1
1
1
1
1
1
1
1
1
1
1
1
1
1
1
1
1
1
1
1
1
1
1
1
1
1
1
1
1
1
1
1
1
1
1
1
1
1
1
1
1
1
1
1
1
1
1
1
1
1
1
1
1
1
1
1
1
1
1
1
1
1
1
1
1
1
1
1
1
1
1
1
1
1
1
1
1
1
1
1
1
1
1
1
1
1
1
1
1
1
1
1
1
1
1
1
1
1
1
1
1
1
1
1
1
1
1
1
1
1
1
1
1
1
1
1
1
1
1
1
1
1
1
18
26
33
36
41
44
47
49
52
54
56
58
60
61
62
65
65
66
67
68
69
69
70
71
71
72
73
73
73
73
73
74
74
74
74
74
74
74
75
75
75
76
76
76
77
78
78
79
79
79
78
78
76
74
71
71
70
69
68
67
66
67
66
65
65
63
62
62
62
61
61
61
61
61
60
58
56
52
47
45
44
44
43
42
43
42
43
44
43
44
44
45
45
45
46
46
45
46
45
45
46
45
162
210
219
233
251
274
276
275
276
275
274
272
271
263
263
261
246
245
195
188
183
178
173
169
163
156
150
146
139
101
92
85
80
75
74
75
76
77
79
80
80
81
82
82
83
83
84
84
85
85
86
86
86
86
86
86
87
87
86
87
87
87
87
86
86
86
85
85
83
83
82
82
81
80
79
78
77
75
74
74
73
73
72
72
73
72
72
73
72
72
72
72
72
72
72
71
72
71
71
71
71
71
71
71
71
71
70
70
71
71
70
70
70
70
71
70
70
70
71
71
71
71
71
71
73
73
74
74
74
75
75
74
75
75
75
75
75
75
75
75
76
75
76
76
77
77
78
78
79
79
80
80
81
82
82
83
83
84
84
85
85
85
86
86
86
87
87
87
87
87
87
87
87
87
87
88
87
87
87
87
86
86
86
85
85
85
84
84
83
81
81
80
81
81
81
81
81
81
81
81
81
81
81
81
80
80
79
78
78
78
78
77
75
74
74
73
72
72
71
71
70
70
70
69
69
68
68
68
67
67
67
67
66
66
66
66
65
64
64
64
64
64
63
62
62
62
62
62
61
61
61
61
61
60
60
60
60
60
59
59
59
59
58
58
58
58
57
57
57
57
56
56
56
56
55
55
55
54
54
54
54
53
52
52
51
51
51
51
50
50
50
49
49
49
49
49
48
48
48
48
47
47
48
48
48
48
48
48
48
49
49
49
50
50
50
51
51
51
51
52
51
51
52
52
51
51
52
51
51
50
51
50
49
49
49
48
48
47
46
46
45
45
45
44
44
43
43
42
42
42
42
42
42
42
42
42
43
42
42
42
42
42
42
41
41
41
41
42
42
42
41
41
40
40
40
40
40
39
39
39
39
39
39
38
37
37
37
37
37
37
37
37
36
36
36
36
36
36
36
35
35
35
35
35
35
35
35
34
34
34
34
34
34
34
34
34
34
33
34
33
33
33
33
33
33
33
33
34
35
35
36
37
37
39
41
43
45
47
49
52
54
56
57
61
66
68
71
74
77
81
84
84
85
85
85
85
77
49
52
57
61
66
71
75
77
81
84
88
90
90
89
88
87
84
84
82
73
64
56
47
42
36
31
1
1
1
1
1
1
1
1
1
1
1
1
1
1
1
1
1
1
1
1
1
1
1
1
1
1
1
1
1
1
1
1
1
1
1
1
1
1
1
1
1
1
1
1
1
1
1
1
1
1
1
1
1
1
1
1
1
1
1
1
