# Vetor de dados - syn_f000432-3-Pre--front--vetorcoluna.txt
# Total de elementos: 1024
# Formato: um valor por linha
#==================================================

1
1
1
1
1
1
1
1
1
1
1
1
1
1
1
1
1
1
1
1
1
1
1
1
1
1
1
1
1
1
1
1
1
1
1
1
1
1
1
1
1
1
1
1
1
1
1
1
1
1
1
1
1
1
1
1
1
1
1
1
1
1
1
1
1
1
1
1
1
1
1
1
1
1
1
1
1
1
1
1
1
1
1
1
1
1
1
1
1
1
1
1
1
1
1
1
1
1
1
1
1
1
1
1
1
1
1
1
1
1
1
1
1
1
1
1
1
1
1
1
1
1
1
1
1
1
1
1
1
1
1
1
1
1
1
1
1
1
1
1
1
1
1
1
1
1
1
1
1
1
1
1
1
1
1
1
1
1
1
1
1
1
1
1
1
1
1
1
1
1
1
1
1
1
1
1
1
1
1
1
1
1
1
1
1
1
1
1
1
1
1
1
1
1
1
1
1
1
1
1
1
1
1
1
1
1
1
1
1
1
1
1
1
1
1
1
1
1
1
1
1
1
1
1
1
1
1
1
1
1
1
1
1
1
1
1
1
1
1
1
1
1
1
1
1
1
29
29
29
28
28
28
28
28
29
29
29
29
29
29
29
29
29
29
29
29
30
30
30
30
30
31
31
31
31
31
31
32
32
32
32
33
33
33
33
33
33
33
33
34
34
34
34
34
34
34
34
34
34
34
34
34
34
34
34
34
34
34
34
34
34
35
35
35
35
35
35
35
35
35
35
35
35
35
35
36
37
37
37
37
38
38
38
39
39
39
39
39
40
40
40
40
40
40
40
41
41
41
40
40
40
40
41
41
41
40
40
41
41
41
40
41
41
41
41
41
41
41
41
41
42
41
41
41
41
42
42
42
42
43
43
43
43
42
43
43
43
43
44
44
44
44
45
45
45
45
45
45
45
45
46
46
46
46
46
46
46
46
46
46
46
46
46
46
46
46
46
46
46
46
46
46
46
46
47
47
47
47
47
47
47
48
48
48
48
49
49
49
51
54
54
57
58
62
285
286
288
290
293
297
299
308
393
395
398
402
406
410
412
416
420
488
489
490
490
491
490
491
492
493
493
493
492
492
494
496
498
499
500
501
501
502
501
499
494
471
459
527
514
510
506
501
497
492
487
481
475
466
452
442
436
433
431
428
426
424
422
418
393
371
367
369
376
388
415
419
423
425
426
428
431
435
448
469
477
482
487
491
496
501
504
507
510
514
517
530
533
492
496
497
498
498
497
497
496
494
493
491
492
491
492
492
491
491
490
491
491
490
489
488
417
413
410
406
402
399
396
392
389
385
300
296
292
287
284
282
60
57
55
51
50
50
50
49
48
48
47
47
47
47
47
47
47
46
46
46
46
45
45
45
45
46
45
45
45
46
46
46
46
46
46
46
46
46
46
46
46
46
45
45
45
45
45
45
45
44
44
44
44
44
43
43
43
43
43
42
41
41
41
41
41
41
41
40
40
40
39
39
39
39
39
38
38
38
38
38
38
38
39
39
39
39
39
39
39
39
39
39
39
39
39
39
39
40
40
40
39
39
39
39
39
39
39
39
39
39
39
38
38
38
38
38
38
37
37
36
36
36
35
35
35
35
34
34
33
33
32
32
32
31
31
31
30
30
29
29
29
29
27
27
27
27
27
25
25
25
25
24
23
23
23
22
22
22
21
21
21
20
20
19
20
20
20
21
21
21
21
22
21
21
21
21
21
21
19
20
20
20
20
20
21
21
21
21
22
22
23
23
23
23
24
24
24
24
24
23
23
21
16
16
16
16
16
16
16
16
16
16
16
16
16
17
17
17
17
17
17
16
16
1
1
1
1
1
1
1
1
1
1
1
1
1
1
1
1
1
1
1
1
1
1
1
1
1
1
1
1
1
1
1
1
1
1
1
1
1
1
1
1
1
1
1
1
1
1
1
1
1
1
1
1
1
1
1
1
1
1
1
1
1
1
1
1
1
1
1
1
1
1
1
1
1
1
1
1
1
1
1
1
1
1
1
1
1
1
1
1
1
1
1
1
1
1
1
1
1
1
1
1
1
1
1
1
1
1
1
1
1
1
1
1
1
1
1
1
1
1
1
1
1
1
1
1
1
1
1
1
1
1
1
1
1
1
1
1
1
1
1
1
1
1
1
1
1
1
1
1
1
1
1
1
1
1
1
1
1
1
1
1
1
1
1
1
1
1
1
1
1
1
1
1
1
1
1
1
1
1
1
1
1
1
1
1
1
1
1
1
1
1
1
1
1
1
1
1
1
1
1
1
1
1
1
1
1
1
1
1
1
1
1
1
1
1
1
1
1
1
1
1
1
1
1
1
1
