# Vetor de dados - syn_f001328-3-Pre--front--vetorlinha.txt
# Total de elementos: 768
# Formato: um valor por linha
#==================================================

1
1
1
1
1
1
1
1
1
1
1
1
1
1
1
1
1
1
1
1
1
1
1
1
1
1
1
1
1
1
1
1
1
1
1
1
1
1
1
1
1
1
1
1
1
1
1
1
1
1
1
1
1
1
1
1
1
1
1
1
1
1
1
1
1
1
1
1
1
1
1
1
1
1
1
1
1
1
1
1
1
1
1
1
1
1
1
1
1
1
1
1
1
1
1
1
1
1
1
1
1
1
1
1
1
1
1
1
1
1
1
1
1
1
1
1
1
1
1
1
1
1
1
1
1
1
1
1
1
1
17
23
28
32
36
38
40
42
43
45
47
48
49
51
51
53
53
55
55
55
57
57
57
57
59
59
59
59
59
59
59
59
57
57
57
57
60
64
65
65
65
65
65
64
63
63
62
62
61
61
59
57
57
55
54
50
49
48
48
48
48
47
46
46
45
44
43
42
42
42
42
42
42
42
42
42
42
42
42
42
43
44
47
50
262
270
282
326
335
368
492
499
505
510
513
513
513
520
531
538
570
570
569
568
510
506
500
493
476
460
458
453
447
440
434
388
306
292
280
269
258
174
168
162
158
155
153
151
150
148
146
146
144
144
142
142
142
140
140
139
138
138
137
135
133
132
131
130
128
128
126
126
126
124
124
122
122
120
119
118
117
115
115
113
112
111
110
108
107
105
103
101
100
99
98
98
98
96
96
96
96
96
96
95
95
95
94
94
93
93
92
91
91
90
89
89
88
87
86
85
84
82
82
80
79
79
78
78
77
77
77
77
78
79
79
80
80
81
82
82
84
84
84
84
84
84
84
84
84
84
86
86
88
88
90
91
92
93
94
95
96
97
98
98
99
100
100
100
100
100
101
101
101
102
102
102
103
103
103
103
105
105
105
106
107
107
107
108
109
109
109
111
111
112
113
113
114
115
116
116
116
118
118
119
120
120
120
121
122
122
123
123
124
124
125
126
126
127
127
127
127
127
127
127
127
127
127
127
127
127
127
127
127
127
127
127
127
127
127
126
126
126
126
126
126
126
126
125
125
125
125
124
124
124
123
123
123
123
122
121
121
121
120
119
119
119
118
118
117
116
116
115
114
114
113
112
112
112
110
110
108
108
108
106
106
105
104
104
103
102
102
101
100
100
99
99
99
98
97
97
97
97
96
96
96
96
96
96
96
96
95
95
95
95
95
95
95
94
94
94
94
93
93
94
94
94
94
94
94
95
95
96
96
96
96
96
98
98
98
98
98
100
100
100
101
102
102
102
103
104
104
104
104
105
105
106
106
106
106
106
106
106
107
107
107
107
106
106
105
105
105
105
105
105
105
104
104
103
103
103
103
101
101
101
101
101
99
99
99
98
97
97
97
96
95
95
95
95
93
93
93
93
92
91
91
91
91
90
89
89
89
88
88
87
87
87
86
86
85
84
84
84
84
82
82
82
82
82
81
81
81
81
81
81
81
81
81
81
82
82
82
82
83
83
83
83
83
82
82
83
83
83
83
84
85
85
87
87
87
88
89
89
91
91
93
94
95
95
96
96
98
99
99
98
99
99
99
99
98
98
97
94
92
91
88
41
41
40
38
36
34
1
1
1
1
1
1
1
1
1
1
1
1
1
1
1
1
1
1
1
1
1
1
1
1
1
1
1
1
1
1
1
1
1
1
1
1
1
1
1
1
1
1
1
1
1
1
1
1
1
1
1
1
1
1
1
1
1
1
1
1
1
1
1
1
1
1
1
