# Vetor de dados - syn_f001985-0-Pre--front--vetorcoluna.txt
# Total de elementos: 1024
# Formato: um valor por linha
#==================================================

1
1
1
1
1
1
1
1
1
1
1
1
1
1
1
1
1
1
1
1
1
1
1
1
1
1
1
1
1
1
1
1
1
1
1
1
1
1
1
1
1
1
1
1
1
1
1
1
1
1
1
1
1
1
1
1
1
1
1
1
1
1
1
1
1
1
1
1
1
1
1
1
1
1
1
1
1
1
1
1
1
1
1
1
1
1
1
1
1
1
1
1
1
1
1
1
1
1
1
1
1
1
1
1
1
1
1
1
1
1
1
1
1
1
1
1
1
1
1
1
1
1
1
1
1
1
1
1
1
1
1
1
1
1
1
1
1
1
1
1
1
1
1
1
1
1
1
1
1
1
1
1
1
1
1
1
1
1
1
1
1
1
1
1
1
1
1
1
1
1
1
1
1
1
1
1
1
1
1
1
1
1
1
1
1
1
1
1
1
1
1
1
1
1
1
1
1
1
1
1
1
1
1
1
1
1
1
1
1
1
1
1
1
1
1
1
1
1
1
1
1
1
1
1
1
1
1
1
1
1
1
1
1
1
1
1
1
1
1
1
1
1
1
1
1
1
1
27
27
27
27
27
27
27
27
27
27
27
27
27
27
27
27
27
28
28
28
28
28
28
28
28
28
29
29
29
29
29
29
29
29
1
1
1
1
1
1
1
1
1
1
1
1
1
1
30
30
30
30
30
30
30
30
30
30
30
30
30
30
30
30
30
30
30
31
31
31
31
31
31
31
31
31
31
31
31
31
31
31
31
31
32
32
32
32
32
32
32
32
32
32
32
32
32
34
34
34
34
35
35
35
35
36
36
36
36
37
36
36
36
37
37
37
37
37
36
37
37
37
36
36
36
36
36
36
36
36
35
35
35
35
36
36
36
36
35
35
35
36
36
36
36
36
37
37
37
37
37
38
37
37
37
37
37
37
38
38
38
38
38
38
38
38
38
38
38
39
39
39
39
39
39
39
39
39
39
39
39
38
38
38
39
39
39
39
39
40
40
40
40
41
41
42
44
46
48
50
51
53
55
57
59
61
64
61
66
271
275
279
284
288
294
299
312
375
381
386
391
397
402
409
413
484
485
486
486
486
486
488
488
487
488
487
487
487
488
490
490
491
492
492
491
565
487
483
480
475
470
467
462
455
439
430
424
422
418
415
413
408
372
365
360
353
348
351
356
363
369
376
407
411
414
415
418
422
429
449
460
464
469
473
477
483
489
492
490
492
494
494
494
492
492
491
490
490
491
490
490
490
489
488
487
487
485
483
483
412
407
403
398
393
389
385
380
316
307
292
285
279
61
59
57
55
54
52
51
49
47
45
43
42
42
42
41
41
40
41
41
40
40
40
39
39
39
39
38
38
38
38
39
38
38
38
38
38
38
38
38
38
38
38
38
37
37
37
36
36
36
36
36
36
36
36
36
36
35
35
35
35
34
34
34
34
34
34
34
35
35
35
35
35
35
35
35
34
34
34
34
34
34
34
34
35
35
35
35
35
35
35
35
34
34
34
34
34
34
34
34
34
34
34
34
34
34
34
33
33
33
32
32
32
32
32
32
32
31
30
30
30
30
30
30
29
29
28
28
27
27
27
27
27
27
26
26
26
26
26
25
24
24
24
24
24
23
23
23
23
23
22
22
22
22
21
21
21
21
21
20
20
20
20
21
21
21
21
21
20
21
21
21
21
21
22
22
22
22
22
22
22
22
22
22
21
21
21
21
19
20
20
21
21
21
20
21
21
21
22
21
21
21
21
19
19
19
19
18
17
12
12
12
12
9
9
9
9
9
10
10
9
9
9
9
9
9
9
9
8
8
8
8
8
1
1
1
1
1
1
1
1
1
1
1
1
1
1
1
1
1
1
1
1
1
1
1
1
1
1
1
1
1
1
1
1
1
1
1
1
1
1
1
1
1
1
1
1
1
1
1
1
1
1
1
1
1
1
1
1
1
1
1
1
1
1
1
1
1
1
1
1
1
1
1
1
1
1
1
1
1
1
1
1
1
1
1
1
1
1
1
1
1
1
1
1
1
1
1
1
1
1
1
1
1
1
1
1
1
1
1
1
1
1
1
1
1
1
1
1
1
1
1
1
1
1
1
1
1
1
1
1
1
1
1
1
1
1
1
1
1
1
1
1
1
1
1
1
1
1
1
1
1
1
1
1
1
1
1
1
1
1
1
1
1
1
1
1
1
1
1
1
1
1
1
1
1
1
1
1
1
1
1
1
1
1
1
1
1
1
1
1
1
1
1
1
1
1
1
1
1
1
1
1
1
1
1
1
1
1
1
1
1
1
1
1
1
1
1
1
1
1
1
1
1
1
1
