# Vetor de dados - syn_f004589-3-Pre--front--vetorcoluna.txt
# Total de elementos: 1024
# Formato: um valor por linha
#==================================================

1
1
1
1
1
1
1
1
1
1
1
1
1
1
1
1
1
1
1
1
1
1
1
1
1
1
1
1
1
1
1
1
1
1
1
1
1
1
1
1
1
1
1
1
1
1
1
1
1
1
1
1
1
1
1
1
1
1
1
1
1
1
1
1
1
1
1
1
1
1
1
1
1
1
1
1
1
1
1
1
1
1
1
1
1
1
1
1
1
1
1
1
1
1
1
1
1
1
1
1
1
1
1
1
1
1
1
1
1
1
1
1
1
1
1
1
1
1
1
1
1
1
1
1
1
1
1
1
1
1
1
1
1
1
1
1
1
1
1
1
1
1
1
1
1
1
1
1
1
1
1
1
1
1
1
1
1
1
1
1
1
1
1
1
1
1
1
1
1
1
1
1
1
1
1
1
1
1
1
1
1
1
1
1
1
1
1
1
1
1
1
1
1
1
1
1
1
1
1
1
1
1
1
1
1
1
1
1
1
1
1
1
1
1
1
1
1
1
1
1
1
1
1
1
1
1
1
1
1
1
1
1
1
1
1
1
1
1
1
1
1
20
20
20
20
20
20
20
20
20
20
20
20
20
24
25
26
26
27
26
26
26
26
26
26
25
25
25
25
24
24
24
24
24
24
24
24
24
24
23
23
23
22
22
22
21
21
20
19
20
19
20
20
20
19
21
21
21
21
21
21
21
22
22
22
22
22
23
23
23
23
25
25
25
25
25
26
26
26
26
28
28
28
29
29
29
29
30
31
31
31
32
32
32
32
32
32
33
33
33
33
33
33
33
34
34
34
34
34
34
34
34
34
35
35
35
35
35
35
35
34
34
34
34
34
34
34
33
33
33
33
32
32
31
31
30
30
30
30
30
30
30
29
29
29
29
29
29
29
29
30
30
30
30
30
30
30
30
30
30
30
30
30
30
31
31
32
32
32
31
31
32
32
32
32
32
32
33
33
33
33
34
34
34
35
34
34
35
36
36
37
37
37
38
39
39
40
42
43
44
47
49
53
56
58
60
61
63
65
69
72
74
74
73
77
81
85
88
90
91
93
275
278
280
283
285
288
291
382
385
388
391
394
398
403
475
477
477
478
478
479
480
481
482
482
482
482
483
484
486
488
559
561
562
564
564
492
488
485
482
478
476
472
469
415
408
399
364
355
350
344
339
333
329
324
316
315
316
327
335
341
345
349
354
363
404
410
464
468
471
474
477
481
485
488
564
564
563
561
488
487
486
484
483
484
483
484
483
481
480
479
480
480
478
477
477
406
402
398
394
391
386
383
289
286
283
280
277
273
91
90
89
87
85
82
81
79
76
74
69
64
62
60
59
57
55
52
51
49
48
47
45
44
42
42
41
39
39
39
37
37
37
35
35
35
34
34
34
34
34
33
33
33
33
33
33
33
32
32
32
32
31
31
31
31
31
31
31
31
31
31
31
30
29
29
29
29
29
29
29
29
29
29
29
30
31
31
31
31
31
31
31
31
31
31
33
33
33
33
33
33
34
34
34
34
34
34
34
34
34
34
34
34
34
34
34
34
34
34
33
33
33
33
33
33
33
33
33
33
33
33
33
31
31
31
31
31
31
30
30
30
29
29
28
28
28
28
28
26
26
26
26
26
26
24
24
24
24
24
23
22
22
22
22
22
21
20
20
20
20
20
18
18
18
18
17
18
18
18
19
20
19
19
20
20
19
19
19
20
18
18
18
18
17
17
17
18
18
18
18
18
18
18
18
19
19
18
18
18
17
17
16
9
9
9
9
9
9
9
8
8
8
8
8
8
8
8
8
8
8
8
8
4
1
1
1
1
1
1
1
1
1
1
1
1
1
1
1
1
1
1
1
1
1
1
1
1
1
1
1
1
1
1
1
1
1
1
1
1
1
1
1
1
1
1
1
1
1
1
1
1
1
1
1
1
1
1
1
1
1
1
1
1
1
1
1
1
1
1
1
1
1
1
1
1
1
1
1
1
1
1
1
1
1
1
1
1
1
1
1
1
1
1
1
1
1
1
1
1
1
1
1
1
1
1
1
1
1
1
1
1
1
1
1
1
1
1
1
1
1
1
1
1
1
1
1
1
1
1
1
1
1
1
1
1
1
1
1
1
1
1
1
1
1
1
1
1
1
1
1
1
1
1
1
1
1
1
1
1
1
1
1
1
1
1
1
1
1
1
1
1
1
1
1
1
1
1
1
1
1
1
1
1
1
1
1
1
1
1
1
1
1
1
1
1
1
1
1
1
1
1
1
1
1
1
1
1
1
1
1
1
1
1
1
1
1
1
1
1
1
1
1
1
1
1
1
1
1
1
1
1
1
1
1
