# Vetor de dados - syn_f004019-2-Pre--front--vetorlinha.txt
# Total de elementos: 768
# Formato: um valor por linha
#==================================================

1
1
1
1
1
1
1
1
1
1
1
1
1
1
1
1
1
1
1
1
1
1
1
1
1
1
1
1
1
1
1
1
1
1
1
1
1
1
1
1
1
1
1
1
1
1
1
1
1
1
1
1
1
1
1
1
1
1
1
1
1
1
1
1
1
1
1
1
1
1
1
1
1
1
1
1
1
1
1
1
1
1
1
1
1
1
1
1
1
1
1
1
1
1
1
1
1
1
1
1
1
1
1
1
1
1
1
1
1
1
1
1
16
23
28
32
36
38
40
42
44
46
48
50
51
52
53
55
56
57
58
59
59
60
61
61
62
62
62
63
63
64
64
64
64
64
62
62
62
62
62
62
66
69
71
71
71
71
71
70
69
69
69
67
67
67
66
65
64
62
61
60
56
53
52
52
51
51
50
50
50
49
49
48
48
48
48
48
48
48
47
46
46
46
46
46
45
46
47
49
52
55
59
63
71
77
93
100
312
324
334
345
361
393
417
425
432
439
488
497
504
505
498
498
507
515
525
531
534
536
539
477
478
479
481
482
492
495
502
498
494
487
480
473
466
405
400
391
383
377
374
272
176
170
167
164
162
160
159
158
157
157
155
155
154
153
152
152
150
150
148
146
145
144
142
142
140
140
138
138
136
136
134
134
132
132
132
130
130
129
129
129
127
127
127
126
125
125
123
123
121
120
119
117
117
116
116
117
117
117
117
118
118
118
119
119
119
118
117
117
117
116
115
115
115
115
115
114
114
113
113
113
112
112
112
112
112
112
112
112
111
112
112
112
112
112
112
112
113
114
116
117
119
121
124
126
128
130
131
133
135
136
137
139
140
141
141
143
143
145
145
145
145
145
147
147
147
147
147
147
147
147
147
147
147
147
147
147
147
147
147
147
147
147
147
147
147
147
147
147
147
147
147
148
148
148
148
149
149
150
151
151
151
152
153
153
153
154
155
155
155
155
155
155
156
156
156
156
156
156
157
157
157
156
156
156
156
156
156
156
156
156
155
155
155
155
155
155
154
154
154
154
153
153
153
153
152
152
152
152
151
151
151
151
150
149
149
148
148
147
147
147
146
145
145
144
143
142
141
140
140
138
138
138
136
136
136
135
134
134
134
132
132
132
130
130
128
128
128
126
126
126
124
124
122
122
122
120
120
120
119
118
118
118
117
116
116
115
115
115
115
115
114
114
115
114
113
113
113
113
113
113
113
113
113
113
113
113
113
113
113
113
113
113
113
113
113
113
113
113
113
113
113
114
115
115
115
115
116
116
117
117
117
118
118
118
119
119
119
120
120
120
120
120
120
120
120
121
120
121
121
121
121
121
120
120
120
120
120
119
118
118
118
118
118
118
116
116
116
116
115
114
114
114
114
112
112
112
112
111
110
110
110
109
108
108
108
107
106
106
106
106
105
104
104
104
103
103
102
102
101
101
101
100
99
99
99
99
98
97
97
97
97
97
95
95
95
95
95
95
95
95
95
95
95
95
95
95
96
96
97
97
97
97
99
99
99
99
99
99
99
98
98
98
98
98
98
100
100
100
100
101
102
102
104
104
106
106
108
109
110
111
112
113
114
115
116
118
118
119
119
119
119
118
117
116
114
113
112
111
106
103
102
98
46
45
44
1
1
1
1
1
1
1
1
1
1
1
1
1
1
1
1
1
1
1
1
1
1
1
1
1
1
1
1
1
1
1
1
1
1
1
1
1
1
1
1
1
1
1
1
1
1
1
1
1
1
1
