# Vetor de dados - syn_f004062-3-Pre--front--vetorlinha.txt
# Total de elementos: 768
# Formato: um valor por linha
#==================================================

1
1
1
1
1
1
1
1
1
1
1
1
1
1
1
1
1
1
1
1
1
1
1
1
1
1
1
1
1
1
1
1
1
1
1
1
1
1
1
1
1
1
1
1
1
1
1
1
1
1
1
1
1
1
1
1
1
1
1
1
1
1
1
1
1
1
1
1
1
1
1
1
1
1
1
1
1
1
1
1
1
1
1
1
1
1
1
1
1
1
1
1
1
1
1
1
1
1
1
1
1
1
1
1
1
1
1
1
1
1
1
1
1
1
1
1
1
1
1
1
16
23
27
31
35
37
39
41
43
45
47
48
49
51
52
53
54
55
56
56
57
58
58
59
59
60
60
60
61
61
61
60
60
60
60
59
59
59
59
63
67
67
67
67
67
67
66
65
65
64
64
63
63
61
60
59
57
57
51
48
48
47
47
46
45
45
44
43
43
43
43
43
43
43
43
43
43
43
43
43
43
43
43
43
44
44
46
48
51
53
56
59
61
63
65
69
72
77
227
242
289
301
311
320
357
374
451
457
465
471
479
490
502
502
495
493
499
504
509
515
519
529
478
485
481
477
471
465
459
452
423
419
391
383
375
367
276
262
253
175
163
159
157
155
154
152
152
151
151
150
149
149
148
148
148
146
146
145
145
144
143
142
140
140
138
136
136
134
133
132
132
130
130
130
129
128
128
127
126
126
125
124
123
123
121
121
119
117
115
113
112
112
112
111
112
111
111
111
111
111
111
109
109
109
108
108
107
107
106
106
105
105
104
104
104
103
103
102
102
101
101
101
101
101
101
100
100
100
99
98
98
98
98
98
98
98
98
98
100
100
101
102
103
105
106
108
110
111
112
114
115
117
118
120
121
122
124
124
126
126
126
128
128
129
130
130
130
130
130
130
130
130
130
130
130
130
128
128
128
128
128
128
128
128
128
128
128
128
128
128
128
128
130
130
130
131
132
132
133
134
135
135
135
137
137
137
137
138
139
139
139
140
140
141
142
142
142
142
142
142
142
142
142
142
142
142
142
142
142
142
142
142
142
141
141
141
141
141
141
141
141
141
141
140
140
140
139
139
139
138
137
137
137
137
135
135
135
134
133
132
131
130
130
129
128
128
128
126
126
126
125
124
124
123
123
122
121
121
120
119
118
118
118
116
116
116
114
114
114
112
112
112
111
111
110
110
110
109
109
109
109
109
109
109
109
109
109
109
109
109
108
108
108
108
108
108
108
108
107
107
106
106
106
106
106
106
106
106
106
106
106
106
106
107
108
108
108
108
110
110
110
110
111
112
112
112
113
114
114
114
114
115
115
116
116
116
117
117
117
117
117
118
118
118
118
117
117
117
117
117
116
116
116
116
116
115
114
114
114
114
112
112
112
111
111
110
110
109
108
108
107
106
106
104
104
104
102
102
102
102
100
100
100
100
98
98
98
97
96
96
96
95
94
94
94
93
93
92
92
91
91
90
90
90
90
89
89
89
89
90
90
90
90
91
91
91
91
92
93
93
93
93
93
93
93
93
93
93
93
93
94
95
95
96
96
97
97
97
99
100
100
102
104
104
106
106
108
109
110
111
112
113
113
113
114
114
114
113
113
113
110
108
106
105
102
99
48
47
46
43
1
1
1
1
1
1
1
1
1
1
1
1
1
1
1
1
1
1
1
1
1
1
1
1
1
1
1
1
1
1
1
1
1
1
1
1
1
1
1
1
1
1
1
1
1
1
1
1
1
1
1
1
1
1
1
1
1
1
