# Vetor de dados - syn_f000995-0-Pre--left--vetorlinha.txt
# Total de elementos: 768
# Formato: um valor por linha
#==================================================

1
1
1
1
1
1
1
1
1
1
1
1
1
1
1
1
1
1
1
1
1
1
1
1
1
1
1
1
1
1
1
1
1
1
1
1
1
1
1
1
1
1
1
1
1
1
1
1
1
1
1
1
1
1
1
1
1
1
1
1
1
1
1
1
1
1
1
1
1
1
1
1
1
1
1
1
1
1
1
1
1
1
1
1
1
1
1
1
1
1
1
1
1
1
1
1
1
1
1
1
1
1
1
1
1
1
1
1
1
1
1
1
1
1
16
25
31
37
41
45
48
51
53
55
57
59
61
62
64
65
68
69
69
71
71
73
73
74
74
75
76
76
76
76
76
76
76
77
77
77
77
79
79
80
80
81
82
83
82
83
84
85
85
85
85
85
83
83
80
78
76
75
74
73
72
72
71
69
68
68
67
66
65
64
62
62
62
61
60
60
60
60
59
60
59
57
55
52
50
49
48
47
48
48
48
48
49
48
49
49
49
50
49
50
51
51
52
53
53
53
54
55
56
56
57
57
58
59
60
61
62
63
64
68
71
76
79
84
161
165
171
176
180
184
189
193
198
203
210
219
228
235
239
242
245
249
253
257
261
265
268
272
278
283
288
292
298
305
305
305
305
303
302
299
101
102
102
101
102
102
103
103
102
102
102
103
103
103
103
103
102
102
102
102
102
101
100
100
100
99
99
98
97
96
95
94
94
94
95
95
95
96
97
96
97
97
97
97
98
98
98
99
99
98
99
99
99
99
99
99
99
99
99
99
99
98
98
98
98
97
97
97
97
96
97
97
96
96
96
96
96
96
95
95
96
96
97
97
97
98
99
99
99
100
100
101
102
102
102
103
104
104
105
106
106
106
106
107
108
108
108
108
108
108
108
109
109
108
108
108
108
108
108
109
108
108
108
108
107
107
107
107
107
106
106
106
105
104
104
104
104
103
103
102
101
101
100
98
97
96
95
95
94
94
92
92
92
91
91
90
90
89
88
88
88
87
87
86
86
85
85
84
83
82
81
80
79
78
77
76
76
75
74
74
73
71
71
71
70
70
70
70
69
69
69
68
68
68
67
67
67
67
67
66
66
66
66
66
66
65
64
64
64
64
64
64
64
63
63
63
63
63
63
63
62
62
62
62
62
62
62
62
61
61
61
61
61
61
60
59
59
59
59
59
59
59
58
58
58
58
58
57
57
57
57
57
56
56
56
56
55
55
55
55
55
55
55
55
55
55
55
55
55
55
55
55
55
55
55
55
55
55
54
53
54
53
52
52
52
52
51
50
50
50
49
49
48
48
47
47
46
46
45
44
45
44
44
44
43
43
43
43
44
43
43
43
43
44
44
44
43
43
43
43
43
43
43
43
43
43
42
42
42
42
42
42
42
42
42
41
40
40
40
40
40
40
39
38
38
38
38
38
38
38
37
36
36
36
36
36
36
36
36
35
34
34
34
34
34
34
33
33
34
34
34
34
34
34
34
34
35
35
36
36
37
37
38
39
39
40
43
45
46
48
51
52
55
57
58
61
63
66
69
72
74
76
78
79
81
83
86
87
88
88
88
88
87
48
49
51
54
57
60
63
66
70
74
76
80
83
85
87
89
92
92
92
92
90
88
87
86
83
76
58
49
42
33
32
1
1
1
1
1
1
1
1
1
1
1
1
1
1
1
1
1
1
1
1
1
1
1
1
1
1
1
1
1
1
1
1
1
1
1
1
1
1
1
1
1
1
1
1
1
1
1
1
1
1
