# Vetor de dados - syn_f003989-3-Pre--front--vetorlinha.txt
# Total de elementos: 768
# Formato: um valor por linha
#==================================================

1
1
1
1
1
1
1
1
1
1
1
1
1
1
1
1
1
1
1
1
1
1
1
1
1
1
1
1
1
1
1
1
1
1
1
1
1
1
1
1
1
1
1
1
1
1
1
1
1
1
1
1
1
1
1
1
1
1
1
1
1
1
1
1
1
1
1
1
1
1
1
1
1
1
1
1
1
1
1
1
1
1
1
1
1
1
1
1
1
1
1
1
1
1
1
1
8
21
26
29
33
37
39
41
43
45
47
48
50
51
52
54
54
56
57
58
58
59
60
60
61
62
62
62
62
62
63
63
63
63
62
63
62
62
62
62
62
63
68
70
71
71
71
71
70
69
69
69
68
67
67
67
65
65
63
61
61
59
54
53
53
52
52
51
51
50
49
48
47
45
45
45
45
45
45
45
45
45
45
45
45
45
45
45
45
46
46
48
50
52
55
57
59
61
63
266
290
298
308
320
378
385
389
393
396
399
400
398
393
409
415
425
432
479
485
490
493
496
444
443
443
445
444
445
446
446
446
446
444
442
439
438
436
418
417
416
420
420
414
413
406
401
398
395
392
389
365
365
152
151
149
148
147
147
146
146
144
144
144
143
142
141
140
138
137
136
134
133
132
130
129
128
127
125
124
122
121
120
118
118
116
116
114
113
112
110
108
108
107
105
105
105
105
105
106
107
107
107
107
106
106
106
105
105
105
104
104
103
103
103
103
102
102
101
101
101
100
100
100
99
98
98
98
98
98
98
98
98
100
100
100
100
100
100
101
101
101
101
101
101
101
101
102
102
102
102
102
104
105
106
108
109
110
112
113
114
116
116
118
118
120
120
120
122
122
122
124
124
124
124
125
125
126
126
127
127
127
127
127
127
127
128
129
129
129
129
129
129
130
130
131
131
131
131
131
131
132
133
133
133
133
134
134
134
136
136
136
138
138
138
139
140
140
141
141
142
142
142
142
142
143
144
144
144
144
144
145
145
145
145
145
145
145
145
145
145
145
145
145
145
145
145
144
144
144
144
144
144
143
143
143
143
142
142
142
142
142
142
142
142
142
141
141
141
140
140
140
140
140
140
140
139
139
138
138
138
138
137
136
136
136
136
135
135
134
134
133
132
132
132
131
130
130
130
129
128
128
127
126
126
125
124
124
123
123
123
122
121
121
121
119
119
119
118
117
117
117
117
117
115
115
115
115
115
115
113
113
113
113
113
113
113
113
113
113
113
113
112
112
112
112
112
112
112
112
112
112
112
112
112
112
112
112
112
112
113
113
113
114
114
114
115
115
116
117
117
117
118
118
119
120
120
120
121
122
122
122
122
123
124
124
124
124
124
124
124
124
124
125
126
126
126
126
125
125
125
125
124
124
124
124
124
124
124
124
123
123
122
122
122
121
121
120
120
120
119
119
118
118
118
117
116
116
116
115
114
114
114
113
112
112
112
112
110
110
110
109
108
108
108
107
107
106
106
105
105
105
104
103
103
103
102
101
101
101
99
99
99
99
97
97
97
97
95
95
95
95
95
95
95
95
94
94
95
95
95
95
95
96
96
96
95
95
95
95
95
96
96
96
96
97
97
98
99
99
100
101
101
103
103
105
106
107
109
110
111
112
113
113
114
115
115
115
116
116
115
115
114
114
114
114
114
114
113
112
109
106
105
103
100
96
45
1
1
1
1
1
1
1
1
1
1
1
1
1
1
1
1
1
1
1
1
1
1
1
1
1
1
1
1
1
1
1
1
1
1
1
1
