# Vetor de dados - syn_f001292-2-Pre--front--vetorlinha.txt
# Total de elementos: 768
# Formato: um valor por linha
#==================================================

1
1
1
1
1
1
1
1
1
1
1
1
1
1
1
1
1
1
1
1
1
1
1
1
1
1
1
1
1
1
1
1
1
1
1
1
1
1
1
1
1
1
1
1
1
1
1
1
1
1
1
1
1
1
1
1
1
1
1
1
1
1
1
1
1
1
1
1
1
1
1
1
1
1
1
1
1
1
1
1
1
1
1
1
1
1
1
1
1
1
1
1
1
1
1
1
1
1
1
1
1
1
1
1
1
1
1
1
1
18
25
29
33
36
39
41
43
45
47
49
50
51
53
53
55
56
57
58
59
60
60
61
62
62
63
63
63
63
63
63
63
63
63
63
63
63
62
62
63
69
71
71
71
71
71
70
69
69
68
68
67
67
66
65
64
62
61
61
58
52
52
50
50
50
48
48
48
47
46
45
45
45
45
45
45
45
45
45
45
45
45
45
45
45
45
45
47
47
51
55
59
271
286
298
382
392
399
404
413
421
426
426
473
477
484
494
509
529
533
536
539
542
490
493
495
504
509
517
513
509
505
499
493
487
476
452
451
446
435
427
419
413
321
307
290
266
193
175
168
164
160
157
155
153
152
150
150
148
147
147
145
145
144
143
142
140
138
137
136
134
133
131
130
129
128
127
126
125
124
123
122
121
120
118
118
116
116
114
114
112
112
110
110
109
108
107
107
106
105
105
104
104
103
103
103
103
103
103
103
103
103
103
103
103
103
103
103
101
101
101
101
101
101
99
99
99
99
99
98
97
97
97
98
98
98
98
99
101
101
103
104
106
108
109
111
111
112
113
114
115
116
117
118
119
120
120
121
122
123
124
125
125
127
127
128
129
130
132
132
132
134
134
134
135
135
136
137
137
137
137
137
137
138
138
138
138
138
138
138
138
139
140
140
140
140
140
140
141
141
141
141
142
143
143
143
143
144
145
145
145
147
147
147
149
149
149
150
151
151
151
151
151
151
151
153
153
153
153
153
153
153
154
154
154
153
153
153
153
153
153
153
153
153
153
152
152
151
151
151
151
151
151
151
151
151
151
151
151
150
150
149
149
149
149
149
149
147
147
147
147
147
145
145
145
145
145
143
143
142
141
141
140
139
139
138
137
137
137
136
135
135
135
135
133
133
133
133
132
131
131
130
130
129
128
128
128
127
126
126
125
124
124
123
122
122
121
120
120
120
119
118
118
116
116
116
116
116
115
115
115
115
115
115
115
115
115
115
115
115
115
115
115
114
114
114
114
114
114
114
114
114
114
114
115
115
115
116
116
116
117
118
118
118
119
120
120
120
121
122
122
122
122
124
124
124
124
125
125
125
125
126
126
126
126
126
126
126
126
127
127
126
126
126
125
125
125
125
125
125
125
125
125
123
123
123
123
122
121
121
121
120
120
119
119
119
117
117
117
116
115
115
114
114
113
113
112
111
111
110
110
110
109
108
108
108
107
106
106
106
106
104
104
104
104
102
102
102
102
101
100
100
100
100
99
99
98
98
98
98
98
98
97
98
97
98
98
98
99
99
100
100
101
101
101
100
100
100
101
101
101
100
101
102
102
103
103
104
105
106
107
108
108
110
111
112
114
116
117
118
119
119
121
121
122
122
123
122
121
121
121
121
120
120
119
118
117
116
109
105
98
45
1
1
1
1
1
1
1
1
1
1
1
1
1
1
1
1
1
1
1
1
1
1
1
1
1
1
1
1
1
1
1
1
1
1
1
1
1
1
1
1
1
1
1
1
1
1
1
