# Vetor de dados - syn_f003098-3-Pre--left--vetorlinha.txt
# Total de elementos: 768
# Formato: um valor por linha
#==================================================

1
1
1
1
1
1
1
1
1
1
1
1
1
1
1
1
1
1
1
1
1
1
1
1
1
1
1
1
1
1
1
1
1
1
1
1
1
1
1
1
1
1
1
1
1
1
1
1
1
1
1
1
1
1
1
1
1
1
1
1
1
1
1
1
1
1
1
1
1
1
1
1
1
1
1
1
1
1
1
1
1
1
1
1
1
1
1
1
1
1
1
1
1
1
1
1
1
1
1
1
1
1
1
1
1
1
1
1
10
22
29
35
40
42
45
49
52
54
56
58
60
61
63
64
66
67
67
69
69
70
71
72
72
74
74
74
74
74
74
74
75
75
75
76
77
77
78
79
79
80
80
81
81
82
82
82
83
83
82
81
79
78
74
73
71
71
70
69
68
67
66
66
66
65
64
63
63
63
63
62
62
62
63
63
62
62
61
61
59
57
55
54
52
51
51
50
51
51
51
51
52
53
52
53
54
54
55
56
57
60
81
95
102
111
155
164
172
179
185
190
194
198
204
210
217
225
234
237
241
244
248
252
256
261
267
271
276
285
292
298
311
311
312
312
311
309
306
304
295
294
272
213
207
200
191
180
172
164
108
109
109
110
110
110
110
110
110
110
110
111
111
111
111
110
110
110
108
108
108
108
107
107
106
106
105
105
105
104
104
102
102
101
101
101
100
100
100
100
101
101
100
100
100
100
99
99
99
97
97
97
96
96
96
95
95
94
93
93
93
92
92
91
91
91
90
89
88
88
87
87
87
86
86
86
86
85
86
86
86
86
87
87
88
89
91
92
94
96
98
99
101
103
104
105
106
108
109
111
112
113
114
114
114
116
116
117
117
118
118
118
119
119
119
120
121
121
121
121
121
121
122
122
122
122
122
122
121
121
121
121
120
120
119
119
119
119
118
117
117
117
117
115
115
115
115
114
113
113
112
111
111
110
109
108
108
106
105
104
103
103
102
101
101
101
100
99
99
98
97
96
96
96
95
94
93
92
91
91
91
91
90
90
90
90
89
89
89
89
89
89
89
90
90
90
89
89
89
89
90
90
90
89
89
89
89
89
89
89
88
88
88
88
87
87
87
87
87
86
86
86
86
86
86
84
84
84
84
84
84
83
83
82
82
82
81
81
80
80
80
80
79
78
78
77
77
76
75
75
75
75
73
73
72
72
71
70
70
69
69
69
67
67
66
66
65
65
64
64
63
63
62
62
60
60
60
60
60
60
60
60
60
61
60
61
60
61
60
61
61
60
61
60
61
60
61
60
61
60
61
61
61
61
61
61
62
61
60
61
60
60
61
60
60
60
61
60
60
61
61
61
61
61
61
61
61
61
61
61
61
61
60
60
59
59
59
59
59
59
59
59
60
60
59
59
59
59
59
58
58
58
58
58
57
57
57
57
57
57
56
55
55
55
55
53
53
53
53
53
51
51
51
50
50
49
48
48
48
47
46
45
45
45
44
44
43
42
42
42
41
41
41
39
39
39
38
38
38
38
38
37
37
39
40
41
42
44
45
47
49
51
53
56
59
61
67
73
76
78
80
80
82
84
84
85
85
85
85
85
86
86
86
86
86
55
58
61
66
69
72
76
79
82
85
87
89
91
91
92
94
93
92
92
90
88
87
81
69
61
55
49
43
41
1
1
1
1
1
1
1
1
1
1
1
1
1
1
1
1
1
1
1
1
1
1
1
1
1
1
1
1
1
1
1
1
1
1
1
1
1
1
1
1
1
1
1
1
1
1
