# Vetor de dados - syn_f002324-2-Pre--front--vetorlinha.txt
# Total de elementos: 768
# Formato: um valor por linha
#==================================================

1
1
1
1
1
1
1
1
1
1
1
1
1
1
1
1
1
1
1
1
1
1
1
1
1
1
1
1
1
1
1
1
1
1
1
1
1
1
1
1
1
1
1
1
1
1
1
1
1
1
1
1
1
1
1
1
1
1
1
1
1
1
1
1
1
1
1
1
1
1
1
1
1
1
1
1
1
1
1
1
1
1
1
1
1
1
1
1
1
1
1
1
1
1
1
1
1
18
25
29
33
36
39
41
43
45
47
48
50
51
52
54
54
56
56
58
58
59
60
60
62
62
62
62
63
64
64
64
64
64
64
64
64
63
63
63
62
62
66
70
71
71
72
72
71
70
70
70
69
69
68
68
67
66
65
64
62
62
59
55
53
53
53
52
52
51
51
49
49
47
46
46
45
45
45
45
45
45
45
45
45
45
45
45
45
45
45
46
47
51
55
59
62
65
69
76
85
91
112
135
147
158
168
178
194
284
296
311
327
344
358
373
424
431
438
444
452
459
467
475
484
493
510
525
545
549
553
556
559
560
561
560
544
552
557
562
567
570
474
474
471
471
395
398
395
393
392
389
389
386
148
147
146
145
144
143
143
142
141
141
139
137
136
135
134
132
132
130
130
128
128
127
126
125
124
124
122
122
121
120
119
119
117
117
115
115
113
113
111
110
108
108
108
108
108
107
107
107
106
106
106
106
106
106
106
106
106
105
104
104
104
104
104
104
104
103
103
102
102
102
102
102
101
100
100
100
100
100
100
100
101
102
102
102
104
104
104
106
106
107
108
109
110
111
113
113
115
116
117
118
120
120
122
123
124
126
126
128
129
130
131
132
133
133
134
134
135
136
136
137
138
138
138
138
138
139
139
139
139
139
139
139
139
139
139
140
140
141
141
141
141
141
141
143
143
143
143
145
145
145
145
147
147
147
147
148
149
149
149
150
151
151
152
152
153
152
153
153
153
153
153
153
153
153
153
154
155
155
155
155
154
153
153
153
153
153
153
153
153
153
152
152
152
152
152
151
151
151
151
150
150
150
150
149
149
149
148
148
148
148
147
147
147
146
146
145
145
145
145
144
144
143
143
142
141
140
140
139
138
137
136
136
135
134
134
134
133
132
132
131
131
130
130
129
128
128
128
127
126
126
126
125
125
124
124
124
123
123
122
122
122
121
121
120
120
120
120
119
119
119
118
118
118
118
118
118
118
118
118
118
118
118
118
118
118
118
118
118
118
118
118
118
118
118
118
118
118
117
117
117
117
117
117
117
118
118
118
118
118
118
119
119
119
119
119
120
120
121
121
121
121
121
121
121
122
122
123
123
123
123
123
123
123
123
123
123
123
123
123
123
123
123
123
123
123
122
121
121
121
121
121
121
121
120
119
119
119
119
118
117
117
117
117
117
116
115
115
115
115
113
113
113
113
112
111
111
111
111
110
109
109
109
109
108
107
107
107
107
106
105
105
105
105
104
104
103
103
103
103
103
102
102
102
101
101
101
101
100
100
100
100
100
100
100
100
99
99
99
99
98
98
98
98
99
99
99
99
100
99
100
101
101
101
101
101
101
101
101
101
102
103
103
103
104
105
105
105
107
107
109
109
111
111
113
113
115
116
117
117
119
119
120
121
122
122
122
121
121
120
120
119
119
117
116
115
113
107
105
100
97
45
41
1
1
1
1
1
1
1
1
1
1
1
1
1
1
1
1
1
1
1
1
1
1
1
1
1
1
1
1
1
1
1
1
1
1
1
1
