# Vetor de dados - syn_f002454-1-Pre--left--vetorlinha.txt
# Total de elementos: 768
# Formato: um valor por linha
#==================================================

1
1
1
1
1
1
1
1
1
1
1
1
1
1
1
1
1
1
1
1
1
1
1
1
1
1
1
1
1
1
1
1
1
1
1
1
1
1
1
1
1
1
1
1
1
1
1
1
1
1
1
1
1
1
1
1
1
1
1
1
1
1
1
1
1
1
1
1
1
1
1
1
1
1
1
1
1
1
1
1
1
1
1
1
1
1
1
1
1
1
1
1
1
1
1
1
1
1
1
1
1
1
1
1
1
1
1
1
1
1
1
1
1
1
1
1
1
1
1
1
1
1
1
1
1
1
1
1
1
20
27
33
38
43
47
50
52
55
57
59
61
63
65
67
68
70
71
72
74
74
75
76
76
77
79
79
79
79
80
80
80
80
80
80
80
80
80
81
82
81
82
83
84
84
85
86
87
88
88
88
88
87
86
84
83
80
80
79
78
78
77
76
75
75
74
73
73
72
70
70
71
71
70
70
70
70
69
68
67
66
64
64
62
61
60
59
59
58
58
57
56
56
55
56
56
56
56
57
57
58
58
59
60
61
61
169
175
179
186
206
215
219
222
226
233
240
247
254
269
287
289
288
288
287
286
284
282
279
272
272
271
252
247
213
209
206
203
201
198
195
192
190
186
181
174
162
155
148
141
136
132
128
125
122
119
117
117
117
118
118
119
119
120
120
120
121
121
121
121
122
122
122
121
121
121
122
122
122
122
122
122
122
121
121
120
120
120
119
117
116
115
115
115
116
115
116
116
116
116
116
116
116
116
116
117
116
116
116
116
116
116
116
116
116
116
115
116
115
115
115
116
115
115
115
114
115
115
115
114
114
114
113
113
112
113
112
112
112
111
111
110
109
109
109
110
110
110
111
111
111
113
113
114
115
116
116
118
118
119
119
120
121
121
122
122
123
123
123
124
124
126
126
126
127
127
127
127
128
128
128
128
128
128
129
128
128
129
129
128
128
127
127
126
126
126
126
126
125
124
124
123
123
122
122
120
119
119
118
117
117
116
115
113
113
111
109
109
108
108
108
107
107
106
105
106
106
105
104
104
103
103
103
102
102
101
101
100
99
99
98
98
97
96
95
95
95
95
95
95
94
93
93
93
93
92
92
91
91
91
90
90
90
89
89
88
87
87
87
86
86
86
85
85
85
83
83
82
82
82
81
81
80
79
78
78
78
77
77
76
75
74
74
73
73
72
71
71
70
69
68
67
67
66
64
64
63
62
61
61
60
59
59
58
58
56
56
56
56
57
56
57
56
57
56
57
57
57
57
57
57
56
57
56
57
57
57
57
57
57
57
57
56
57
56
56
55
56
55
55
55
55
55
55
54
54
54
54
54
54
54
54
55
55
55
54
54
55
55
55
55
54
54
54
54
54
54
54
54
54
54
53
52
52
52
52
51
51
51
51
49
49
49
49
48
47
47
47
47
46
46
46
46
45
45
45
45
44
44
44
44
44
43
43
44
45
45
45
47
48
50
52
54
56
58
61
64
68
71
73
75
78
79
80
81
81
82
82
82
83
85
85
84
84
84
50
53
55
59
62
64
67
70
72
75
77
80
81
82
83
84
82
81
80
79
77
71
65
61
57
51
49
45
40
35
21
1
1
1
1
1
1
1
1
1
1
1
1
1
1
1
1
1
1
1
1
1
1
1
1
1
1
1
1
1
1
1
1
1
1
1
1
1
1
1
1
1
1
1
1
1
1
1
1
1
1
1
1
1
1
1
1
1
1
1
1
1
1
1
