# Vetor de dados - syn_f000188-3-Pre--left--vetorlinha.txt
# Total de elementos: 768
# Formato: um valor por linha
#==================================================

1
1
1
1
1
1
1
1
1
1
1
1
1
1
1
1
1
1
1
1
1
1
1
1
1
1
1
1
1
1
1
1
1
1
1
1
1
1
1
1
1
1
1
1
1
1
1
1
1
1
1
1
1
1
1
1
1
1
1
1
1
1
1
1
1
1
1
1
1
1
1
1
1
1
1
1
1
1
1
1
1
1
1
1
1
1
1
1
1
1
1
1
1
1
1
1
1
1
1
1
1
1
1
1
1
1
1
1
1
1
1
1
1
1
1
1
1
1
1
1
1
1
1
1
1
1
1
1
10
23
30
35
40
44
47
50
52
54
56
58
60
62
64
65
67
67
69
69
71
71
72
73
74
74
74
75
75
75
75
75
75
75
76
76
76
76
75
75
76
77
76
77
78
79
80
80
80
80
79
78
76
76
74
74
73
74
73
72
72
71
72
71
70
68
68
68
68
68
67
67
67
67
66
65
63
60
57
52
50
50
49
48
49
48
49
48
48
48
49
49
182
194
204
209
214
217
222
228
238
245
265
280
280
280
280
279
277
275
273
266
266
264
248
246
235
209
205
201
199
195
191
186
181
176
168
160
153
146
129
107
100
94
92
93
94
95
95
97
98
98
98
99
99
99
98
99
99
99
100
99
100
98
98
98
97
97
97
97
96
96
96
96
94
94
94
93
92
91
90
90
88
87
85
84
85
86
87
86
87
87
88
88
89
89
89
89
90
90
90
89
89
89
88
89
88
88
87
87
87
86
86
86
86
86
85
85
85
85
85
85
84
84
84
84
84
84
83
83
83
84
84
85
86
87
88
89
90
91
91
93
94
94
96
96
98
99
101
101
102
103
104
104
106
106
106
107
107
107
108
109
109
109
109
110
110
110
110
110
110
110
110
111
110
110
110
109
109
109
109
108
108
107
107
106
106
105
105
105
104
102
102
101
101
101
100
101
101
101
102
101
101
101
100
100
99
100
100
99
98
98
97
98
97
96
95
95
95
94
93
93
92
91
90
88
88
88
88
88
87
87
87
86
86
85
84
85
85
85
85
86
86
86
86
86
86
86
86
86
86
86
86
86
86
86
86
86
85
85
85
84
83
83
83
83
83
82
81
81
81
81
79
79
79
79
78
77
77
77
76
75
75
75
74
74
73
72
72
71
71
69
69
68
68
67
67
65
65
64
64
63
62
62
60
60
59
59
59
58
58
57
57
57
56
56
56
56
55
56
56
57
57
57
57
58
59
59
59
59
59
58
59
58
59
58
59
58
59
58
59
59
58
57
58
57
57
56
55
56
56
55
55
54
54
54
54
54
54
54
54
54
54
54
55
55
55
55
55
55
56
56
56
56
56
56
56
56
55
55
55
55
55
55
55
55
55
54
54
54
53
53
53
53
52
51
51
50
50
50
50
48
48
48
47
47
46
45
45
45
44
43
43
42
42
42
41
40
40
40
40
39
39
38
39
38
38
38
39
40
40
40
42
43
45
47
50
53
57
59
64
68
72
74
76
78
81
83
83
83
85
85
85
86
85
85
78
43
46
48
50
53
55
60
64
68
72
76
78
80
83
85
86
89
89
89
87
86
83
81
77
68
60
53
44
40
35
1
1
1
1
1
1
1
1
1
1
1
1
1
1
1
1
1
1
1
1
1
1
1
1
1
1
1
1
1
1
1
1
1
1
1
1
1
1
1
1
1
1
1
1
1
1
1
1
1
1
1
1
1
1
1
1
1
1
1
1
1
1
1
