# Vetor de dados - syn_f003888-1-Pre--left--vetorlinha.txt
# Total de elementos: 768
# Formato: um valor por linha
#==================================================

1
1
1
1
1
1
1
1
1
1
1
1
1
1
1
1
1
1
1
1
1
1
1
1
1
1
1
1
1
1
1
1
1
1
1
1
1
1
1
1
1
1
1
1
1
1
1
1
1
1
1
1
1
1
1
1
1
1
1
1
1
1
1
1
1
1
1
1
1
1
1
1
1
1
1
1
1
1
1
1
1
1
1
1
1
1
1
1
1
1
1
1
1
1
1
1
1
1
1
1
1
1
1
1
1
1
1
1
1
1
1
1
20
27
34
39
43
47
50
53
55
57
59
61
63
65
66
68
69
71
71
72
73
74
75
75
77
77
78
78
78
79
79
79
79
79
79
79
79
80
80
81
82
83
84
84
85
85
86
87
86
86
86
86
83
82
79
79
78
77
77
76
75
74
73
73
72
72
71
71
70
70
69
69
69
69
69
69
69
69
68
67
66
64
62
60
59
57
56
55
54
55
55
54
54
54
55
56
56
56
57
57
57
57
58
58
61
188
197
235
240
246
254
263
269
285
306
307
307
307
306
306
303
301
299
292
291
290
272
269
259
223
219
214
210
207
203
198
190
184
178
171
164
157
152
141
130
124
119
114
109
105
105
106
106
107
107
108
109
109
110
111
111
112
112
113
113
113
114
115
116
116
116
116
117
117
117
118
118
118
118
117
117
117
117
117
116
116
114
114
113
111
111
109
108
107
105
104
105
104
105
105
105
105
106
105
106
106
105
106
106
105
105
106
105
105
105
105
105
105
104
104
104
104
104
103
104
104
104
103
103
103
102
103
103
103
103
104
104
104
105
105
105
106
107
107
108
108
108
109
110
110
111
112
112
112
113
113
115
115
115
115
116
116
116
116
117
117
117
117
118
118
118
118
118
118
118
118
118
118
117
117
118
117
117
117
116
116
115
115
115
114
114
113
113
112
111
111
110
109
108
107
107
106
105
105
103
102
102
101
100
98
97
96
94
93
93
92
91
91
90
90
89
89
88
88
87
87
86
86
86
86
85
85
84
84
83
83
82
82
81
81
80
80
80
79
79
79
79
79
78
78
78
78
78
78
77
76
76
76
76
76
76
76
75
75
75
75
75
73
73
74
73
72
72
72
72
71
71
71
70
70
70
69
68
68
67
67
67
66
66
66
65
64
63
63
63
62
62
60
60
60
59
59
58
57
57
56
56
55
55
55
54
53
53
53
53
52
52
52
52
52
52
52
52
52
52
51
51
51
51
51
52
52
52
52
53
53
52
52
53
52
52
52
52
52
52
51
51
51
51
50
50
50
49
49
48
48
48
47
47
46
46
46
46
46
46
46
46
46
45
45
45
45
45
46
46
46
45
45
45
46
46
46
46
46
46
46
45
45
46
46
45
45
44
44
44
44
44
44
44
43
43
43
43
42
42
41
41
41
41
41
40
39
39
39
39
39
38
37
37
37
37
37
37
37
36
36
36
36
36
36
36
36
36
36
35
35
35
35
35
35
35
36
36
36
36
37
38
38
39
39
40
42
43
46
47
49
51
54
56
59
61
65
70
73
75
76
80
82
84
86
86
86
86
86
86
86
86
86
69
51
54
57
59
62
66
69
73
77
79
82
86
87
89
91
93
93
93
92
90
89
88
86
79
60
53
48
39
36
1
1
1
1
1
1
1
1
1
1
1
1
1
1
1
1
1
1
1
1
1
1
1
1
1
1
1
1
1
1
1
1
1
1
1
1
1
1
1
1
1
1
1
1
1
1
1
1
