# Vetor de dados - syn_f003742-1-Pre--left--vetorlinha.txt
# Total de elementos: 768
# Formato: um valor por linha
#==================================================

1
1
1
1
1
1
1
1
1
1
1
1
1
1
1
1
1
1
1
1
1
1
1
1
1
1
1
1
1
1
1
1
1
1
1
1
1
1
1
1
1
1
1
1
1
1
1
1
1
1
1
1
1
1
1
1
1
1
1
1
1
1
1
1
1
1
1
1
1
1
1
1
1
1
1
1
1
1
1
1
1
1
1
1
1
1
1
1
1
1
1
1
1
1
1
1
1
1
1
1
1
1
1
1
1
1
1
19
27
34
39
43
46
49
52
55
57
59
62
64
65
67
69
70
71
72
73
75
75
75
76
78
78
78
79
79
79
79
79
79
79
80
80
80
81
81
81
82
83
84
85
84
85
86
87
87
87
87
86
86
84
82
79
79
77
77
76
75
74
72
72
72
71
70
68
68
68
68
67
66
66
66
66
65
64
62
60
57
52
50
48
48
48
48
47
47
47
48
47
48
49
48
49
49
50
49
50
51
51
52
53
53
54
173
185
200
217
223
230
237
246
257
264
282
302
302
302
303
302
300
299
297
294
287
286
284
265
264
210
206
201
197
193
188
183
178
172
166
161
152
145
136
122
118
115
110
104
97
95
96
98
98
99
100
100
101
101
101
101
101
102
102
102
103
103
103
102
102
103
103
103
103
102
102
102
102
103
102
101
101
100
99
98
97
97
95
94
93
91
91
91
91
92
91
92
92
91
92
92
92
91
92
92
91
91
92
91
91
91
90
90
90
89
90
89
89
89
88
88
88
88
88
88
88
88
87
87
87
87
87
87
87
87
87
87
87
87
87
87
88
88
89
90
89
90
90
90
91
91
92
92
93
94
95
95
96
96
98
98
99
100
100
101
102
103
103
103
104
104
104
106
106
106
106
106
106
106
105
105
106
106
106
106
104
105
104
104
103
103
103
103
102
102
101
101
101
100
100
99
98
97
97
97
96
95
95
94
94
94
94
94
94
94
94
94
93
93
93
92
93
93
92
92
91
91
90
90
89
89
88
88
88
88
87
86
86
86
85
85
84
84
84
83
83
83
83
83
82
82
82
82
81
81
81
81
81
81
80
80
80
80
80
80
78
78
78
78
77
77
77
77
77
76
77
76
76
76
76
76
75
75
75
75
74
74
74
74
73
73
73
73
72
72
72
71
71
71
70
70
70
69
69
69
68
68
68
66
66
65
65
65
64
64
64
63
63
62
62
61
61
61
61
60
60
60
58
58
58
57
57
57
56
56
55
56
55
55
55
55
55
55
54
55
54
55
54
54
54
54
54
54
54
54
55
54
54
55
54
54
53
53
52
53
53
53
52
52
52
52
52
52
52
51
51
51
51
51
51
51
51
51
51
51
50
50
50
50
50
51
51
51
51
50
50
50
50
50
50
49
49
49
49
49
48
47
47
47
47
47
46
46
46
46
45
44
44
44
44
44
44
43
42
42
42
42
41
41
41
40
40
40
39
39
39
38
38
38
38
37
37
37
38
37
37
37
37
38
38
38
39
39
39
40
41
42
43
45
47
48
51
53
57
59
64
69
72
75
77
79
81
83
85
87
88
89
90
91
91
91
90
91
91
89
50
52
54
57
60
63
67
70
72
76
79
82
86
88
91
93
95
95
94
93
91
88
85
80
70
63
57
49
43
39
1
1
1
1
1
1
1
1
1
1
1
1
1
1
1
1
1
1
1
1
1
1
1
1
1
1
1
1
1
1
1
1
1
1
1
1
1
1
1
1
1
1
1
1
1
