# Vetor de dados - syn_f002204-3-Pre--front--vetorcoluna.txt
# Total de elementos: 1024
# Formato: um valor por linha
#==================================================

1
1
1
1
1
1
1
1
1
1
1
1
1
1
1
1
1
1
1
1
1
1
1
1
1
1
1
1
1
1
1
1
1
1
1
1
1
1
1
1
1
1
1
1
1
1
1
1
1
1
1
1
1
1
1
1
1
1
1
1
1
1
1
1
1
1
1
1
1
1
1
1
1
1
1
1
1
1
1
1
1
1
1
1
1
1
1
1
1
1
1
1
1
1
1
1
1
1
1
1
1
1
1
1
1
1
1
1
1
1
1
1
1
1
1
1
1
1
1
1
1
1
1
1
1
1
1
1
1
1
1
1
1
1
1
1
1
1
1
1
1
1
1
1
1
1
1
1
1
1
1
1
1
1
1
1
1
1
1
1
1
1
1
1
1
1
1
1
1
1
1
1
1
1
1
1
1
1
1
1
1
1
1
1
1
1
1
1
1
1
1
1
1
1
1
1
1
1
1
1
1
1
1
1
1
1
1
1
1
1
1
1
1
1
1
1
1
1
1
1
1
1
1
1
1
1
1
1
1
1
1
1
1
1
1
1
1
1
1
1
1
1
1
1
1
1
1
1
1
1
1
1
1
1
1
1
1
1
1
1
1
1
1
1
1
1
1
1
1
1
1
1
1
1
1
1
1
1
1
1
1
1
1
1
1
1
41
41
41
42
42
42
42
42
42
42
42
42
42
42
43
43
43
43
43
43
43
43
43
43
44
44
44
44
44
44
45
45
45
45
45
45
45
45
45
45
45
45
45
45
45
45
45
45
45
45
45
45
45
44
44
44
44
44
44
44
44
44
43
43
43
43
43
42
42
42
42
42
42
41
41
41
41
41
41
41
41
41
41
41
41
41
41
41
41
41
41
41
41
41
41
41
41
41
42
42
42
42
42
42
42
42
42
42
42
42
42
42
43
43
43
43
43
43
43
43
43
43
43
43
43
43
43
43
43
43
43
43
43
43
43
44
44
44
45
45
46
46
46
47
47
48
48
49
50
51
54
61
66
70
73
76
77
78
80
79
76
76
79
300
303
305
308
311
313
317
421
425
429
432
436
439
443
447
524
524
524
525
526
527
527
526
525
525
524
525
525
527
527
529
529
529
528
527
522
520
451
446
441
435
509
506
501
495
489
454
451
448
446
443
441
436
429
419
393
384
378
372
365
351
342
335
335
353
366
370
374
377
382
389
400
435
440
443
445
449
451
482
490
495
498
503
507
513
518
524
529
454
521
526
528
528
529
528
526
525
525
523
523
523
524
524
525
525
525
525
522
522
521
442
438
433
429
425
421
417
414
412
312
308
305
303
300
298
80
79
78
76
75
74
72
69
67
65
62
59
53
50
49
48
47
47
46
46
46
45
45
44
44
44
44
43
42
42
42
42
41
41
41
41
41
41
41
40
40
40
40
40
40
40
40
40
40
40
40
39
39
39
39
38
38
38
38
38
37
37
37
37
36
36
36
35
35
35
35
35
34
34
33
33
33
33
33
33
33
33
34
34
34
34
34
34
34
34
34
35
35
35
35
36
37
37
37
37
37
37
37
37
37
37
37
38
38
38
37
37
37
36
36
36
36
36
36
36
36
36
36
36
36
36
36
35
35
35
35
34
34
34
33
33
33
33
33
33
32
31
31
31
30
30
30
30
30
29
28
28
28
28
27
27
27
27
27
26
26
26
26
26
26
25
25
25
25
25
25
24
24
24
24
24
24
23
23
23
23
23
23
23
23
22
22
22
22
22
22
22
22
22
22
22
22
22
22
21
21
21
21
21
19
20
20
20
21
19
19
20
21
21
21
21
21
21
21
21
21
21
20
20
17
14
14
14
14
14
14
1
1
1
1
1
1
1
1
1
1
1
1
1
1
1
1
1
1
1
1
1
1
1
1
1
1
1
1
1
1
1
1
1
1
1
1
1
1
1
1
1
1
1
1
1
1
1
1
1
1
1
1
1
1
1
1
1
1
1
1
1
1
1
1
1
1
1
1
1
1
1
1
1
1
1
1
1
1
1
1
1
1
1
1
1
1
1
1
1
1
1
1
1
1
1
1
1
1
1
1
1
1
1
1
1
1
1
1
1
1
1
1
1
1
1
1
1
1
1
1
1
1
1
1
1
1
1
1
1
1
1
1
1
1
1
1
1
1
1
1
1
1
1
1
1
1
1
1
1
1
1
1
1
1
1
1
1
1
1
1
1
1
1
1
1
1
1
1
1
1
1
1
1
1
1
1
1
1
1
1
1
1
1
1
1
1
1
1
1
1
1
1
1
1
1
1
1
1
1
1
1
1
1
1
1
1
1
1
1
1
1
1
1
1
1
1
1
1
1
