# Vetor de dados - syn_f004384-3-Pre--front--vetorlinha.txt
# Total de elementos: 768
# Formato: um valor por linha
#==================================================

1
1
1
1
1
1
1
1
1
1
1
1
1
1
1
1
1
1
1
1
1
1
1
1
1
1
1
1
1
1
1
1
1
1
1
1
1
1
1
1
1
1
1
1
1
1
1
1
1
1
1
1
1
1
1
1
1
1
1
1
1
1
1
1
1
1
1
1
1
1
1
1
1
1
1
1
1
1
1
1
1
1
1
1
1
1
1
1
1
1
1
1
1
1
1
1
1
1
1
1
1
1
1
1
1
1
1
1
1
1
1
1
1
1
1
1
1
1
1
1
1
1
1
1
1
1
1
1
1
1
1
12
22
26
30
34
37
39
41
43
45
47
47
49
50
51
53
54
55
55
56
57
57
58
59
59
59
59
60
60
59
59
59
59
59
59
59
59
62
66
67
67
67
67
66
66
65
65
65
64
63
63
62
60
60
58
56
55
52
51
51
51
51
49
49
49
47
46
45
45
45
45
45
45
45
45
46
46
46
46
47
49
51
54
57
61
64
68
73
78
82
92
126
168
176
188
204
225
240
252
264
299
341
356
366
375
383
390
398
407
416
427
441
450
458
463
469
475
482
490
499
507
516
530
546
556
573
580
579
579
579
577
573
550
531
533
157
154
151
149
147
146
145
143
143
142
142
140
140
139
139
137
136
134
134
133
132
131
130
129
128
127
127
125
124
122
122
120
120
118
117
116
115
113
112
111
109
106
106
106
106
106
107
107
107
108
108
108
108
107
107
106
106
105
105
105
104
104
104
103
102
102
102
102
102
102
102
102
101
101
101
100
100
99
99
99
99
99
99
99
99
99
99
101
102
103
104
106
107
109
110
112
113
115
116
117
118
119
121
121
122
123
123
125
125
125
126
127
127
127
127
127
127
127
128
128
128
128
128
128
128
129
129
129
129
129
129
129
129
129
130
130
130
130
130
130
131
131
131
131
132
133
133
134
135
135
136
137
138
139
139
140
141
141
141
141
143
143
143
143
145
145
145
145
146
147
147
147
147
147
147
147
147
147
147
147
147
147
147
147
147
147
147
147
147
146
146
146
145
145
145
145
145
145
145
144
143
143
143
142
142
141
141
140
140
140
139
138
137
137
136
135
135
134
133
133
133
131
131
131
131
129
129
129
128
127
127
125
125
125
123
123
121
121
121
119
119
118
117
117
116
115
115
114
114
114
113
113
113
112
112
112
112
112
111
111
110
110
110
110
110
110
108
108
108
108
108
108
107
107
107
108
109
109
109
109
111
111
111
113
113
114
115
115
116
116
116
117
118
118
119
120
120
120
120
121
122
122
122
122
122
122
122
122
123
123
123
123
122
122
122
122
122
122
122
122
122
121
120
120
120
119
118
118
118
117
116
116
116
115
114
114
112
112
112
110
110
110
108
108
108
106
106
106
104
104
104
102
102
102
101
100
100
100
99
98
98
97
97
96
96
95
95
94
94
93
93
93
93
93
93
93
93
93
93
93
93
94
94
95
95
95
95
95
95
95
95
95
94
94
94
94
95
95
96
96
97
97
99
99
101
101
103
104
105
106
107
109
110
111
113
113
115
115
116
116
115
115
114
114
113
112
109
108
106
106
103
100
47
1
1
1
1
1
1
1
1
1
1
1
1
1
1
1
1
1
1
1
1
1
1
1
1
1
1
1
1
1
1
1
1
1
1
1
1
1
1
1
1
1
1
1
1
1
1
1
1
1
1
1
1
1
1
1
1
1
1
1
1
1
1
1
1
1
1
1
1
1
