# Vetor de dados - syn_f004861-1-Pre--front--vetorcoluna.txt
# Total de elementos: 1024
# Formato: um valor por linha
#==================================================

1
1
1
1
1
1
1
1
1
1
1
1
1
1
1
1
1
1
1
1
1
1
1
1
1
1
1
1
1
1
1
1
1
1
1
1
1
1
1
1
1
1
1
1
1
1
1
1
1
1
1
1
1
1
1
1
1
1
1
1
1
1
1
1
1
1
1
1
1
1
1
1
1
1
1
1
1
1
1
1
1
1
1
1
1
1
1
1
1
1
1
1
1
1
1
1
1
1
1
1
1
1
1
1
1
1
1
1
1
1
1
1
1
1
1
1
1
1
1
1
1
1
1
1
1
1
1
1
1
1
1
1
1
1
1
1
1
1
1
1
1
1
1
1
1
1
1
1
1
1
1
1
1
1
1
1
1
1
1
1
1
1
1
1
1
1
1
1
1
1
1
1
1
1
1
1
1
1
1
1
1
1
1
1
1
1
1
1
1
1
1
1
1
1
1
1
1
1
1
1
1
1
1
1
1
1
1
1
1
1
1
1
1
1
1
1
1
1
1
1
1
1
1
1
1
1
1
1
1
1
1
1
1
1
1
1
1
1
1
1
1
1
1
8
6
8
8
8
8
8
8
8
8
8
8
9
9
9
9
9
9
9
9
16
17
17
17
18
18
18
17
17
17
17
17
17
17
17
17
17
17
17
18
18
18
18
18
19
19
18
18
18
18
17
17
17
16
17
17
17
17
17
17
18
18
18
18
18
18
18
18
18
18
18
19
19
19
19
19
19
19
21
21
21
21
21
22
22
22
22
22
22
22
23
24
24
24
24
24
24
25
25
25
26
26
26
26
26
27
27
27
27
27
27
28
28
28
28
28
28
28
28
28
28
28
28
28
28
28
28
28
28
27
27
27
27
27
27
27
27
26
26
26
26
26
26
26
26
26
26
26
26
25
26
26
26
26
26
26
26
26
26
26
26
26
26
27
27
27
27
27
27
27
27
27
27
27
28
28
28
28
28
27
27
28
29
29
29
29
29
29
30
30
30
31
31
31
31
32
33
33
34
34
35
35
37
37
38
38
39
41
43
45
47
49
50
51
52
53
54
55
55
56
270
276
281
291
367
373
379
385
391
463
464
464
464
465
465
465
464
463
462
464
464
465
466
466
467
467
538
539
538
468
464
459
453
448
441
411
406
403
399
397
393
388
376
369
360
352
344
340
335
327
320
322
328
333
338
343
349
357
365
382
388
393
395
400
404
438
443
447
451
454
459
463
464
464
463
463
462
462
461
461
461
462
463
462
462
461
461
460
461
461
460
392
387
381
376
371
366
287
279
274
270
54
53
52
51
49
48
47
46
44
42
41
39
37
36
35
34
33
32
31
31
30
29
29
29
28
28
28
28
28
28
28
28
27
27
27
27
27
27
27
27
26
26
26
26
26
26
25
25
25
26
26
26
26
25
25
25
25
25
25
24
24
24
24
24
24
24
24
24
24
24
25
25
25
25
25
25
25
25
25
25
26
26
26
26
26
27
27
27
27
27
27
27
28
28
28
27
27
27
27
27
27
27
27
27
27
27
27
26
26
26
25
25
25
25
25
25
24
24
24
24
23
23
22
22
22
22
22
21
20
20
19
19
19
19
19
18
18
18
18
18
18
17
17
17
17
17
17
16
16
16
17
17
17
17
17
17
17
18
18
18
18
18
18
18
18
20
18
19
19
20
18
19
19
19
19
20
18
18
18
18
18
18
18
18
18
18
17
17
18
18
18
18
18
18
18
17
17
12
12
12
12
12
12
12
12
12
12
1
1
1
1
1
1
1
1
1
1
1
1
1
1
1
1
1
1
1
1
1
1
1
1
1
1
1
1
1
1
1
1
1
1
1
1
1
1
1
1
1
1
1
1
1
1
1
1
1
1
1
1
1
1
1
1
1
1
1
1
1
1
1
1
1
1
1
1
1
1
1
1
1
1
1
1
1
1
1
1
1
1
1
1
1
1
1
1
1
1
1
1
1
1
1
1
1
1
1
1
1
1
1
1
1
1
1
1
1
1
1
1
1
1
1
1
1
1
1
1
1
1
1
1
1
1
1
1
1
1
1
1
1
1
1
1
1
1
1
1
1
1
1
1
1
1
1
1
1
1
1
1
1
1
1
1
1
1
1
1
1
1
1
1
1
1
1
1
1
1
1
1
1
1
1
1
1
1
1
1
1
1
1
1
1
1
1
1
1
1
1
1
1
1
1
1
1
1
1
1
1
1
1
1
1
1
1
1
1
1
1
1
1
1
1
1
1
1
1
1
1
1
1
1
1
1
1
1
1
1
1
1
1
1
1
1
1
1
1
1
1
1
1
1
1
1
1
1
1
1
1
1
1
