# Vetor de dados - syn_f003156-3-Pre--left--vetorlinha.txt
# Total de elementos: 768
# Formato: um valor por linha
#==================================================

1
1
1
1
1
1
1
1
1
1
1
1
1
1
1
1
1
1
1
1
1
1
1
1
1
1
1
1
1
1
1
1
1
1
1
1
1
1
1
1
1
1
1
1
1
1
1
1
1
1
1
1
1
1
1
1
1
1
1
1
1
1
1
1
1
1
1
1
1
1
1
1
1
1
1
1
1
1
1
1
1
1
1
1
1
1
1
1
1
1
1
1
1
1
1
1
1
1
1
1
1
1
1
1
1
1
1
1
1
1
1
1
1
1
1
1
1
1
1
1
1
1
1
1
1
1
1
1
1
1
1
1
1
1
1
1
1
1
1
1
14
23
30
36
39
43
46
48
51
53
55
57
59
60
62
64
65
66
66
68
68
69
70
71
71
71
71
72
72
72
73
73
73
74
74
74
75
76
75
76
77
78
78
79
79
80
80
79
79
78
76
74
73
71
71
70
69
69
68
67
65
66
65
64
63
62
62
62
62
62
62
62
62
62
61
60
59
57
53
52
50
48
47
47
46
45
46
45
45
46
46
46
47
46
47
146
151
157
164
180
194
199
202
209
217
225
239
259
261
261
261
260
260
257
255
250
247
246
230
227
190
187
184
181
177
174
170
166
161
152
143
101
95
89
85
85
86
86
87
87
88
88
89
89
89
90
90
90
91
91
90
90
90
90
90
90
89
89
89
89
89
88
88
88
88
87
87
87
86
85
85
84
84
84
83
83
83
82
82
83
82
82
82
81
80
80
79
79
78
77
77
76
76
75
75
74
74
73
73
73
73
72
72
72
72
72
71
72
72
72
72
72
72
72
73
74
75
76
78
78
80
80
81
81
82
82
83
83
84
84
84
85
85
86
87
88
88
90
90
90
91
91
93
93
93
93
95
95
95
97
97
97
98
99
99
99
100
100
100
100
101
102
102
102
102
103
103
103
103
102
102
102
102
102
102
101
101
101
101
99
99
99
98
97
96
95
94
92
89
88
87
87
86
86
85
84
84
83
82
82
81
81
80
79
78
78
77
78
78
77
77
77
76
76
76
76
76
76
76
76
76
77
77
77
77
77
77
77
77
77
77
77
77
76
76
75
75
75
75
75
75
74
73
73
73
73
73
73
72
72
71
71
71
70
70
70
69
69
69
68
68
67
67
67
67
66
65
65
64
64
64
63
63
62
61
61
60
60
60
59
59
58
57
57
56
56
56
55
55
55
55
55
55
55
56
56
57
56
57
57
58
59
59
59
59
59
60
59
60
59
59
59
59
58
58
58
57
56
56
55
54
54
54
53
53
53
53
52
52
52
52
52
52
52
52
52
51
51
51
50
50
51
51
51
51
52
52
52
51
51
51
51
51
51
51
50
50
50
50
50
50
49
49
49
48
48
47
47
46
46
45
44
44
44
43
43
41
41
41
40
40
38
38
38
37
37
37
36
36
36
36
36
36
37
37
37
38
39
38
40
42
43
46
48
50
53
55
56
62
66
68
70
71
73
75
75
76
79
79
79
79
78
78
42
44
46
48
50
53
56
59
63
69
72
76
79
81
83
85
85
84
84
82
81
79
76
65
55
49
46
41
39
31
1
1
1
1
1
1
1
1
1
1
1
1
1
1
1
1
1
1
1
1
1
1
1
1
1
1
1
1
1
1
1
1
1
1
1
1
1
1
1
1
1
1
1
1
1
1
1
1
1
1
1
1
1
1
1
1
1
1
1
1
1
1
1
1
1
1
1
1
1
1
1
1
1
1
1
