# Vetor de dados - syn_f000788-2-Pre--front--vetorcoluna.txt
# Total de elementos: 1024
# Formato: um valor por linha
#==================================================

1
1
1
1
1
1
1
1
1
1
1
1
1
1
1
1
1
1
1
1
1
1
1
1
1
1
1
1
1
1
1
1
1
1
1
1
1
1
1
1
1
1
1
1
1
1
1
1
1
1
1
1
1
1
1
1
1
1
1
1
1
1
1
1
1
1
1
1
1
1
1
1
1
1
1
1
1
1
1
1
1
1
1
1
1
1
1
1
1
1
1
1
1
1
1
1
1
1
1
1
1
1
1
1
1
1
1
1
1
1
1
1
1
1
1
1
1
1
1
1
1
1
1
1
1
1
1
1
1
1
1
1
1
1
1
1
1
1
1
1
1
1
1
1
1
1
1
1
1
1
1
1
1
1
1
1
1
1
1
1
1
1
1
1
1
1
1
1
1
1
1
1
1
1
1
1
1
1
1
1
1
1
1
1
1
1
1
1
1
1
1
1
1
1
1
1
1
1
1
1
1
1
1
1
1
1
1
1
1
1
1
1
1
1
1
1
1
1
1
1
1
1
1
1
1
1
1
1
1
1
1
1
1
1
1
1
1
1
1
1
1
18
18
19
20
20
20
20
21
20
20
20
19
19
19
19
20
20
20
20
20
20
20
20
20
21
21
21
21
22
22
22
22
21
22
22
22
22
22
23
23
23
23
23
23
23
23
23
23
23
23
23
23
23
23
22
23
23
23
23
23
23
23
23
23
23
23
23
23
24
24
24
24
24
24
24
25
25
26
26
26
26
27
27
27
28
28
28
29
29
29
29
29
29
29
31
31
31
31
31
31
31
31
32
32
32
32
32
32
32
33
33
33
33
33
33
32
33
33
33
33
32
32
32
32
31
31
31
31
31
30
30
30
30
30
30
30
30
30
30
30
30
30
30
31
31
31
31
31
31
31
31
32
32
32
32
32
32
32
32
33
33
33
33
33
33
33
33
33
33
33
33
33
33
33
33
33
35
35
35
35
35
35
35
35
36
36
36
37
38
38
39
39
40
41
42
43
44
45
47
49
51
53
56
58
60
61
62
63
64
66
67
69
71
73
75
290
293
296
298
302
397
401
405
410
414
419
423
427
500
500
500
500
501
501
501
501
500
500
500
501
503
503
503
503
503
502
501
496
477
433
428
502
499
494
489
484
479
433
430
427
424
420
404
393
377
367
359
352
340
324
322
322
323
348
359
366
371
377
386
395
410
424
428
429
432
479
485
489
495
499
504
509
513
517
564
587
587
587
506
506
505
505
503
502
502
502
503
503
503
502
501
499
499
500
499
498
426
422
416
411
406
401
397
305
300
298
295
292
290
72
68
65
63
62
60
59
58
57
56
54
53
50
48
47
45
44
42
41
40
40
38
38
37
37
36
35
35
34
34
34
34
34
33
32
32
32
32
32
32
32
32
32
32
32
32
32
31
31
31
31
31
31
30
30
30
30
30
30
30
30
29
29
29
29
29
29
29
29
29
29
30
30
30
30
30
30
30
30
30
30
30
30
30
31
31
31
31
31
31
32
32
32
32
32
32
32
33
33
33
33
33
32
32
32
32
32
32
32
32
32
32
32
32
32
32
32
32
32
31
30
30
30
30
30
30
30
29
28
28
28
28
28
27
27
27
27
27
26
26
25
25
25
25
25
25
24
23
23
23
23
23
23
23
21
21
21
21
21
21
21
20
20
20
20
20
20
20
20
20
20
20
20
19
19
20
20
21
21
21
22
21
21
21
21
22
21
21
21
21
21
19
19
19
19
20
20
20
19
19
20
20
21
21
19
19
20
19
19
19
19
18
17
12
10
10
10
10
10
10
9
9
9
9
9
9
9
9
9
9
9
9
9
9
1
1
1
1
1
1
1
1
1
1
1
1
1
1
1
1
1
1
1
1
1
1
1
1
1
1
1
1
1
1
1
1
1
1
1
1
1
1
1
1
1
1
1
1
1
1
1
1
1
1
1
1
1
1
1
1
1
1
1
1
1
1
1
1
1
1
1
1
1
1
1
1
1
1
1
1
1
1
1
1
1
1
1
1
1
1
1
1
1
1
1
1
1
1
1
1
1
1
1
1
1
1
1
1
1
1
1
1
1
1
1
1
1
1
1
1
1
1
1
1
1
1
1
1
1
1
1
1
1
1
1
1
1
1
1
1
1
1
1
1
1
1
1
1
1
1
1
1
1
1
1
1
1
1
1
1
1
1
1
1
1
1
1
1
1
1
1
1
1
1
1
1
1
1
1
1
1
1
1
1
1
1
1
1
1
1
1
1
1
1
1
1
1
1
1
1
1
1
1
1
1
1
1
1
1
1
1
1
1
1
1
1
1
1
1
1
1
1
1
1
