# Vetor de dados - syn_f004114-0-Pre--left--vetorlinha.txt
# Total de elementos: 768
# Formato: um valor por linha
#==================================================

1
1
1
1
1
1
1
1
1
1
1
1
1
1
1
1
1
1
1
1
1
1
1
1
1
1
1
1
1
1
1
1
1
1
1
1
1
1
1
1
1
1
1
1
1
1
1
1
1
1
1
1
1
1
1
1
1
1
1
1
1
1
1
1
1
1
1
1
1
1
1
1
1
1
1
1
1
1
1
1
1
1
1
1
1
1
1
1
1
1
1
1
1
1
1
1
1
1
1
1
1
1
1
1
1
1
1
1
1
1
1
1
1
1
1
1
1
19
27
34
37
42
45
47
50
53
55
56
58
60
62
63
65
66
67
68
69
70
71
71
72
72
74
74
74
74
74
75
75
75
75
75
76
76
76
77
76
77
78
79
79
80
81
82
82
82
83
83
82
81
81
79
77
74
73
71
70
70
70
68
67
66
66
65
63
63
62
61
61
61
61
60
60
59
59
58
57
56
54
51
50
48
46
46
45
46
45
46
45
46
47
46
47
46
47
47
47
47
48
48
49
50
50
50
51
55
60
65
70
76
82
89
152
160
167
174
181
188
196
206
212
216
221
225
230
236
241
248
253
259
268
274
281
289
289
290
289
288
285
283
274
274
193
184
173
160
153
105
93
92
92
92
93
94
94
94
94
95
95
96
96
96
96
96
97
97
98
97
97
98
98
98
97
98
98
97
97
97
97
95
95
95
93
93
92
91
90
89
88
86
84
83
82
82
83
83
84
84
85
85
86
86
86
87
86
87
87
87
88
88
89
89
88
89
89
88
89
89
89
90
90
90
90
89
90
90
90
90
90
89
89
89
89
89
89
89
89
88
88
88
88
88
88
89
89
89
90
92
92
93
93
94
95
96
96
96
97
97
98
98
99
99
100
99
100
100
100
101
100
100
101
100
100
101
100
100
100
100
100
99
99
99
99
98
98
98
98
98
98
97
98
98
97
97
97
97
97
97
96
96
96
95
95
95
95
94
94
94
93
93
92
91
91
91
91
90
90
90
91
90
90
90
90
90
90
90
89
89
88
88
87
86
86
85
83
82
81
81
80
79
77
76
76
75
74
74
74
74
73
72
72
72
71
71
71
70
69
69
69
68
68
68
68
67
67
67
67
66
66
66
66
65
65
65
65
64
65
65
64
64
64
63
63
63
63
62
62
62
62
61
61
61
60
60
59
59
58
58
58
57
57
57
56
56
56
56
55
55
55
55
54
54
54
54
54
54
54
54
54
54
54
54
54
55
55
56
55
55
56
56
57
57
56
57
56
56
56
56
55
55
55
54
54
55
54
54
53
54
53
53
52
52
52
51
51
50
50
49
49
48
48
48
49
48
47
47
47
47
47
47
47
47
46
46
47
47
47
47
47
47
47
46
46
46
46
46
46
45
45
45
45
45
45
45
44
44
44
44
43
43
42
42
42
42
42
40
40
40
40
40
40
39
38
38
38
38
38
37
37
36
36
36
36
36
36
36
36
35
35
35
35
35
36
36
37
38
38
39
40
41
43
44
46
49
51
53
55
57
59
63
69
71
72
75
76
77
79
80
80
81
83
82
82
82
83
81
50
52
55
59
62
67
70
74
77
81
83
85
88
88
88
88
87
85
86
85
84
77
58
52
46
40
35
32
31
1
1
1
1
1
1
1
1
1
1
1
1
1
1
1
1
1
1
1
1
1
1
1
1
1
1
1
1
1
1
1
1
1
1
1
1
1
1
1
1
1
1
1
1
1
1
1
1
1
1
1
1
1
