# Vetor de dados - syn_f004019-2-Pre--front--vetorcoluna.txt
# Total de elementos: 1024
# Formato: um valor por linha
#==================================================

1
1
1
1
1
1
1
1
1
1
1
1
1
1
1
1
1
1
1
1
1
1
1
1
1
1
1
1
1
1
1
1
1
1
1
1
1
1
1
1
1
1
1
1
1
1
1
1
1
1
1
1
1
1
1
1
1
1
1
1
1
1
1
1
1
1
1
1
1
1
1
1
1
1
1
1
1
1
1
1
1
1
1
1
1
1
1
1
1
1
1
1
1
1
1
1
1
1
1
1
1
1
1
1
1
1
1
1
1
1
1
1
1
1
1
1
1
1
1
1
1
1
1
1
1
1
1
1
1
1
1
1
1
1
1
1
1
1
1
1
1
1
1
1
1
1
1
1
1
1
1
1
1
1
1
1
1
1
1
1
1
1
1
1
1
1
1
1
1
1
1
1
1
1
1
1
1
1
1
1
1
1
1
1
1
1
1
1
1
1
1
1
1
1
1
1
1
1
1
1
1
1
1
1
1
1
1
1
1
1
9
9
9
9
9
9
9
9
9
10
10
10
10
10
10
10
10
12
12
12
16
18
18
19
20
20
20
19
19
19
20
20
19
19
19
18
20
19
19
19
19
21
21
21
21
21
21
21
22
22
21
21
22
22
21
21
21
20
20
20
19
19
20
20
20
20
20
20
20
20
21
21
21
21
21
21
21
22
23
23
23
23
23
24
24
25
25
25
25
25
26
27
27
27
27
27
27
28
29
29
29
29
29
30
31
31
31
31
31
31
32
33
33
33
33
33
33
33
34
34
34
35
35
35
35
35
35
35
35
36
36
36
36
36
36
37
37
37
37
37
37
38
38
37
37
37
37
36
36
36
36
36
36
36
36
36
36
35
35
35
35
35
35
34
34
34
34
34
34
34
34
34
35
35
35
35
35
35
35
35
35
36
36
36
36
36
36
37
38
38
38
38
37
38
37
37
39
38
38
39
39
39
39
40
39
39
39
39
39
40
41
41
41
42
42
42
43
43
45
45
46
46
47
48
50
52
54
57
60
61
63
64
66
69
71
73
280
284
288
290
294
296
299
302
305
308
312
400
405
409
413
417
421
425
429
509
510
510
510
510
511
512
512
511
511
511
510
511
513
513
515
515
516
516
516
515
513
554
514
509
505
501
497
493
489
483
471
441
438
435
432
430
381
374
368
362
358
352
343
334
328
327
326
343
356
360
364
369
373
380
391
428
430
433
435
438
476
483
488
493
496
500
504
509
513
440
471
513
514
513
513
512
512
511
510
509
510
511
511
512
512
511
511
510
510
509
509
507
506
423
418
413
410
406
402
397
313
307
303
299
296
294
291
288
285
282
280
71
69
68
66
65
63
62
59
57
55
52
50
48
47
46
45
44
43
42
42
41
40
40
40
39
38
38
38
37
37
37
37
37
37
37
37
36
36
36
36
36
36
36
36
36
35
35
35
36
36
36
36
36
36
36
35
35
35
35
35
34
34
35
35
35
35
35
35
35
35
35
35
35
36
36
36
36
37
37
37
37
37
37
38
38
38
38
38
39
39
39
39
39
39
39
39
39
39
39
39
39
39
39
39
39
39
39
39
39
39
39
39
39
39
39
39
39
39
39
39
38
38
38
38
38
38
38
38
38
38
38
38
38
38
38
38
38
38
38
38
38
38
38
38
38
38
38
38
38
38
38
38
38
38
38
38
38
38
38
38
38
38
38
1
1
1
1
1
1
1
1
1
1
1
1
1
1
1
1
1
1
1
36
36
35
35
35
35
35
35
35
34
34
1
1
1
1
1
1
1
1
1
1
1
1
33
33
33
33
33
33
33
33
1
1
1
1
1
1
1
1
1
1
1
1
1
1
1
1
1
1
1
1
1
1
1
1
1
1
1
1
1
1
1
1
1
1
1
1
1
1
1
1
1
1
1
1
1
1
1
1
1
1
1
1
1
1
1
1
1
1
1
1
1
1
1
1
1
1
1
1
1
1
1
1
1
1
1
1
1
1
1
1
1
1
1
1
1
1
1
1
1
1
1
1
1
1
1
1
1
1
1
1
1
1
1
1
1
1
1
1
1
1
1
1
1
1
1
1
1
1
1
1
1
1
1
1
1
1
1
1
1
1
1
1
1
1
1
1
1
1
1
1
1
1
1
1
1
1
1
1
1
1
1
1
1
1
1
1
1
1
1
1
1
1
1
1
1
1
1
1
1
1
1
1
1
1
1
1
1
1
1
1
1
1
1
1
1
1
1
1
1
1
1
1
1
1
1
1
1
1
1
1
1
1
1
1
1
1
1
1
1
1
1
1
1
1
1
1
1
1
1
1
1
1
1
1
1
1
1
1
1
1
1
1
1
1
