# Vetor de dados - syn_f004802-1-Pre--front--vetorcoluna.txt
# Total de elementos: 1024
# Formato: um valor por linha
#==================================================

1
1
1
1
1
1
1
1
1
1
1
1
1
1
1
1
1
1
1
1
1
1
1
1
1
1
1
1
1
1
1
1
1
1
1
1
1
1
1
1
1
1
1
1
1
1
1
1
1
1
1
1
1
1
1
1
1
1
1
1
1
1
1
1
1
1
1
1
1
1
1
1
1
1
1
1
1
1
1
1
1
1
1
1
1
1
1
1
1
1
1
1
1
1
1
1
1
1
1
1
1
1
1
1
1
1
1
1
1
1
1
1
1
1
1
1
1
1
1
1
1
1
1
1
1
1
1
1
1
1
1
1
1
1
1
1
1
1
1
1
1
1
1
1
1
1
1
1
1
1
1
1
1
1
1
1
1
1
1
1
1
1
1
1
1
1
1
1
1
1
1
1
1
1
1
1
1
1
1
1
1
1
1
1
1
1
1
1
1
1
1
1
1
1
1
1
1
1
1
1
1
1
1
1
1
1
1
1
1
1
1
1
1
1
1
1
1
1
1
1
1
1
1
1
1
1
1
5
6
8
8
8
8
8
8
8
8
8
8
8
8
8
9
9
9
9
9
9
10
10
16
18
18
19
20
19
19
19
19
20
20
19
19
18
18
19
19
19
19
20
20
20
21
21
21
21
22
21
21
22
21
21
22
21
21
21
20
19
20
20
20
20
20
20
21
21
21
22
22
22
22
22
23
23
24
24
24
24
24
24
24
26
26
26
26
26
27
28
28
28
28
29
30
30
30
30
31
32
32
32
32
33
33
34
34
34
34
34
35
36
36
36
36
36
36
37
37
37
38
38
38
39
39
39
39
39
39
39
39
39
39
40
40
40
40
40
40
40
40
40
39
39
39
39
39
39
39
39
39
40
40
40
40
40
40
40
40
40
40
40
40
41
41
41
42
42
42
42
42
42
43
43
43
43
43
44
44
44
44
44
45
45
45
45
46
46
45
45
46
46
46
46
46
46
46
46
46
45
46
46
46
46
46
46
46
46
47
47
47
47
48
49
51
51
50
53
55
56
60
77
277
285
288
290
293
297
302
305
310
385
390
395
399
404
410
414
491
492
492
492
492
493
494
494
494
495
494
493
492
494
495
496
496
497
498
498
497
496
564
545
494
490
486
483
479
476
473
468
464
455
444
436
433
429
426
423
418
406
381
371
364
333
328
361
368
375
383
393
413
417
421
422
425
428
433
443
456
461
466
469
472
476
479
482
484
488
417
487
491
491
492
493
491
491
491
489
489
487
488
489
489
489
489
488
488
488
488
488
487
486
409
404
400
396
391
387
383
379
305
299
295
291
289
286
284
61
58
58
59
59
58
56
54
52
52
50
49
48
48
47
47
46
46
46
46
46
45
44
44
44
44
45
45
44
44
44
44
44
43
44
44
44
44
43
43
43
43
43
43
42
42
42
42
41
41
41
41
41
40
40
40
39
39
39
39
39
39
39
39
38
38
39
39
39
39
39
39
39
39
39
40
40
40
40
39
39
39
39
40
40
40
40
39
39
39
39
39
38
38
38
38
38
38
38
37
37
37
37
37
37
37
36
36
35
35
35
35
35
34
34
34
34
33
32
32
32
32
32
31
31
30
30
30
29
29
29
29
27
27
27
27
27
26
26
26
26
25
25
25
25
23
23
23
23
22
22
22
22
22
22
22
22
22
22
21
21
21
21
20
20
20
21
21
21
21
21
21
21
21
21
20
20
20
20
19
19
19
19
19
20
20
18
19
19
19
20
20
19
19
19
19
19
19
18
18
16
14
14
14
1
1
1
1
1
1
1
1
1
1
1
1
1
1
1
1
1
1
1
1
1
1
1
1
1
1
1
1
1
1
1
1
1
1
1
1
1
1
1
1
1
1
1
1
1
1
1
1
1
1
1
1
1
1
1
1
1
1
1
1
1
1
1
1
1
1
1
1
1
1
1
1
1
1
1
1
1
1
1
1
1
1
1
1
1
1
1
1
1
1
1
1
1
1
1
1
1
1
1
1
1
1
1
1
1
1
1
1
1
1
1
1
1
1
1
1
1
1
1
1
1
1
1
1
1
1
1
1
1
1
1
1
1
1
1
1
1
1
1
1
1
1
1
1
1
1
1
1
1
1
1
1
1
1
1
1
1
1
1
1
1
1
1
1
1
1
1
1
1
1
1
1
1
1
1
1
1
1
1
1
1
1
1
1
1
1
1
1
1
1
1
1
1
1
1
1
1
1
1
1
1
1
1
1
1
1
1
1
1
1
1
1
1
1
1
1
1
1
1
1
1
1
1
1
1
1
1
1
1
1
1
1
1
1
1
1
1
1
1
1
1
1
1
1
1
