# Vetor de dados - syn_f002558-2-Pre--left--vetorlinha.txt
# Total de elementos: 768
# Formato: um valor por linha
#==================================================

1
1
1
1
1
1
1
1
1
1
1
1
1
1
1
1
1
1
1
1
1
1
1
1
1
1
1
1
1
1
1
1
1
1
1
1
1
1
1
1
1
1
1
1
1
1
1
1
1
1
1
1
1
1
1
1
1
1
1
1
1
1
1
1
1
1
1
1
1
1
1
1
1
1
1
1
1
1
1
1
1
1
1
1
1
1
1
1
1
1
1
1
1
1
1
1
10
23
30
35
40
43
46
49
52
55
56
59
61
62
64
66
67
69
69
71
71
72
73
73
75
75
76
76
76
76
76
77
77
77
77
77
77
77
77
78
78
78
79
79
79
80
80
81
81
82
82
83
83
82
82
80
78
76
75
74
73
74
73
72
70
70
70
69
69
68
67
67
66
66
66
66
65
65
65
65
64
63
62
61
61
59
57
55
53
52
52
51
51
51
51
52
51
52
52
53
54
53
54
55
54
55
55
56
57
57
194
202
219
235
240
244
251
260
271
279
313
315
315
316
315
314
313
311
309
305
300
299
297
280
278
275
232
229
225
220
216
212
208
203
197
190
182
176
169
163
156
150
131
123
119
113
107
100
97
98
98
99
99
100
100
100
101
101
101
102
102
102
102
102
103
103
103
102
102
102
102
102
102
101
101
101
101
101
100
99
99
98
98
96
96
95
95
94
93
93
94
94
94
94
93
94
93
94
93
94
93
93
93
94
94
94
93
93
94
94
94
94
94
94
94
94
94
94
93
93
93
92
92
92
91
91
91
91
90
90
90
90
91
90
90
91
91
92
92
92
93
93
94
94
94
95
95
96
96
97
98
98
98
100
100
100
101
102
102
103
103
103
103
105
105
105
105
105
104
105
105
105
105
105
105
105
104
105
105
105
105
104
104
104
104
103
103
103
103
102
102
102
101
101
101
99
99
98
98
98
97
97
95
95
94
94
93
92
91
90
90
89
90
90
89
89
89
88
89
88
88
87
87
87
86
86
85
85
84
83
82
81
81
81
80
80
79
79
79
78
78
78
78
77
77
77
77
77
77
77
77
77
77
77
77
77
76
76
76
76
76
76
76
76
75
75
75
75
75
74
74
74
74
74
73
72
72
72
72
72
72
71
71
71
71
71
70
70
70
70
68
68
68
68
67
67
67
67
66
65
65
64
64
64
63
63
62
61
61
60
60
59
59
58
57
57
56
56
55
55
54
54
53
53
53
52
53
53
52
52
52
52
52
52
52
52
52
53
53
52
53
53
54
53
53
54
53
53
53
53
53
53
53
53
53
52
53
52
52
52
52
51
52
52
51
51
51
51
50
50
50
50
49
49
49
50
50
50
50
50
50
50
50
50
49
49
49
49
49
49
49
49
49
48
48
48
48
49
49
48
48
48
48
48
48
47
47
47
47
47
47
46
45
45
45
45
44
44
43
43
43
43
42
41
41
41
41
41
40
40
40
40
40
39
39
39
39
38
38
38
38
38
38
37
37
37
37
37
37
37
37
36
36
36
36
36
36
36
36
36
36
38
39
40
41
44
45
47
49
51
53
54
56
58
61
63
66
73
75
78
81
82
83
84
86
87
88
90
90
90
91
91
91
89
73
69
56
58
61
64
68
71
74
79
81
83
88
90
92
93
93
95
95
95
94
94
91
87
82
70
64
60
55
51
46
43
28
1
1
1
1
1
1
1
1
1
1
1
1
1
1
1
1
1
1
1
1
1
1
1
1
1
1
1
1
1
1
1
1
1
1
1
