# Vetor de dados - syn_f001089-3-Pre--left--vetorlinha.txt
# Total de elementos: 768
# Formato: um valor por linha
#==================================================

1
1
1
1
1
1
1
1
1
1
1
1
1
1
1
1
1
1
1
1
1
1
1
1
1
1
1
1
1
1
1
1
1
1
1
1
1
1
1
1
1
1
1
1
1
1
1
1
1
1
1
1
1
1
1
1
1
1
1
1
1
1
1
1
1
1
1
1
1
1
1
1
1
1
1
1
1
1
1
1
1
1
1
1
1
1
1
1
1
1
1
1
1
1
1
1
1
1
1
1
1
1
1
1
1
1
1
1
1
1
1
1
1
1
1
1
1
1
1
1
1
1
1
1
1
1
1
1
1
1
1
1
1
1
22
29
35
39
44
47
50
53
55
57
59
61
63
65
66
68
69
70
72
72
74
74
75
75
77
77
77
77
78
78
78
79
79
79
79
79
79
79
80
81
81
81
82
83
84
84
85
86
86
87
86
86
85
84
82
81
79
78
77
76
76
75
74
73
73
72
72
71
69
69
69
69
69
69
68
69
69
69
68
67
67
67
66
65
64
64
63
63
63
62
62
61
61
60
59
60
60
59
59
59
59
60
59
60
60
60
61
65
71
95
105
165
171
176
180
185
191
196
201
205
209
211
214
216
220
224
227
232
237
243
248
254
262
268
276
285
285
285
284
283
282
279
276
268
267
202
199
195
192
189
185
180
171
159
149
132
126
119
114
115
116
116
117
116
116
117
117
117
117
116
116
117
116
117
115
115
115
115
116
115
115
115
114
114
113
112
112
111
109
109
110
109
108
109
108
108
108
108
108
107
108
107
107
107
107
107
107
107
107
107
107
107
106
106
105
106
106
106
106
106
106
106
105
105
105
105
105
105
106
106
105
105
105
105
104
105
105
106
106
108
109
109
111
112
113
114
115
116
117
118
119
119
120
121
121
121
123
123
123
123
125
125
125
126
126
126
126
126
126
127
127
127
127
126
126
126
126
126
125
125
125
124
124
123
122
122
121
121
119
119
118
117
116
115
113
113
112
110
109
107
106
105
103
101
98
97
97
96
94
93
92
91
90
88
87
87
86
84
83
83
82
82
81
81
80
80
80
79
80
81
80
80
80
80
80
80
79
80
80
80
80
80
80
79
79
79
79
79
79
78
78
78
78
77
77
77
77
76
76
76
76
76
75
74
74
74
74
74
73
72
72
72
70
70
70
70
69
69
67
67
67
66
66
66
65
65
64
63
63
63
62
62
62
61
61
61
60
60
60
59
59
59
58
59
59
58
59
59
58
59
58
59
59
58
59
58
59
58
58
58
58
57
58
59
58
58
57
58
57
57
56
57
56
56
56
55
55
55
55
55
55
55
55
55
55
55
55
55
54
54
54
54
54
54
54
54
54
54
54
53
53
53
53
53
53
52
52
52
52
51
51
50
50
50
49
48
48
47
47
46
46
45
44
44
43
42
42
40
40
40
39
38
38
38
36
36
36
36
35
34
35
35
36
36
37
38
39
42
43
45
48
50
52
53
56
58
61
67
70
74
75
77
78
78
78
77
77
76
76
77
76
70
58
43
46
47
48
50
53
55
59
63
67
70
74
78
79
81
81
82
82
83
82
82
82
80
80
76
63
55
52
48
42
39
35
25
1
1
1
1
1
1
1
1
1
1
1
1
1
1
1
1
1
1
1
1
1
1
1
1
1
1
1
1
1
1
1
1
1
1
1
1
1
1
1
1
1
1
1
1
1
1
1
1
1
1
1
1
1
1
1
1
1
1
1
1
1
1
1
1
1
1
1
1
