# Vetor de dados - syn_f004384-3-Pre--left--vetorlinha.txt
# Total de elementos: 768
# Formato: um valor por linha
#==================================================

1
1
1
1
1
1
1
1
1
1
1
1
1
1
1
1
1
1
1
1
1
1
1
1
1
1
1
1
1
1
1
1
1
1
1
1
1
1
1
1
1
1
1
1
1
1
1
1
1
1
1
1
1
1
1
1
1
1
1
1
1
1
1
1
1
1
1
1
1
1
1
1
1
1
1
1
1
1
1
1
1
1
1
1
1
1
1
1
1
1
1
1
1
1
1
1
1
1
1
1
1
1
1
1
1
1
1
1
1
1
1
1
1
1
1
1
1
1
1
1
1
1
1
1
1
1
1
1
1
1
1
18
25
31
36
40
42
45
48
50
52
54
56
57
59
60
61
62
63
64
65
65
66
66
67
68
68
68
68
68
68
68
68
69
69
70
70
71
71
72
72
73
73
74
75
75
75
76
75
74
73
72
70
67
67
66
65
64
64
63
63
62
62
62
62
61
62
61
61
62
62
62
62
62
61
61
60
58
55
50
49
48
48
48
48
48
49
49
50
50
50
51
51
51
52
53
54
55
59
87
145
155
160
166
171
178
186
197
203
209
213
219
225
233
241
249
259
269
280
280
280
280
279
277
275
272
264
263
245
194
189
184
180
174
169
148
109
101
91
90
91
91
92
92
92
93
93
93
94
93
93
93
93
93
93
93
93
92
91
91
91
91
89
89
89
89
88
87
87
87
87
87
88
88
87
88
88
87
88
88
88
87
87
87
87
87
86
86
86
85
85
85
85
84
83
83
82
81
80
79
79
78
78
78
76
76
76
76
76
76
76
76
76
76
74
74
74
74
75
75
75
76
77
78
79
80
81
82
82
83
84
84
86
87
88
89
90
92
93
93
95
95
97
97
99
99
100
101
101
102
102
102
102
103
103
104
104
104
104
105
105
105
105
105
105
105
105
105
105
105
105
104
104
104
104
103
103
102
101
101
101
100
100
99
98
97
96
96
96
96
95
96
96
95
95
95
94
95
94
94
93
93
92
92
91
91
90
90
89
88
87
85
83
83
82
83
83
83
83
83
83
83
83
83
83
83
84
84
84
84
84
84
85
85
85
85
84
84
84
84
84
84
84
84
83
83
83
83
82
82
81
81
81
80
80
80
80
79
78
78
78
78
78
77
76
76
76
76
75
75
74
74
73
73
72
72
71
70
70
69
69
68
67
66
66
65
65
63
63
62
62
61
61
60
60
59
59
58
57
57
57
56
56
56
55
55
56
56
56
56
57
58
57
58
59
58
59
58
59
59
59
58
59
58
58
58
57
58
57
56
56
56
56
55
55
55
55
55
54
54
54
54
54
54
54
54
53
53
53
53
53
53
53
54
54
54
54
54
54
54
54
54
54
54
54
53
53
53
53
53
53
52
52
52
52
52
51
50
50
50
50
48
48
48
48
46
46
46
45
44
44
43
43
42
41
41
40
40
39
38
38
38
39
38
38
39
39
38
39
39
40
41
40
41
42
44
46
47
49
51
53
55
57
61
66
71
74
76
77
79
81
82
83
83
84
83
83
82
82
83
82
73
51
54
55
58
62
64
67
71
75
79
83
85
86
87
89
88
88
86
85
85
85
83
77
63
57
51
47
46
42
28
1
1
1
1
1
1
1
1
1
1
1
1
1
1
1
1
1
1
1
1
1
1
1
1
1
1
1
1
1
1
1
1
1
1
1
1
1
1
1
1
1
1
1
1
1
1
1
1
1
1
1
1
1
1
1
1
1
1
1
1
1
1
1
1
1
1
