# Vetor de dados - syn_f003214-0-Pre--front--vetorcoluna.txt
# Total de elementos: 1024
# Formato: um valor por linha
#==================================================

1
1
1
1
1
1
1
1
1
1
1
1
1
1
1
1
1
1
1
1
1
1
1
1
1
1
1
1
1
1
1
1
1
1
1
1
1
1
1
1
1
1
1
1
1
1
1
1
1
1
1
1
1
1
1
1
1
1
1
1
1
1
1
1
1
1
1
1
1
1
1
1
1
1
1
1
1
1
1
1
1
1
1
1
1
1
1
1
1
1
1
1
1
1
1
1
1
1
1
1
1
1
1
1
1
1
1
1
1
1
1
1
1
1
1
1
1
1
1
1
1
1
1
1
1
1
1
1
1
1
1
1
1
1
1
1
1
1
1
1
1
1
1
1
1
1
1
1
1
1
1
1
1
1
1
1
1
1
1
1
1
1
1
1
1
1
1
1
1
1
1
1
1
1
1
1
1
1
1
1
1
1
1
1
1
1
1
1
1
1
1
1
1
1
1
1
1
1
1
1
1
1
1
1
1
1
1
1
1
1
1
1
1
1
1
1
1
1
1
1
1
1
1
1
1
1
1
1
1
1
1
1
1
1
1
1
1
1
1
1
1
1
1
1
1
1
1
1
1
1
1
1
1
1
1
17
18
18
20
18
18
18
18
18
18
18
18
17
18
18
18
18
18
18
18
18
19
18
18
18
20
20
19
19
19
18
18
18
18
18
18
18
18
18
18
18
19
19
19
19
19
19
19
19
19
19
20
20
20
21
21
22
22
23
23
23
23
23
24
24
24
25
25
25
25
25
26
26
26
26
26
26
27
27
28
28
28
29
29
29
29
29
30
30
30
30
30
30
30
31
31
31
31
31
31
32
32
32
32
32
33
33
33
32
32
32
32
32
32
31
31
31
31
30
30
30
30
29
29
29
29
29
29
29
30
30
29
29
29
29
29
30
30
30
30
31
31
31
32
32
32
32
32
33
34
34
34
35
35
35
35
35
35
35
36
36
36
37
37
37
37
37
37
38
38
38
38
38
38
38
38
39
39
39
40
40
40
40
41
41
42
43
44
45
47
48
50
51
52
53
54
55
57
58
60
62
63
69
265
268
274
279
282
286
289
292
297
381
385
390
395
400
466
467
467
467
467
467
468
468
468
468
467
467
468
469
471
471
472
548
548
549
548
478
472
466
461
455
447
419
414
411
406
403
369
364
359
355
350
344
337
340
347
352
357
362
369
400
405
409
411
414
418
441
454
459
465
471
481
557
557
557
556
554
553
551
549
473
473
473
474
473
473
473
472
471
471
471
470
469
469
401
397
392
387
382
377
292
288
285
281
278
274
271
67
65
62
60
58
56
55
54
53
52
51
50
49
48
47
46
44
44
44
43
43
43
42
42
41
41
41
40
40
40
40
40
39
39
39
38
38
38
39
38
38
38
37
37
37
37
35
35
35
35
34
34
34
34
34
33
33
33
33
33
32
32
31
31
31
31
31
30
30
30
30
30
30
30
30
30
30
29
30
30
30
30
31
31
31
31
31
31
31
32
32
32
32
33
33
33
33
33
33
33
33
33
33
33
32
32
31
31
31
31
31
31
31
31
31
30
30
30
30
30
30
29
28
28
28
28
27
27
27
27
27
27
26
26
26
26
26
25
25
25
25
25
25
24
24
23
23
23
23
22
22
22
22
22
22
21
21
21
21
21
20
21
21
21
21
21
21
21
22
22
23
24
24
25
25
25
26
26
26
26
26
26
27
27
27
27
27
27
27
27
28
28
28
29
29
29
29
30
30
30
30
29
29
28
22
22
22
22
22
1
1
1
1
1
1
1
1
1
1
1
1
1
1
1
1
1
1
1
1
1
1
1
1
1
1
1
1
1
1
1
1
1
1
1
1
1
1
1
1
1
1
1
1
1
1
1
1
1
1
1
1
1
1
1
1
1
1
1
1
1
1
1
1
1
1
1
1
1
1
1
1
1
1
1
1
1
1
1
1
1
1
1
1
1
1
1
1
1
1
1
1
1
1
1
1
1
1
1
1
1
1
1
1
1
1
1
1
1
1
1
1
1
1
1
1
1
1
1
1
1
1
1
1
1
1
1
1
1
1
1
1
1
1
1
1
1
1
1
1
1
1
1
1
1
1
1
1
1
1
1
1
1
1
1
1
1
1
1
1
1
1
1
1
1
1
1
1
1
1
1
1
1
1
1
1
1
1
1
1
1
1
1
1
1
1
1
1
1
1
1
1
1
1
1
1
1
1
1
1
1
1
1
1
1
1
1
1
1
1
1
1
1
1
1
1
1
1
1
1
1
1
1
1
1
1
1
1
1
1
1
1
1
1
1
1
1
1
1
1
1
1
1
1
1
1
1
1
1
1
1
