# Vetor de dados - syn_f001869-1-Pre--front--vetorlinha.txt
# Total de elementos: 768
# Formato: um valor por linha
#==================================================

1
1
1
1
1
1
1
1
1
1
1
1
1
1
1
1
1
1
1
1
1
1
1
1
1
1
1
1
1
1
1
1
1
1
1
1
1
1
1
1
1
1
1
1
1
1
1
1
1
1
1
1
1
1
1
1
1
1
1
1
1
1
1
1
1
1
1
1
1
1
1
1
1
1
1
1
1
1
1
1
1
1
1
1
1
1
1
1
1
1
1
1
1
1
1
1
1
1
1
1
1
1
1
1
1
1
1
1
1
1
1
1
1
1
1
1
1
1
1
1
1
1
1
1
1
1
1
1
1
13
23
27
31
35
39
40
42
44
46
48
50
51
52
54
55
56
57
58
59
60
60
61
62
62
63
63
63
64
64
64
64
64
64
64
63
63
63
63
63
63
68
71
71
71
71
71
71
71
70
69
69
69
68
67
67
65
64
63
62
61
59
53
52
52
52
51
50
49
48
47
47
47
47
46
46
46
46
46
46
46
45
45
45
45
45
45
46
46
47
50
59
64
69
74
79
85
252
275
312
325
335
414
428
445
460
496
502
513
525
527
530
532
533
522
521
529
536
551
565
565
564
499
494
489
482
461
448
444
436
430
426
420
332
320
295
284
273
256
215
204
192
151
149
149
147
146
145
144
143
142
140
139
138
137
135
134
134
132
131
130
129
128
128
127
127
127
126
126
125
125
124
124
124
124
124
123
123
123
123
122
121
121
121
120
120
119
119
118
117
116
114
113
113
113
113
113
114
114
114
114
114
114
114
114
114
114
114
114
114
114
115
115
115
115
115
115
116
117
117
117
117
117
117
116
116
116
116
117
117
118
118
120
121
122
124
124
126
126
128
129
130
131
132
133
135
135
136
137
138
138
139
140
140
140
141
142
142
142
143
143
143
143
143
143
143
143
143
144
144
144
144
145
145
145
145
146
147
147
147
147
148
148
149
149
149
150
151
151
151
152
152
152
152
152
152
152
152
152
152
152
153
152
152
151
151
151
150
150
150
149
149
148
148
147
147
147
146
146
145
145
144
144
143
143
142
142
142
141
140
140
140
139
138
138
138
137
136
136
135
135
134
134
133
133
132
132
131
131
130
130
129
129
128
128
128
126
126
126
125
124
124
124
123
122
122
122
122
122
120
120
120
120
120
120
118
118
118
118
118
118
117
116
116
116
116
116
116
116
116
114
114
114
114
114
114
114
114
114
114
113
113
113
113
112
112
111
111
111
111
111
111
111
111
112
113
113
113
113
113
114
115
115
115
116
116
117
117
118
118
118
119
119
119
119
120
120
121
121
121
121
121
121
121
121
121
121
120
120
119
119
119
119
118
118
118
117
117
117
116
116
116
115
115
114
114
114
113
113
112
112
111
111
110
110
109
109
108
108
107
107
106
106
106
105
105
104
104
103
103
103
102
102
101
101
101
99
99
99
99
98
97
97
97
97
96
95
95
95
95
95
94
95
95
95
95
95
96
96
96
96
97
97
98
98
99
99
99
99
99
99
99
99
99
99
99
99
100
101
101
103
103
103
105
105
107
107
108
109
110
112
112
114
114
116
116
117
118
118
119
119
118
117
118
117
116
115
113
110
109
107
99
97
38
1
1
1
1
1
1
1
1
1
1
1
1
1
1
1
1
1
1
1
1
1
1
1
1
1
1
1
1
1
1
1
1
1
1
1
1
1
1
1
1
1
1
1
1
1
1
1
1
1
1
1
1
1
1
1
1
1
1
1
1
1
1
1
1
1
