# Vetor de dados - syn_f004257-1-Pre--front--vetorcoluna.txt
# Total de elementos: 1024
# Formato: um valor por linha
#==================================================

1
1
1
1
1
1
1
1
1
1
1
1
1
1
1
1
1
1
1
1
1
1
1
1
1
1
1
1
1
1
1
1
1
1
1
1
1
1
1
1
1
1
1
1
1
1
1
1
1
1
1
1
1
1
1
1
1
1
1
1
1
1
1
1
1
1
1
1
1
1
1
1
1
1
1
1
1
1
1
1
1
1
1
1
1
1
1
1
1
1
1
1
1
1
1
1
1
1
1
1
1
1
1
1
1
1
1
1
1
1
1
1
1
1
1
1
1
1
1
1
1
1
1
1
1
1
1
1
1
1
1
1
1
1
1
1
1
1
1
1
1
1
1
1
1
1
1
1
1
1
1
1
1
1
1
1
1
1
1
1
1
1
1
1
1
1
1
1
1
1
1
1
1
1
1
1
1
1
1
1
1
1
1
1
1
1
1
1
1
1
1
1
1
1
1
1
1
1
1
1
1
1
1
1
1
1
1
1
1
1
1
1
1
1
1
1
1
1
1
1
1
1
1
1
1
1
1
1
1
1
1
1
1
1
1
1
1
1
1
1
8
8
8
8
8
8
8
8
8
8
8
8
8
8
8
8
9
9
9
12
12
17
18
18
19
18
18
19
19
18
18
18
18
18
17
17
18
18
18
18
18
18
20
20
19
19
21
20
20
19
21
20
19
18
20
18
18
18
18
18
18
20
20
20
20
20
20
20
20
21
21
21
21
21
21
22
22
22
23
23
23
24
24
24
24
25
25
25
26
26
26
26
27
27
28
28
28
28
28
28
29
29
30
30
30
30
30
31
31
31
31
31
31
31
31
31
32
32
32
32
32
32
33
33
33
33
33
34
34
34
34
34
33
33
33
33
33
33
33
33
31
31
31
31
31
31
31
31
30
30
30
30
30
30
30
30
30
30
30
32
32
32
32
32
32
32
32
32
33
33
33
34
34
34
35
35
35
35
35
35
36
36
36
37
37
37
37
38
38
38
38
38
38
38
39
40
40
40
41
41
41
42
42
43
44
46
48
50
52
54
54
56
58
60
60
66
265
268
271
274
277
281
286
369
373
377
381
386
390
469
469
469
468
470
471
471
471
471
471
470
472
474
474
475
476
477
476
475
474
521
482
478
474
470
466
462
458
454
446
418
413
411
407
404
400
393
370
361
356
350
344
338
332
335
342
347
351
356
364
388
397
401
404
406
409
412
415
446
452
457
461
465
469
474
402
407
476
476
477
476
476
475
473
473
471
469
470
470
470
471
470
469
469
469
469
469
393
389
385
381
377
373
370
281
276
272
268
264
260
259
256
65
59
55
53
51
49
47
44
43
42
41
41
41
40
40
40
40
39
39
38
38
38
37
37
37
37
37
36
36
36
36
36
35
35
35
34
34
34
33
33
33
33
32
32
32
31
31
31
31
31
31
31
31
30
30
30
30
30
31
31
31
31
31
31
31
31
31
31
31
32
33
33
33
33
33
34
34
34
34
34
35
35
35
35
35
35
35
35
34
34
34
33
33
33
33
33
33
33
32
32
32
32
32
32
31
30
30
30
30
30
29
29
29
29
29
28
28
27
27
27
26
26
26
26
26
26
25
25
25
24
24
23
23
23
23
23
22
21
21
21
21
21
20
19
19
19
19
18
18
18
18
18
19
20
18
18
20
19
19
20
21
20
20
21
21
21
21
21
21
22
22
22
22
22
22
22
22
23
23
23
24
24
24
24
25
25
25
24
24
24
22
16
16
16
16
16
16
16
16
16
17
17
17
17
17
17
17
17
17
17
16
16
1
1
1
1
1
1
1
1
1
1
1
1
1
1
1
1
1
1
1
1
1
1
1
1
1
1
1
1
1
1
1
1
1
1
1
1
1
1
1
1
1
1
1
1
1
1
1
1
1
1
1
1
1
1
1
1
1
1
1
1
1
1
1
1
1
1
1
1
1
1
1
1
1
1
1
1
1
1
1
1
1
1
1
1
1
1
1
1
1
1
1
1
1
1
1
1
1
1
1
1
1
1
1
1
1
1
1
1
1
1
1
1
1
1
1
1
1
1
1
1
1
1
1
1
1
1
1
1
1
1
1
1
1
1
1
1
1
1
1
1
1
1
1
1
1
1
1
1
1
1
1
1
1
1
1
1
1
1
1
1
1
1
1
1
1
1
1
1
1
1
1
1
1
1
1
1
1
1
1
1
1
1
1
1
1
1
1
1
1
1
1
1
1
1
1
1
1
1
1
1
1
1
1
1
1
1
1
1
1
1
1
1
1
1
1
1
1
1
1
1
1
1
1
1
1
1
1
1
1
1
1
1
1
1
1
1
1
1
1
1
1
