# Vetor de dados - syn_f004537-0-Pre--front--vetorlinha.txt
# Total de elementos: 768
# Formato: um valor por linha
#==================================================

1
1
1
1
1
1
1
1
1
1
1
1
1
1
1
1
1
1
1
1
1
1
1
1
1
1
1
1
1
1
1
1
1
1
1
1
1
1
1
1
1
1
1
1
1
1
1
1
1
1
1
1
1
1
1
1
1
1
1
1
1
1
1
1
1
1
1
1
1
1
1
1
1
1
1
1
1
1
1
1
1
1
1
1
1
1
1
1
1
1
1
1
1
1
1
1
1
1
1
1
1
1
1
1
1
1
1
1
1
1
1
1
1
1
1
1
1
1
1
1
1
8
21
25
29
33
37
39
41
43
45
47
49
50
52
52
54
56
56
58
58
58
60
60
60
62
62
62
62
62
62
62
62
62
62
62
62
62
61
61
63
67
69
70
70
70
70
69
68
68
67
67
66
66
64
64
62
61
60
59
55
52
52
51
51
51
50
50
49
49
47
46
45
43
43
43
43
43
43
42
42
42
42
42
42
42
41
41
41
43
43
45
46
48
51
54
56
59
62
71
81
94
237
272
299
421
435
452
499
520
524
529
534
540
545
553
562
557
559
560
559
559
557
553
467
462
459
455
451
447
440
358
316
303
290
271
209
196
181
161
153
150
147
144
142
141
139
138
137
135
133
133
131
129
127
125
123
119
117
115
113
111
110
109
108
108
106
106
106
105
105
105
104
104
103
103
103
103
103
103
103
103
103
103
103
102
103
103
102
102
102
102
102
102
101
101
101
100
100
100
100
100
100
99
99
98
98
98
98
98
98
98
98
97
97
97
97
96
96
96
95
95
95
95
95
94
94
94
95
95
94
94
96
97
98
99
101
103
104
106
108
110
111
112
114
115
116
116
118
118
119
120
120
120
120
122
122
122
122
123
123
124
124
124
125
125
125
125
125
126
126
127
127
127
127
127
128
128
128
129
129
129
129
130
130
130
131
131
131
132
132
133
133
133
134
134
134
135
135
135
136
136
137
137
137
137
137
137
138
138
138
138
138
138
138
138
138
138
138
138
138
138
138
138
138
138
137
137
136
136
136
136
136
136
135
134
134
134
134
134
133
133
132
132
132
132
131
131
131
130
130
129
129
129
129
128
127
127
127
126
125
125
124
124
123
123
122
122
121
120
120
120
118
118
118
116
116
116
115
114
114
114
112
112
112
112
110
110
110
110
109
109
108
108
107
107
107
106
105
105
105
105
105
105
104
104
104
104
104
104
104
103
103
103
103
103
103
103
103
103
102
102
102
102
102
102
102
102
102
102
102
102
102
102
102
102
103
104
104
104
104
105
105
106
106
106
107
107
108
108
108
109
109
109
109
109
109
109
110
110
110
110
110
110
110
109
109
109
109
109
108
108
108
108
108
108
107
107
107
106
106
106
106
106
105
105
104
104
104
104
104
103
102
102
102
102
102
102
101
100
100
100
100
100
99
98
98
98
98
97
96
96
96
96
94
94
94
94
94
92
92
92
92
90
90
90
90
90
89
89
89
89
89
89
89
89
89
89
90
90
90
90
90
90
90
91
90
90
91
91
92
93
94
94
96
96
96
97
98
99
100
101
103
104
105
107
107
107
109
109
109
110
111
110
109
109
108
108
107
105
104
102
97
94
92
44
42
1
1
1
1
1
1
1
1
1
1
1
1
1
1
1
1
1
1
1
1
1
1
1
1
1
1
1
1
1
1
1
1
1
1
1
1
1
1
1
1
1
1
1
1
1
1
1
1
1
1
1
1
1
1
1
1
1
1
1
1
1
