# Vetor de dados - syn_f002935-0-Pre--front--vetorcoluna.txt
# Total de elementos: 1024
# Formato: um valor por linha
#==================================================

1
1
1
1
1
1
1
1
1
1
1
1
1
1
1
1
1
1
1
1
1
1
1
1
1
1
1
1
1
1
1
1
1
1
1
1
1
1
1
1
1
1
1
1
1
1
1
1
1
1
1
1
1
1
1
1
1
1
1
1
1
1
1
1
1
1
1
1
1
1
1
1
1
1
1
1
1
1
1
1
1
1
1
1
1
1
1
1
1
1
1
1
1
1
1
1
1
1
1
1
1
1
1
1
1
1
1
1
1
1
1
1
1
1
1
1
1
1
1
1
1
1
1
1
1
1
1
1
1
1
1
1
1
1
1
1
1
1
1
1
1
1
1
1
1
1
1
1
1
1
1
1
1
1
1
1
1
1
1
1
1
1
1
1
1
1
1
1
1
1
1
1
1
1
1
1
1
1
1
1
1
1
1
1
1
1
1
1
1
1
1
1
1
1
1
1
1
1
1
1
1
1
1
1
1
1
1
1
1
1
1
1
1
1
1
1
1
1
1
1
1
1
1
1
1
1
1
1
1
1
1
1
1
1
1
1
1
1
1
1
1
1
1
1
1
20
20
20
20
20
20
20
20
20
21
25
26
27
27
27
27
27
27
27
26
26
26
25
25
25
25
25
25
25
25
25
24
24
24
24
24
23
23
23
22
22
21
20
20
19
19
18
18
18
18
18
18
17
17
17
17
17
18
17
17
17
17
17
17
17
17
18
18
18
18
18
18
18
18
18
20
20
19
19
19
19
21
21
21
21
21
21
22
22
22
22
22
22
22
23
23
23
23
23
23
24
25
25
25
25
26
26
26
26
26
26
26
27
27
27
28
28
27
27
27
27
27
27
27
27
27
27
27
27
27
26
26
26
26
26
25
25
25
25
25
25
24
24
24
25
25
25
25
25
25
25
25
25
25
25
25
25
25
25
25
25
26
26
26
26
27
27
27
27
27
28
28
28
28
28
30
30
30
30
31
31
31
31
32
32
32
33
34
34
35
35
35
36
36
37
38
38
39
39
41
42
42
44
46
47
48
49
51
52
53
55
56
57
59
60
62
251
255
260
267
275
367
375
382
388
395
465
466
467
467
468
469
469
469
468
467
467
467
468
469
470
470
471
470
537
536
471
467
462
457
453
448
440
403
400
394
390
372
346
338
333
329
324
319
313
308
299
293
308
313
319
323
326
329
334
339
347
383
389
391
395
400
438
444
449
453
458
463
466
466
467
469
469
469
468
468
468
467
467
468
469
468
469
469
467
467
465
464
464
398
392
386
380
374
367
271
266
260
57
56
55
54
54
53
53
52
51
50
49
48
47
45
44
43
43
42
41
40
39
39
38
38
36
36
35
35
34
34
33
33
32
32
31
31
30
30
30
29
29
29
29
28
27
27
27
27
27
27
27
26
26
26
26
26
26
26
25
25
25
25
25
25
25
25
25
25
25
25
24
24
24
25
25
25
25
25
25
25
25
26
27
27
27
27
27
27
27
27
28
28
28
28
28
28
28
28
27
27
27
27
27
27
27
27
26
26
26
26
26
26
25
25
25
25
25
25
25
25
25
25
24
23
23
23
23
23
23
23
22
22
22
21
21
21
21
21
21
20
20
19
19
19
19
18
18
18
18
18
18
18
18
18
18
18
17
17
17
17
17
17
17
17
17
17
18
18
18
19
18
19
19
19
18
18
19
20
19
19
20
20
19
19
19
20
20
18
18
18
18
18
18
18
18
17
18
18
18
18
19
19
18
18
18
17
17
16
9
9
9
9
9
9
9
9
9
9
9
9
8
8
8
8
8
8
8
1
1
1
1
1
1
1
1
1
1
1
1
1
1
1
1
1
1
1
1
1
1
1
1
1
1
1
1
1
1
1
1
1
1
1
1
1
1
1
1
1
1
1
1
1
1
1
1
1
1
1
1
1
1
1
1
1
1
1
1
1
1
1
1
1
1
1
1
1
1
1
1
1
1
1
1
1
1
1
1
1
1
1
1
1
1
1
1
1
1
1
1
1
1
1
1
1
1
1
1
1
1
1
1
1
1
1
1
1
1
1
1
1
1
1
1
1
1
1
1
1
1
1
1
1
1
1
1
1
1
1
1
1
1
1
1
1
1
1
1
1
1
1
1
1
1
1
1
1
1
1
1
1
1
1
1
1
1
1
1
1
1
1
1
1
1
1
1
1
1
1
1
1
1
1
1
1
1
1
1
1
1
1
1
1
1
1
1
1
1
1
1
1
1
1
1
1
1
1
1
1
1
1
1
1
1
1
1
1
1
1
1
1
1
1
1
1
1
1
1
1
1
1
1
1
1
1
1
1
1
1
1
1
1
