# Vetor de dados - syn_f004589-3-Pre--left--vetorlinha.txt
# Total de elementos: 768
# Formato: um valor por linha
#==================================================

1
1
1
1
1
1
1
1
1
1
1
1
1
1
1
1
1
1
1
1
1
1
1
1
1
1
1
1
1
1
1
1
1
1
1
1
1
1
1
1
1
1
1
1
1
1
1
1
1
1
1
1
1
1
1
1
1
1
1
1
1
1
1
1
1
1
1
1
1
1
1
1
1
1
1
1
1
1
1
1
1
1
1
1
1
1
1
1
1
1
1
1
1
1
1
1
1
1
1
1
1
1
1
1
1
1
1
1
1
1
1
1
1
1
1
1
1
1
1
1
1
1
1
1
1
1
1
1
9
22
28
34
38
42
45
48
51
53
55
56
58
60
61
64
64
66
67
67
69
69
70
70
72
72
72
72
73
73
73
73
73
73
73
73
74
74
74
74
73
74
74
75
75
75
76
77
76
77
77
77
77
77
76
75
74
71
69
68
68
67
66
66
64
63
63
63
63
63
63
63
64
64
64
64
64
63
63
62
61
59
58
56
55
54
53
53
53
53
52
53
52
53
52
53
54
54
55
56
57
57
58
170
177
184
192
201
207
211
215
220
226
235
243
258
275
275
276
276
274
272
270
267
261
260
257
242
198
194
189
185
181
177
171
164
155
144
103
98
92
88
88
89
90
90
91
91
92
93
93
94
94
94
95
95
95
96
96
96
96
95
95
96
96
96
95
94
94
94
94
94
93
92
92
92
91
91
91
90
89
89
88
87
86
84
84
83
82
82
82
82
82
82
81
81
81
81
81
81
81
80
80
80
79
79
78
78
78
77
77
77
77
77
77
77
77
77
76
76
76
76
76
75
75
75
75
75
75
75
75
76
77
78
79
80
81
82
83
84
84
85
85
86
87
87
88
88
89
90
90
90
91
91
91
91
91
91
91
91
91
91
91
91
91
90
90
90
90
90
90
90
90
90
90
90
90
89
89
89
89
89
89
88
88
88
88
87
87
87
86
86
85
85
84
83
82
82
81
80
78
77
77
76
76
76
75
76
75
75
74
74
73
72
72
71
70
69
68
67
67
66
66
65
65
64
64
64
65
65
65
65
65
66
66
66
66
66
66
66
66
66
66
67
67
67
67
68
68
68
68
68
68
67
67
67
67
67
67
67
67
66
66
65
65
64
64
64
64
63
62
62
61
61
61
60
59
59
58
58
57
56
56
56
56
54
54
54
53
52
52
51
51
51
50
50
50
51
50
50
50
50
50
50
51
51
50
51
51
52
52
53
52
53
53
54
54
55
54
55
55
55
55
55
56
55
55
56
55
55
54
55
54
53
53
52
52
52
51
50
51
50
49
49
50
50
49
49
49
49
49
49
49
49
49
49
49
49
50
50
50
51
51
51
51
51
51
51
51
51
51
51
51
50
50
50
50
50
49
49
49
48
48
48
48
46
46
46
45
45
44
43
43
42
42
42
41
41
41
40
40
39
39
39
38
38
38
38
37
37
37
36
36
36
36
36
35
35
36
37
38
37
39
40
42
44
46
47
49
51
54
56
58
60
63
69
73
74
76
78
79
79
80
84
85
85
84
84
84
75
54
59
62
66
70
72
75
79
82
84
86
86
88
89
88
88
86
84
83
80
70
56
50
41
28
1
1
1
1
1
1
1
1
1
1
1
1
1
1
1
1
1
1
1
1
1
1
1
1
1
1
1
1
1
1
1
1
1
1
1
1
1
1
1
1
1
1
1
1
1
1
1
1
1
1
1
1
1
1
1
1
1
1
1
1
1
1
1
1
1
