# Vetor de dados - syn_f004429-2-Pre--left--vetorlinha.txt
# Total de elementos: 768
# Formato: um valor por linha
#==================================================

1
1
1
1
1
1
1
1
1
1
1
1
1
1
1
1
1
1
1
1
1
1
1
1
1
1
1
1
1
1
1
1
1
1
1
1
1
1
1
1
1
1
1
1
1
1
1
1
1
1
1
1
1
1
1
1
1
1
1
1
1
1
1
1
1
1
1
1
1
1
1
1
1
1
1
1
1
1
1
1
1
1
1
1
1
1
1
1
1
1
1
1
1
1
1
1
1
1
1
1
1
1
1
1
1
1
1
1
1
1
1
1
1
1
1
1
1
1
12
24
32
36
41
45
48
51
54
56
58
60
62
64
65
67
69
69
71
71
73
73
75
75
76
77
77
77
77
78
78
78
78
78
79
79
79
79
79
79
79
79
79
80
81
81
82
83
84
83
84
82
82
80
79
77
76
75
75
74
74
73
73
71
70
70
71
71
70
69
68
68
68
68
67
67
67
68
67
66
65
64
62
44
43
44
43
43
43
43
43
44
44
44
45
45
46
45
46
46
47
47
48
48
49
53
167
173
182
194
205
217
222
225
230
234
240
251
259
273
283
297
297
297
297
295
294
292
289
281
280
277
261
211
209
205
201
195
188
181
171
106
101
97
89
89
89
90
90
90
90
90
91
91
91
91
91
90
90
90
90
90
90
90
90
90
90
89
89
89
88
88
87
86
86
85
85
85
85
85
85
85
85
84
84
84
85
85
84
84
84
84
84
84
84
84
84
83
83
83
82
82
81
81
81
80
80
79
78
77
77
76
75
75
73
73
72
72
71
70
70
68
68
67
67
67
67
67
67
66
66
67
66
66
67
67
68
69
71
72
72
73
74
75
78
79
80
80
81
82
83
83
84
85
86
86
87
87
89
89
90
90
90
91
92
92
92
93
94
94
94
95
95
95
95
95
95
95
95
95
96
96
96
96
96
96
94
95
95
95
95
95
95
95
95
95
95
95
94
94
95
95
94
94
93
93
92
92
91
90
89
89
88
87
86
86
85
85
84
84
84
84
84
84
84
84
84
84
84
83
83
84
84
84
84
84
84
83
83
83
83
82
82
82
81
81
81
81
81
81
80
80
79
79
79
79
78
78
78
77
77
77
77
77
77
76
75
75
75
75
74
74
74
73
73
73
72
72
72
71
71
70
70
69
69
69
68
67
67
67
66
66
65
64
64
64
64
63
63
63
61
61
60
60
59
59
59
58
58
57
57
58
58
57
57
57
57
56
56
57
56
57
57
57
57
58
57
57
58
57
58
57
57
57
56
57
56
57
56
56
56
56
56
56
55
54
54
54
54
53
53
53
52
53
53
53
53
53
53
51
51
51
51
51
51
52
52
51
51
51
51
51
51
51
51
51
51
51
51
50
50
50
50
50
50
49
49
49
48
48
48
48
48
48
47
47
46
46
46
46
45
45
44
44
43
43
43
43
42
41
41
41
41
40
40
39
39
38
38
38
38
37
36
36
36
36
35
35
35
35
36
35
35
36
36
35
36
37
38
39
40
42
45
47
49
53
56
59
60
63
65
67
70
74
76
78
79
80
83
84
86
91
91
91
91
92
91
54
59
63
67
72
75
78
81
84
86
87
89
90
90
92
92
91
90
88
85
82
70
64
58
50
45
40
1
1
1
1
1
1
1
1
1
1
1
1
1
1
1
1
1
1
1
1
1
1
1
1
1
1
1
1
1
1
1
1
1
1
1
1
1
1
1
1
1
1
1
1
1
1
1
1
1
1
1
1
1
1
1
1
