# Vetor de dados - syn_f004433-3-Pre--left--vetorlinha.txt
# Total de elementos: 768
# Formato: um valor por linha
#==================================================

1
1
1
1
1
1
1
1
1
1
1
1
1
1
1
1
1
1
1
1
1
1
1
1
1
1
1
1
1
1
1
1
1
1
1
1
1
1
1
1
1
1
1
1
1
1
1
1
1
1
1
1
1
1
1
1
1
1
1
1
1
1
1
1
1
1
1
1
1
1
1
1
1
1
1
1
1
1
1
1
1
1
1
1
1
1
1
1
1
1
1
1
1
1
1
1
1
1
1
1
1
1
1
1
1
1
1
1
1
1
1
1
1
1
1
1
1
1
1
1
1
1
1
1
1
1
1
1
18
25
33
38
42
45
48
51
54
55
58
59
62
64
65
67
67
69
70
71
71
73
73
74
74
75
75
75
76
76
76
77
77
77
77
78
78
79
80
80
80
81
82
82
83
82
82
82
81
78
77
75
75
74
73
73
72
70
70
69
69
68
68
66
66
66
66
66
66
66
65
65
65
65
65
64
64
63
61
60
58
56
56
55
55
55
55
55
55
56
56
171
179
193
208
214
218
223
230
239
247
263
282
283
283
282
281
281
278
276
269
268
267
262
249
243
234
216
211
207
203
199
195
192
189
184
180
174
166
161
157
151
143
127
116
111
108
104
104
104
105
106
106
107
107
108
108
108
108
108
108
108
108
108
108
108
108
109
108
107
107
107
107
106
106
106
105
105
104
102
101
101
101
100
100
99
100
100
101
101
100
100
101
101
101
100
100
100
99
99
98
98
98
97
97
97
97
97
97
96
96
96
95
95
95
94
94
94
93
92
92
92
91
91
92
92
92
92
91
91
91
93
94
95
97
98
99
101
102
104
105
106
107
109
110
112
112
114
115
116
117
119
119
120
121
122
122
122
123
124
124
124
124
126
126
126
127
127
128
128
128
129
129
129
129
130
130
130
130
130
130
130
130
129
129
129
128
128
128
128
127
126
126
125
125
123
123
122
121
120
119
117
117
116
114
113
110
108
108
107
107
106
105
104
103
103
101
101
100
98
97
96
94
93
92
91
91
91
90
90
90
90
90
91
91
90
90
90
90
90
90
90
90
90
90
90
90
90
91
91
91
90
90
90
90
90
90
90
89
89
89
88
88
87
87
87
87
87
85
85
85
85
84
83
83
83
83
82
81
81
80
80
79
79
78
78
78
77
75
75
74
74
73
73
71
71
70
69
69
68
66
66
65
64
64
63
62
61
60
59
59
58
58
58
57
57
56
56
56
56
56
56
56
56
57
56
57
56
57
56
57
56
56
56
55
56
55
56
56
56
56
56
55
55
55
55
54
54
55
54
54
54
53
53
53
53
53
53
53
52
52
52
52
53
53
53
53
53
52
53
53
53
53
53
53
53
53
53
53
52
52
52
52
52
52
51
51
51
50
50
50
49
49
48
48
48
47
46
46
46
45
44
44
44
43
42
42
41
41
41
39
39
39
39
39
37
37
37
37
36
36
36
36
36
36
36
36
38
38
39
41
42
44
46
48
50
53
55
58
63
68
71
72
74
76
77
79
81
81
83
83
85
85
86
86
85
86
44
46
48
50
52
56
60
65
68
73
75
77
80
82
84
87
89
91
90
89
88
86
85
80
72
63
56
50
43
33
32
1
1
1
1
1
1
1
1
1
1
1
1
1
1
1
1
1
1
1
1
1
1
1
1
1
1
1
1
1
1
1
1
1
1
1
1
1
1
1
1
1
1
1
1
1
1
1
1
1
1
1
1
1
1
1
1
1
1
1
1
1
1
