# Vetor de dados - syn_f000931-3-Pre--front--vetorcoluna.txt
# Total de elementos: 1024
# Formato: um valor por linha
#==================================================

1
1
1
1
1
1
1
1
1
1
1
1
1
1
1
1
1
1
1
1
1
1
1
1
1
1
1
1
1
1
1
1
1
1
1
1
1
1
1
1
1
1
1
1
1
1
1
1
1
1
1
1
1
1
1
1
1
1
1
1
1
1
1
1
1
1
1
1
1
1
1
1
1
1
1
1
1
1
1
1
1
1
1
1
1
1
1
1
1
1
1
1
1
1
1
1
1
1
1
1
1
1
1
1
1
1
1
1
1
1
1
1
1
1
1
1
1
1
1
1
1
1
1
1
1
1
1
1
1
1
1
1
1
1
1
1
1
1
1
1
1
1
1
1
1
1
1
1
1
1
1
1
1
1
1
1
1
1
1
1
1
1
1
1
1
1
1
1
1
1
1
1
1
1
1
1
1
1
1
1
1
1
1
1
1
1
1
1
1
1
1
1
1
1
1
1
1
1
1
1
1
1
1
1
1
1
1
1
1
1
1
1
1
1
1
1
1
1
1
1
1
1
1
1
1
1
1
1
1
1
1
1
1
1
1
1
1
1
1
1
1
1
1
1
1
24
24
24
24
24
24
24
24
24
24
24
24
24
24
24
24
25
25
25
25
25
25
26
26
26
26
26
27
27
27
27
28
28
28
28
28
28
29
29
29
29
29
29
29
29
29
29
29
29
29
29
29
29
30
30
30
30
30
30
30
30
30
30
30
30
30
30
30
31
31
31
31
31
31
31
31
31
32
32
32
33
34
34
34
34
35
35
35
35
35
36
36
36
36
37
37
37
36
36
36
36
36
37
37
37
37
37
38
38
38
38
38
37
37
37
37
37
37
36
36
36
36
36
36
36
36
36
36
36
37
36
36
36
36
36
36
36
36
36
36
36
36
36
37
37
37
37
37
37
37
38
38
38
38
38
38
38
38
39
39
39
39
39
39
38
38
39
39
39
39
39
39
40
40
40
40
40
40
40
40
41
41
42
42
43
43
43
44
44
45
45
45
46
47
48
49
51
54
57
60
62
62
64
65
66
67
69
70
70
72
283
286
289
291
294
397
401
404
407
411
414
418
421
488
489
489
488
489
491
491
491
492
491
490
489
489
491
492
493
494
495
495
496
496
571
507
503
499
496
492
489
485
480
426
422
419
417
413
409
398
391
383
363
355
347
339
338
346
352
360
367
380
388
393
402
410
414
417
420
422
426
476
482
486
490
494
498
502
429
494
495
495
494
494
493
492
491
490
490
491
492
492
493
493
492
491
491
491
491
489
427
423
420
416
412
409
405
401
398
292
290
287
284
282
70
68
67
66
65
64
63
62
61
60
58
57
55
53
51
49
48
46
45
44
43
43
42
42
41
41
41
39
39
39
39
39
39
38
38
38
38
38
38
38
38
38
38
38
38
37
37
37
37
37
37
37
37
37
37
37
37
37
36
36
36
36
36
36
36
35
36
35
35
35
35
35
35
35
35
35
35
35
35
35
36
36
36
36
36
36
36
36
36
36
36
37
37
37
37
37
37
36
36
36
36
36
36
36
35
36
36
36
36
36
36
36
36
36
35
35
35
35
35
34
34
34
34
33
33
33
33
32
32
32
32
32
32
31
31
30
30
30
30
30
29
28
28
28
27
27
27
27
26
25
25
25
25
24
24
23
23
23
23
23
23
22
22
22
22
22
22
22
21
21
21
21
20
20
20
20
20
20
19
19
19
20
20
19
19
19
19
19
20
18
18
18
18
18
18
18
18
18
18
18
18
18
19
19
19
19
19
18
18
18
17
1
1
1
1
1
1
1
1
1
1
1
1
1
1
1
1
1
1
1
1
1
1
1
1
1
1
1
1
1
1
1
1
1
1
1
1
1
1
1
1
1
1
1
1
1
1
1
1
1
1
1
1
1
1
1
1
1
1
1
1
1
1
1
1
1
1
1
1
1
1
1
1
1
1
1
1
1
1
1
1
1
1
1
1
1
1
1
1
1
1
1
1
1
1
1
1
1
1
1
1
1
1
1
1
1
1
1
1
1
1
1
1
1
1
1
1
1
1
1
1
1
1
1
1
1
1
1
1
1
1
1
1
1
1
1
1
1
1
1
1
1
1
1
1
1
1
1
1
1
1
1
1
1
1
1
1
1
1
1
1
1
1
1
1
1
1
1
1
1
1
1
1
1
1
1
1
1
1
1
1
1
1
1
1
1
1
1
1
1
1
1
1
1
1
1
1
1
1
1
1
1
1
1
1
1
1
1
1
1
1
1
1
1
1
1
1
1
1
1
1
1
1
1
1
1
1
1
1
1
1
1
1
1
1
1
1
1
1
1
1
1
1
1
1
