# Vetor de dados - syn_f003242-1-Pre--left--vetorlinha.txt
# Total de elementos: 768
# Formato: um valor por linha
#==================================================

1
1
1
1
1
1
1
1
1
1
1
1
1
1
1
1
1
1
1
1
1
1
1
1
1
1
1
1
1
1
1
1
1
1
1
1
1
1
1
1
1
1
1
1
1
1
1
1
1
1
1
1
1
1
1
1
1
1
1
1
1
1
1
1
1
1
1
1
1
1
1
1
1
1
1
1
1
1
1
1
1
1
1
1
1
1
1
1
1
1
1
1
1
1
1
1
1
1
1
1
1
1
1
1
1
24
29
33
38
42
47
49
52
55
57
59
61
63
65
66
68
69
71
72
72
74
74
76
76
77
77
77
79
79
79
79
79
79
79
79
79
79
80
79
79
80
80
79
80
81
82
82
82
83
84
84
85
86
85
85
84
83
81
80
78
77
77
77
76
75
74
74
73
72
73
71
71
69
69
69
68
67
67
67
67
67
67
66
65
65
64
63
61
60
59
58
58
57
56
56
56
56
55
56
57
58
58
59
59
61
61
62
63
70
79
86
93
102
112
121
162
177
186
192
197
203
208
215
225
233
238
243
247
250
253
257
261
265
270
275
281
285
291
300
306
314
326
327
327
326
325
324
321
319
316
308
306
229
224
220
215
209
200
182
169
154
133
127
120
118
119
120
121
121
121
121
122
122
123
123
124
123
123
123
123
124
124
123
123
123
124
124
124
123
123
123
123
122
121
120
119
119
117
117
117
118
117
118
118
117
118
118
119
118
119
119
119
120
119
119
120
119
120
119
119
118
119
119
118
119
119
118
118
119
118
118
118
118
118
118
118
118
117
117
117
116
117
117
117
116
115
115
115
115
115
114
114
115
115
116
117
117
118
118
118
119
120
121
122
122
124
125
125
126
128
128
128
129
129
130
131
131
132
132
132
134
134
134
134
135
136
136
137
137
137
137
138
138
138
138
138
138
138
138
137
138
138
138
137
137
137
137
135
135
134
133
133
132
132
131
130
128
127
127
126
125
123
122
120
118
116
114
113
113
113
112
112
111
111
111
110
110
109
109
109
108
107
107
106
106
105
103
102
102
101
100
100
99
99
97
97
97
96
96
95
95
95
95
95
95
95
94
93
93
93
93
92
92
92
92
91
90
90
90
89
89
89
89
88
88
88
88
87
87
87
86
85
85
85
84
84
84
83
83
83
82
82
82
81
81
80
79
79
79
78
78
77
76
76
75
75
74
74
73
72
72
71
71
69
69
69
68
68
66
66
66
65
65
64
64
63
63
63
62
62
63
63
63
63
63
63
62
63
62
63
63
62
62
62
61
61
61
60
60
60
60
60
60
60
60
59
59
58
58
57
57
56
56
55
55
54
54
54
54
54
53
53
53
53
53
53
53
53
53
53
53
53
53
52
52
52
52
53
53
52
52
52
52
51
50
50
50
50
49
49
49
49
49
48
47
47
47
47
47
45
45
45
45
45
44
43
43
43
43
43
42
42
42
42
41
41
41
41
41
41
40
40
40
40
40
40
40
39
39
39
39
39
39
39
39
39
40
40
41
44
45
47
49
51
54
57
60
71
74
76
78
79
80
82
82
83
84
84
84
85
86
86
86
86
86
85
78
45
46
48
50
52
54
58
61
64
69
72
76
77
80
82
83
85
86
87
88
89
88
87
86
83
79
74
69
63
59
55
50
46
39
29
1
1
1
1
1
1
1
1
1
1
1
1
1
1
1
1
1
1
1
1
1
1
1
1
1
1
1
1
1
1
1
1
1
1
1
1
1
1
1
1
1
