# Vetor de dados - syn_f003098-3-Pre--front--vetorlinha.txt
# Total de elementos: 768
# Formato: um valor por linha
#==================================================

1
1
1
1
1
1
1
1
1
1
1
1
1
1
1
1
1
1
1
1
1
1
1
1
1
1
1
1
1
1
1
1
1
1
1
1
1
1
1
1
1
1
1
1
1
1
1
1
1
1
1
1
1
1
1
1
1
1
1
1
1
1
1
1
1
1
1
1
1
1
1
1
1
1
1
1
1
1
1
1
1
1
1
1
1
1
1
1
1
1
1
1
1
1
1
1
1
1
1
1
1
1
1
1
1
1
1
1
1
18
25
29
33
36
39
41
43
45
47
49
49
51
52
53
54
56
57
58
58
59
60
60
61
62
62
62
63
63
63
63
63
63
63
63
62
62
62
62
64
69
70
71
71
71
70
69
69
69
68
67
67
67
65
65
63
62
61
60
57
53
53
53
53
51
51
50
49
47
47
47
47
47
47
47
47
47
46
46
46
46
47
48
48
49
51
53
56
60
64
68
71
73
76
239
293
324
349
365
421
437
447
457
466
476
488
501
545
556
560
563
566
568
571
573
565
563
572
583
599
600
599
598
597
522
517
511
484
480
477
473
468
461
456
368
349
331
314
301
285
180
168
163
158
156
153
152
151
151
150
149
149
149
148
148
148
148
148
146
146
145
145
144
143
142
141
140
139
138
137
135
135
133
132
131
129
129
127
126
126
125
123
123
121
119
118
117
118
118
120
120
120
120
119
119
119
119
118
118
118
117
116
116
116
116
116
116
116
115
114
114
114
114
114
114
114
113
113
112
112
112
112
112
112
111
111
111
111
111
112
112
113
113
115
115
117
117
118
120
120
122
123
124
126
126
128
128
130
131
132
132
133
134
135
135
136
137
137
137
137
139
139
139
139
139
139
140
140
140
141
141
141
141
141
141
141
141
141
141
142
142
142
143
143
144
144
144
145
146
146
146
147
148
148
148
150
150
150
152
152
152
154
154
154
155
156
156
156
156
157
157
157
158
158
159
159
159
159
159
159
159
159
159
159
159
159
159
159
159
159
159
159
159
159
160
160
160
160
160
160
159
159
159
159
159
158
158
158
158
158
158
156
156
156
156
155
154
154
154
153
152
152
152
151
150
150
150
149
148
148
148
146
146
146
144
144
143
143
142
141
141
140
139
139
138
137
137
136
135
135
134
133
133
133
131
131
131
129
129
129
128
127
127
127
126
125
125
125
124
124
124
123
123
123
122
122
123
122
122
122
121
121
121
121
121
121
121
120
120
120
120
119
119
119
119
119
119
119
119
119
120
121
121
121
121
121
121
123
123
123
123
123
125
125
125
125
127
127
127
127
127
129
129
129
129
129
129
129
130
130
131
131
131
131
131
131
131
131
131
131
130
130
130
130
130
130
130
130
129
128
128
128
128
126
126
126
126
125
124
124
124
122
122
122
121
120
120
119
118
118
118
116
116
116
114
114
114
112
112
112
111
110
109
109
109
107
107
107
106
105
105
105
103
103
103
103
101
101
101
100
99
99
99
99
97
97
97
97
97
97
97
97
97
97
97
97
98
98
98
98
99
99
99
99
99
99
99
100
100
99
99
99
101
101
101
101
103
103
103
104
105
106
108
109
110
111
112
113
115
115
117
117
117
118
118
118
118
117
117
117
116
116
116
115
112
109
108
107
103
101
92
39
1
1
1
1
1
1
1
1
1
1
1
1
1
1
1
1
1
1
1
1
1
1
1
1
1
1
1
1
1
1
1
1
1
1
1
1
1
1
1
1
1
1
1
1
1
1
1
