# Vetor de dados - syn_f003768-0-Pre--front--vetorcoluna.txt
# Total de elementos: 1024
# Formato: um valor por linha
#==================================================

1
1
1
1
1
1
1
1
1
1
1
1
1
1
1
1
1
1
1
1
1
1
1
1
1
1
1
1
1
1
1
1
1
1
1
1
1
1
1
1
1
1
1
1
1
1
1
1
1
1
1
1
1
1
1
1
1
1
1
1
1
1
1
1
1
1
1
1
1
1
1
1
1
1
1
1
1
1
1
1
1
1
1
1
1
1
1
1
1
1
1
1
1
1
1
1
1
1
1
1
1
1
1
1
1
1
1
1
1
1
1
1
1
1
1
1
1
1
1
1
1
1
1
1
1
1
1
1
1
1
1
1
1
1
1
1
1
1
1
1
1
1
1
1
1
1
1
1
1
1
1
1
1
1
1
1
1
1
1
1
1
1
1
1
1
1
1
1
1
1
1
1
1
1
1
1
1
1
1
1
1
1
1
1
1
1
1
1
1
1
1
1
1
1
1
1
1
1
1
1
1
1
1
1
1
1
1
1
1
1
1
1
1
1
1
1
1
1
1
1
1
1
1
1
1
1
1
1
1
1
1
1
1
1
1
1
1
1
1
1
1
1
1
1
1
1
1
1
1
1
1
1
1
1
1
1
1
1
1
1
1
1
1
1
1
1
1
1
1
1
1
1
1
1
1
1
1
1
1
1
1
1
1
1
1
1
1
1
1
1
1
1
1
1
1
40
40
40
40
40
40
40
40
40
40
40
40
40
40
40
40
40
40
40
40
40
40
40
40
40
40
40
40
40
40
40
40
40
40
40
40
40
40
40
40
40
40
40
40
40
40
40
40
40
40
40
40
40
40
39
39
39
39
39
39
39
39
39
39
38
38
38
38
38
37
37
37
37
37
36
36
36
36
35
35
35
35
35
34
34
34
34
34
34
34
34
34
33
33
33
33
33
33
33
34
34
34
34
34
34
34
34
35
35
34
34
34
34
34
34
35
35
35
35
36
35
36
36
36
36
36
37
37
37
37
37
38
38
39
39
39
39
41
41
41
42
43
43
44
45
48
50
51
53
54
55
56
57
58
59
60
61
62
62
64
65
64
292
296
301
305
311
397
406
413
420
425
431
436
509
510
511
510
510
511
513
513
513
513
513
512
512
514
516
518
519
520
521
522
521
521
478
527
522
517
513
508
504
500
496
490
455
448
444
438
416
388
381
375
370
363
352
344
346
359
368
375
380
385
390
397
406
416
431
437
442
446
453
494
499
503
507
512
517
523
446
474
515
517
519
519
519
518
518
517
516
516
515
515
515
515
514
514
513
511
513
513
513
512
511
429
424
418
411
404
397
327
305
300
295
291
285
61
60
59
59
57
56
54
53
51
49
48
46
46
44
44
43
43
42
41
41
40
40
39
39
39
39
38
38
38
37
37
37
37
37
37
36
36
36
36
36
35
35
35
34
34
34
34
34
34
34
34
34
34
34
33
33
33
33
33
33
34
34
33
33
33
33
33
33
33
32
32
32
32
32
32
32
31
32
32
32
32
32
32
33
33
33
33
33
33
33
34
34
34
34
34
34
34
34
33
33
33
33
33
33
33
33
33
33
33
33
32
32
32
32
32
31
31
31
31
31
31
30
30
30
30
29
29
29
28
28
28
28
28
28
28
27
27
27
27
27
26
25
25
25
25
25
25
25
24
24
24
24
24
23
23
22
22
22
22
22
22
22
20
20
20
20
19
20
19
20
20
20
20
18
18
18
19
20
19
20
21
19
20
21
19
20
21
21
21
19
20
20
20
18
18
19
19
19
18
18
18
19
19
20
19
19
19
19
20
20
20
19
18
16
10
10
10
10
10
10
10
9
9
9
9
9
9
9
9
9
8
8
8
9
1
1
1
1
1
1
1
1
1
1
1
1
1
1
1
1
1
1
1
1
1
1
1
1
1
1
1
1
1
1
1
1
1
1
1
1
1
1
1
1
1
1
1
1
1
1
1
1
1
1
1
1
1
1
1
1
1
1
1
1
1
1
1
1
1
1
1
1
1
1
1
1
1
1
1
1
1
1
1
1
1
1
1
1
1
1
1
1
1
1
1
1
1
1
1
1
1
1
1
1
1
1
1
1
1
1
1
1
1
1
1
1
1
1
1
1
1
1
1
1
1
1
1
1
1
1
1
1
1
1
1
1
1
1
1
1
1
1
1
1
1
1
1
1
1
1
1
1
1
1
1
1
1
1
1
1
1
1
1
1
1
1
1
1
1
1
1
1
1
1
1
1
1
1
1
1
1
1
1
1
1
1
1
1
1
1
1
1
1
1
1
1
1
1
1
1
1
1
1
1
1
1
1
1
1
1
1
1
1
1
1
1
1
1
1
1
1
1
