# Vetor de dados - syn_f000876-3-Pre--front--vetorlinha.txt
# Total de elementos: 768
# Formato: um valor por linha
#==================================================

1
1
1
1
1
1
1
1
1
1
1
1
1
1
1
1
1
1
1
1
1
1
1
1
1
1
1
1
1
1
1
1
1
1
1
1
1
1
1
1
1
1
1
1
1
1
1
1
1
1
1
1
1
1
1
1
1
1
1
1
1
1
1
1
1
1
1
1
1
1
1
1
1
1
1
1
1
1
1
1
1
1
1
1
1
1
1
1
1
1
1
1
1
1
1
1
1
1
1
1
1
1
1
1
1
1
1
1
1
1
1
1
1
1
1
1
1
1
1
1
14
23
27
31
35
39
41
43
45
47
49
51
52
53
54
55
56
58
59
60
60
61
62
62
63
64
64
64
64
65
66
66
66
66
66
66
65
64
64
64
64
65
70
73
74
74
74
74
74
72
72
72
72
70
70
70
69
68
67
65
65
63
62
58
55
53
53
52
51
51
50
49
49
47
47
47
47
47
47
46
45
45
45
45
45
45
46
46
46
47
47
49
50
54
58
129
141
313
335
443
471
491
499
507
515
527
559
584
605
620
620
619
618
616
607
596
585
575
569
573
575
575
574
573
512
508
447
440
434
427
420
411
402
392
381
361
334
313
292
279
270
260
246
227
201
183
176
171
167
164
162
161
159
158
157
156
154
154
154
152
151
150
149
147
147
146
145
144
144
143
142
142
141
140
139
139
139
138
138
136
136
136
135
134
133
132
131
130
129
128
126
125
123
123
121
121
121
121
120
120
119
119
119
119
119
119
117
117
117
117
117
116
115
115
114
114
112
112
112
110
110
110
109
108
108
108
108
108
108
108
109
110
110
111
111
112
112
114
114
115
115
116
117
118
118
120
120
122
122
124
125
127
128
130
131
132
134
134
135
136
137
137
137
138
138
139
139
139
139
141
141
141
141
141
141
141
141
141
141
141
141
141
141
142
142
142
142
143
144
144
144
145
145
145
146
147
147
147
147
149
149
149
151
151
151
151
153
153
153
153
153
154
154
154
155
155
155
156
156
156
156
156
157
157
157
157
157
157
157
157
157
156
156
155
155
155
155
155
155
155
155
155
155
155
153
153
153
153
152
152
152
151
151
150
150
150
149
149
148
148
148
147
147
147
146
146
145
145
145
145
144
143
143
143
143
142
141
141
141
141
140
139
139
139
138
137
137
136
135
135
134
133
133
132
131
131
130
130
129
128
128
128
126
126
126
126
125
124
123
123
123
122
121
121
121
121
121
121
119
119
119
119
119
119
119
118
118
117
117
118
118
119
119
120
120
121
122
123
123
124
125
125
126
127
127
128
128
129
130
130
130
130
131
132
132
132
132
132
132
132
134
134
134
134
134
134
134
134
134
133
133
133
132
132
132
132
132
132
132
131
130
130
130
129
128
128
128
127
126
126
126
125
124
124
123
122
121
120
120
119
118
118
117
116
116
115
114
114
113
112
112
111
110
110
109
109
108
108
107
106
106
106
104
104
104
104
102
102
102
102
101
101
101
101
101
100
100
100
101
102
102
102
103
103
103
103
103
103
104
104
104
104
104
104
104
105
106
106
106
106
108
108
110
110
112
112
114
115
116
117
118
119
120
120
120
120
120
119
118
118
117
115
113
112
110
109
106
103
99
93
45
1
1
1
1
1
1
1
1
1
1
1
1
1
1
1
1
1
1
1
1
1
1
1
1
1
1
1
1
1
1
1
1
1
1
1
1
1
1
1
1
1
1
1
1
1
1
1
1
1
1
1
1
1
1
1
1
1
