# Vetor de dados - syn_f004787-1-Pre--left--vetorlinha.txt
# Total de elementos: 768
# Formato: um valor por linha
#==================================================

1
1
1
1
1
1
1
1
1
1
1
1
1
1
1
1
1
1
1
1
1
1
1
1
1
1
1
1
1
1
1
1
1
1
1
1
1
1
1
1
1
1
1
1
1
1
1
1
1
1
1
1
1
1
1
1
1
1
1
1
1
1
1
1
1
1
1
1
1
1
1
1
1
1
1
1
1
1
1
1
1
1
1
1
1
1
1
1
1
1
1
1
1
1
1
1
1
1
1
1
1
1
1
1
1
1
1
1
1
1
1
1
1
1
1
1
1
1
1
1
1
1
1
1
1
1
1
21
28
34
38
42
45
49
51
54
56
58
60
62
63
65
66
67
68
69
70
71
71
72
72
74
74
74
74
74
74
74
74
75
75
75
76
76
77
77
78
79
79
79
80
81
82
82
82
82
81
81
79
77
75
74
73
73
73
72
71
69
69
68
67
67
66
66
65
64
64
64
64
64
64
63
62
61
60
57
53
51
49
48
48
48
48
48
48
48
48
49
49
49
50
52
53
54
55
56
57
57
58
59
60
65
71
79
152
159
166
171
175
179
184
188
194
203
215
224
227
230
233
236
242
247
252
256
262
269
274
280
289
291
290
290
288
286
283
273
151
105
94
89
89
90
90
91
91
91
92
93
93
94
94
94
94
95
95
96
95
95
95
96
95
95
95
95
95
94
94
94
94
93
93
91
91
90
90
90
89
89
89
89
89
89
90
89
89
89
89
89
89
90
89
89
89
89
89
88
88
88
88
87
87
87
87
86
86
86
86
85
85
85
85
84
84
85
86
86
87
87
87
89
89
90
91
91
91
92
92
93
92
93
93
93
94
94
95
95
95
96
96
96
97
97
97
97
97
98
98
98
98
98
98
99
99
99
99
99
99
99
99
99
99
99
100
99
99
99
99
99
98
98
97
97
96
96
95
94
94
92
91
90
90
89
88
86
86
85
85
84
84
85
84
84
84
83
83
82
81
81
80
80
79
78
77
76
76
75
74
74
74
73
73
72
72
72
71
71
71
71
70
69
69
69
69
69
69
69
68
68
68
68
68
68
67
67
66
67
67
65
66
66
66
66
65
65
65
65
65
64
64
64
64
64
63
63
62
62
61
61
61
61
61
60
60
60
59
58
58
58
58
58
56
56
56
56
56
55
55
54
54
53
53
53
53
53
52
52
51
51
51
51
51
51
50
50
50
50
50
50
50
50
50
50
50
50
50
50
50
51
50
50
51
50
51
50
50
50
50
49
50
49
49
50
49
49
48
49
48
47
47
46
45
45
44
44
43
43
43
42
42
43
43
43
42
43
43
43
43
44
43
43
43
43
43
43
44
43
43
43
43
43
43
43
43
43
41
41
41
41
41
41
41
41
40
39
39
39
39
39
38
37
37
37
37
36
36
35
35
35
34
34
34
33
32
32
32
32
31
31
31
30
30
30
30
30
30
30
30
31
31
31
31
32
32
33
33
34
36
37
37
39
41
43
45
48
50
54
56
59
60
62
65
69
72
76
78
82
83
83
83
84
83
83
79
68
42
44
47
49
51
55
59
62
67
72
75
79
83
86
89
92
92
92
90
90
88
86
85
83
76
56
49
42
38
1
1
1
1
1
1
1
1
1
1
1
1
1
1
1
1
1
1
1
1
1
1
1
1
1
1
1
1
1
1
1
1
1
1
1
1
1
1
1
1
1
1
1
1
1
1
1
1
1
1
1
1
1
1
1
1
1
1
1
1
1
1
1
1
1
