# Vetor de dados - syn_f004200-0-Pre--front--vetorlinha.txt
# Total de elementos: 768
# Formato: um valor por linha
#==================================================

1
1
1
1
1
1
1
1
1
1
1
1
1
1
1
1
1
1
1
1
1
1
1
1
1
1
1
1
1
1
1
1
1
1
1
1
1
1
1
1
1
1
1
1
1
1
1
1
1
1
1
1
1
1
1
1
1
1
1
1
1
1
1
1
1
1
1
1
1
1
1
1
1
1
1
1
1
1
1
1
1
1
1
1
1
1
1
1
1
1
1
1
1
1
1
1
1
1
1
1
1
1
1
1
1
1
1
1
1
1
1
1
1
1
1
1
1
1
1
1
1
1
1
1
1
1
1
1
1
1
1
1
1
1
16
24
28
32
35
38
40
42
44
46
48
50
50
52
53
54
56
57
58
58
59
60
60
61
62
62
62
62
62
62
62
62
62
62
62
62
62
62
62
62
67
69
71
71
71
71
70
69
69
69
69
67
67
67
66
65
63
62
61
60
57
54
53
53
52
52
51
50
50
48
47
46
45
44
44
44
43
43
43
43
44
44
44
44
45
45
45
46
48
49
52
56
61
64
68
223
234
259
272
301
314
327
371
376
380
387
394
404
427
431
425
423
429
433
438
442
445
450
402
408
411
411
409
406
405
403
402
401
399
398
396
396
396
395
395
395
385
352
350
349
347
323
325
324
324
137
136
134
134
132
130
129
127
126
126
124
124
123
122
122
122
122
122
122
122
123
124
124
124
124
124
124
124
124
124
124
123
123
123
122
122
121
121
119
119
117
115
115
114
114
114
113
113
113
113
114
114
114
114
114
114
114
114
114
114
114
114
114
115
115
115
115
115
116
116
117
117
117
117
117
117
119
119
119
119
121
121
122
123
124
124
126
126
126
127
128
128
129
130
130
132
132
133
134
134
135
135
135
136
137
137
137
138
139
139
139
140
141
141
141
141
142
143
143
143
143
144
145
145
145
145
145
146
147
147
147
147
147
147
148
148
148
148
149
149
149
150
150
150
151
151
151
152
152
152
152
152
152
152
152
152
152
152
152
152
151
151
151
151
151
151
150
150
150
149
149
149
149
149
148
147
147
147
147
146
145
145
145
144
143
143
143
142
141
141
140
140
138
138
138
137
136
136
136
136
135
135
134
134
134
133
133
133
133
131
131
131
129
129
129
127
127
127
126
125
125
124
124
123
123
122
122
122
121
120
120
120
120
118
118
118
118
118
117
117
117
116
116
116
116
115
115
115
114
114
114
114
113
113
112
112
112
112
111
111
111
111
111
111
110
110
110
110
110
110
110
111
112
112
112
112
112
112
113
113
114
114
114
114
115
115
115
115
115
115
115
115
115
115
115
115
115
115
115
115
115
115
115
114
113
113
113
113
113
113
113
111
111
111
111
111
110
110
109
109
109
108
108
108
107
107
106
106
106
106
105
104
104
104
104
103
102
102
102
102
101
100
100
100
100
98
98
98
98
98
96
96
96
96
96
94
94
94
94
94
94
94
93
93
94
94
96
96
96
96
96
96
97
97
97
97
97
98
98
99
99
100
101
101
101
103
104
105
106
108
109
110
111
113
113
114
115
115
116
116
117
116
116
116
115
115
112
111
109
105
102
97
51
46
1
1
1
1
1
1
1
1
1
1
1
1
1
1
1
1
1
1
1
1
1
1
1
1
1
1
1
1
1
1
1
1
1
1
1
1
1
1
1
1
1
1
1
1
1
1
1
1
1
1
1
1
1
1
1
1
1
1
1
1
1
1
1
1
1
1
1
1
1
1
1
1
1
1
1
