# Vetor de dados - syn_f001678-3-Pre--front--vetorcoluna.txt
# Total de elementos: 1024
# Formato: um valor por linha
#==================================================

1
1
1
1
1
1
1
1
1
1
1
1
1
1
1
1
1
1
1
1
1
1
1
1
1
1
1
1
1
1
1
1
1
1
1
1
1
1
1
1
1
1
1
1
1
1
1
1
1
1
1
1
1
1
1
1
1
1
1
1
1
1
1
1
1
1
1
1
1
1
1
1
1
1
1
1
1
1
1
1
1
1
1
1
1
1
1
1
1
1
1
1
1
1
1
1
1
1
1
1
1
1
1
1
1
1
1
1
1
1
1
1
1
1
1
1
1
1
1
1
1
1
1
1
1
1
1
1
1
1
1
1
1
1
1
1
1
1
1
1
1
1
1
1
1
1
1
1
1
1
1
1
1
1
1
1
1
1
1
1
1
1
1
1
1
1
1
1
1
1
1
1
1
1
1
1
1
1
1
1
1
1
1
1
1
1
1
1
1
1
1
1
1
1
1
1
1
1
1
1
1
1
1
1
1
1
1
1
1
1
1
1
1
1
1
1
1
1
1
1
1
1
1
1
1
1
1
1
1
1
1
1
1
1
1
1
1
1
1
1
1
1
1
1
1
1
1
6
8
8
8
8
8
8
8
8
8
8
8
8
8
8
8
9
9
9
9
9
16
17
17
17
17
17
17
17
18
18
18
17
17
17
17
17
18
18
18
18
18
20
19
19
19
19
20
19
19
20
19
18
19
18
18
20
19
19
19
20
21
21
21
19
20
20
22
22
22
22
23
23
23
24
24
25
26
26
26
27
27
27
28
29
29
29
29
30
31
31
31
31
32
32
33
33
33
33
34
34
34
34
34
34
35
35
36
36
36
36
36
36
36
36
36
36
36
35
35
35
35
34
34
33
33
33
33
33
32
32
32
33
33
33
33
33
34
35
35
35
35
35
36
36
36
36
37
37
37
37
38
39
39
39
39
40
40
40
40
40
41
41
41
41
41
41
41
41
41
41
41
41
41
42
42
42
42
42
42
42
42
42
42
42
42
42
42
43
43
43
43
43
44
44
47
53
56
68
72
74
77
79
264
266
268
270
271
273
275
277
280
283
285
288
370
373
376
379
381
385
388
393
458
460
460
459
459
460
461
460
461
460
459
459
460
461
463
463
463
464
534
534
500
472
468
465
463
460
458
454
451
446
403
398
396
393
390
386
378
368
362
354
350
354
361
367
373
382
389
392
394
396
399
401
404
445
450
454
456
459
461
465
466
469
472
539
538
466
466
465
464
463
462
460
461
462
462
462
461
460
460
459
458
456
455
388
385
382
379
377
374
371
368
286
283
280
277
275
273
271
268
266
265
74
70
62
68
71
68
62
58
55
52
45
42
42
41
41
40
40
39
39
38
38
38
38
38
38
37
37
38
38
38
38
38
38
38
38
38
38
38
37
37
37
37
36
36
36
36
35
35
35
35
35
35
34
34
33
33
33
33
33
32
32
32
32
32
31
31
31
31
31
31
31
31
31
31
31
32
32
32
32
32
33
33
33
33
33
34
34
34
34
34
34
34
35
35
35
35
35
35
35
34
34
34
34
34
33
33
33
33
33
32
32
32
31
31
31
30
30
30
30
30
28
28
28
28
27
27
27
26
26
25
25
24
24
24
23
23
23
22
22
22
20
20
20
19
19
19
19
20
18
18
18
19
18
19
19
20
19
19
19
20
20
19
19
19
18
18
18
17
17
17
18
18
18
18
18
19
18
18
18
18
18
18
18
17
16
9
9
9
9
9
9
9
9
9
9
9
8
8
8
8
8
8
8
8
8
1
1
1
1
1
1
1
1
1
1
1
1
1
1
1
1
1
1
1
1
1
1
1
1
1
1
1
1
1
1
1
1
1
1
1
1
1
1
1
1
1
1
1
1
1
1
1
1
1
1
1
1
1
1
1
1
1
1
1
1
1
1
1
1
1
1
1
1
1
1
1
1
1
1
1
1
1
1
1
1
1
1
1
1
1
1
1
1
1
1
1
1
1
1
1
1
1
1
1
1
1
1
1
1
1
1
1
1
1
1
1
1
1
1
1
1
1
1
1
1
1
1
1
1
1
1
1
1
1
1
1
1
1
1
1
1
1
1
1
1
1
1
1
1
1
1
1
1
1
1
1
1
1
1
1
1
1
1
1
1
1
1
1
1
1
1
1
1
1
1
1
1
1
1
1
1
1
1
1
1
1
1
1
1
1
1
1
1
1
1
1
1
1
1
1
1
1
1
1
1
1
1
1
1
1
1
1
1
1
1
1
1
1
1
1
1
1
1
1
1
1
1
1
1
1
1
1
1
1
1
1
1
1
1
1
1
1
1
1
1
1
1
1
1
1
1
1
1
