# Vetor de dados - syn_f000064-2-Pre--left--vetorlinha.txt
# Total de elementos: 768
# Formato: um valor por linha
#==================================================

1
1
1
1
1
1
1
1
1
1
1
1
1
1
1
1
1
1
1
1
1
1
1
1
1
1
1
1
1
1
1
1
1
1
1
1
1
1
1
1
1
1
1
1
1
1
1
1
1
1
1
1
1
1
1
1
1
1
1
1
1
1
1
1
1
1
1
1
1
1
1
1
1
1
1
1
1
1
1
1
1
1
1
1
1
1
1
1
1
1
1
1
1
1
1
1
1
1
1
1
1
1
1
1
1
1
1
1
1
1
1
1
1
1
1
1
1
1
1
1
1
1
1
20
28
33
38
43
46
49
51
54
56
58
60
62
64
65
67
69
69
70
71
72
73
73
75
75
76
76
76
76
77
77
77
77
77
77
77
77
78
78
79
80
80
80
81
82
83
82
83
84
84
83
83
82
81
78
76
74
72
71
70
70
69
67
67
66
66
65
65
65
64
63
62
62
62
63
63
63
63
62
61
62
61
59
58
56
53
52
50
50
50
50
50
50
51
51
51
51
52
52
166
176
208
212
217
223
235
243
277
279
279
279
278
278
275
275
271
266
265
264
249
248
244
231
206
201
197
194
190
187
184
180
176
172
167
159
153
148
115
110
106
102
100
101
102
103
103
105
106
106
106
107
106
107
107
107
107
108
108
108
108
108
108
108
108
108
108
106
106
106
106
105
105
105
105
104
104
104
103
103
101
101
100
100
99
99
100
100
99
100
100
100
100
100
99
99
100
99
99
99
98
98
98
97
98
98
97
97
97
97
97
96
96
95
94
94
94
94
94
93
93
93
93
92
92
91
91
91
91
92
91
91
91
92
92
93
94
95
95
96
97
98
99
100
101
102
103
104
105
106
107
107
108
109
110
111
111
112
112
112
113
113
113
113
114
114
114
114
114
114
114
115
115
115
115
115
115
115
115
115
116
115
114
114
114
114
114
114
113
113
112
112
111
111
110
109
109
107
107
107
105
104
103
102
100
99
98
98
97
96
96
95
94
94
93
92
91
92
90
89
88
87
86
86
85
85
85
84
83
82
82
82
82
81
81
81
81
81
81
81
81
81
80
80
81
81
81
81
81
81
81
80
80
80
80
79
79
79
79
79
78
78
78
78
78
77
77
77
77
76
76
76
76
75
74
74
74
74
73
73
73
72
72
71
70
70
69
69
67
67
67
66
66
64
64
63
63
62
62
60
60
59
59
58
58
56
56
56
56
56
57
57
58
58
58
59
60
61
60
61
61
61
62
61
62
61
62
61
61
61
61
60
60
59
58
59
58
57
56
57
56
55
54
54
53
53
53
52
53
53
52
51
51
51
51
51
51
52
52
52
52
51
51
52
52
52
52
52
52
52
52
52
52
51
51
51
51
51
50
50
49
49
49
49
49
48
48
48
47
46
46
46
45
45
44
44
43
43
43
43
42
41
41
40
40
40
39
39
39
38
38
37
37
37
37
37
36
35
36
36
36
36
36
37
36
37
37
38
39
39
40
42
43
45
48
50
52
55
57
59
64
68
70
72
74
76
78
81
83
83
85
86
87
86
86
86
86
46
48
50
52
56
60
63
67
70
72
76
78
80
83
86
88
89
90
88
87
86
83
82
77
63
58
51
44
38
36
1
1
1
1
1
1
1
1
1
1
1
1
1
1
1
1
1
1
1
1
1
1
1
1
1
1
1
1
1
1
1
1
1
1
1
1
1
1
1
1
1
1
1
1
1
1
1
1
1
1
1
1
1
1
1
1
1
1
1
