# Vetor de dados - syn_f001097-0-Pre--front--vetorcoluna.txt
# Total de elementos: 1024
# Formato: um valor por linha
#==================================================

1
1
1
1
1
1
1
1
1
1
1
1
1
1
1
1
1
1
1
1
1
1
1
1
1
1
1
1
1
1
1
1
1
1
1
1
1
1
1
1
1
1
1
1
1
1
1
1
1
1
1
1
1
1
1
1
1
1
1
1
1
1
1
1
1
1
1
1
1
1
1
1
1
1
1
1
1
1
1
1
1
1
1
1
1
1
1
1
1
1
1
1
1
1
1
1
1
1
1
1
1
1
1
1
1
1
1
1
1
1
1
1
1
1
1
1
1
1
1
1
1
1
1
1
1
1
1
1
1
1
1
1
1
1
1
1
1
1
1
1
1
1
1
1
1
1
1
1
1
1
1
1
1
1
1
1
1
1
1
1
1
1
1
1
1
1
1
1
1
1
1
1
1
1
1
1
1
1
1
1
1
1
1
1
1
1
1
1
1
1
1
1
1
1
1
1
1
1
1
1
1
1
1
1
1
1
1
1
1
1
1
1
1
1
1
1
1
1
1
1
1
1
1
1
1
1
1
1
1
1
1
1
1
1
1
1
1
1
1
1
1
32
32
32
32
32
32
32
32
32
32
32
32
32
1
1
1
1
32
33
33
33
33
33
33
33
34
34
34
34
34
34
34
34
35
1
1
1
1
1
1
1
1
1
1
1
1
1
1
1
1
1
1
34
34
34
34
34
34
34
34
34
34
34
34
34
34
34
34
34
34
34
34
34
34
34
34
34
34
34
34
34
35
35
35
35
35
35
35
35
35
35
35
35
35
35
35
35
35
35
35
35
36
36
36
36
36
36
36
36
36
36
36
36
36
36
36
36
36
36
36
36
36
36
36
36
36
36
35
35
36
36
35
35
35
35
35
34
34
34
34
34
33
33
33
34
34
34
33
33
33
33
34
34
34
34
33
33
34
34
34
34
35
35
35
35
35
35
36
36
36
36
36
36
36
37
37
37
38
38
38
38
38
38
38
38
38
38
39
40
40
40
40
41
41
42
43
43
45
47
48
50
51
52
54
55
56
57
58
59
61
62
63
271
274
278
282
285
290
294
299
307
382
388
394
401
407
414
495
496
498
498
498
498
499
500
501
501
501
500
500
502
503
504
504
504
506
506
505
575
499
496
492
488
484
480
475
470
459
441
437
433
430
425
418
383
377
371
367
363
358
351
347
351
355
360
363
367
372
378
385
412
420
423
427
430
433
436
462
469
474
479
483
489
495
502
504
507
433
499
501
502
502
501
501
500
500
499
498
499
499
499
499
499
497
497
496
495
495
415
409
404
398
394
387
306
296
292
287
283
279
276
274
66
64
62
60
59
58
57
56
55
54
52
51
50
48
47
45
45
44
44
43
43
43
42
42
42
41
40
40
40
39
39
39
39
39
39
38
38
37
37
37
37
36
36
36
36
36
36
35
35
35
35
35
34
34
34
35
35
35
34
34
34
34
34
34
34
34
34
34
35
35
35
35
34
34
35
35
35
35
37
37
36
36
36
37
37
37
37
37
37
38
38
37
37
37
37
36
36
36
36
35
35
35
35
35
35
35
35
35
35
35
35
35
35
35
35
35
34
34
34
34
34
34
34
34
34
34
34
34
34
34
34
34
34
34
34
33
33
33
33
33
33
33
33
33
33
33
33
33
33
33
33
33
33
33
33
33
33
33
33
34
34
33
34
34
34
34
34
1
1
1
1
1
1
1
1
33
33
33
33
33
32
32
32
32
32
32
32
32
32
31
31
31
31
31
31
31
31
31
31
31
31
31
30
30
30
30
30
30
30
30
30
30
1
1
1
1
1
1
1
1
1
1
1
1
1
1
1
1
1
1
1
1
1
1
1
1
1
1
1
1
1
1
1
1
1
1
1
1
1
1
1
1
1
1
1
1
1
1
1
1
1
1
1
1
1
1
1
1
1
1
1
1
1
1
1
1
1
1
1
1
1
1
1
1
1
1
1
1
1
1
1
1
1
1
1
1
1
1
1
1
1
1
1
1
1
1
1
1
1
1
1
1
1
1
1
1
1
1
1
1
1
1
1
1
1
1
1
1
1
1
1
1
1
1
1
1
1
1
1
1
1
1
1
1
1
1
1
1
1
1
1
1
1
1
1
1
1
1
1
1
1
1
1
1
1
1
1
1
1
1
1
1
1
1
1
1
1
1
1
1
1
1
1
1
1
1
1
1
1
1
1
1
1
1
1
1
1
1
1
1
1
1
1
1
1
1
1
1
1
1
1
1
1
1
1
1
1
1
1
1
1
1
1
1
1
1
1
1
1
1
1
1
1
1
1
1
1
1
1
1
1
1
1
1
1
1
1
1
1
1
1
