# Vetor de dados - syn_f000049-0-Pre--left--vetorlinha.txt
# Total de elementos: 768
# Formato: um valor por linha
#==================================================

1
1
1
1
1
1
1
1
1
1
1
1
1
1
1
1
1
1
1
1
1
1
1
1
1
1
1
1
1
1
1
1
1
1
1
1
1
1
1
1
1
1
1
1
1
1
1
1
1
1
1
1
1
1
1
1
1
1
1
1
1
1
1
1
1
1
1
1
1
1
1
1
1
1
1
1
1
1
1
1
1
1
1
1
1
1
1
1
1
1
1
1
1
1
1
1
1
1
1
1
1
1
1
1
1
1
1
1
1
1
1
1
1
14
26
33
37
41
46
49
52
54
56
58
60
63
65
67
68
69
71
71
73
73
75
75
76
77
77
77
78
78
79
79
79
79
79
80
80
81
81
81
81
82
83
84
85
85
86
87
88
88
88
88
87
86
85
82
80
78
77
76
76
75
73
72
72
71
71
69
69
68
68
68
68
68
68
68
68
67
66
65
65
63
61
61
59
58
57
57
57
56
56
57
56
57
58
57
58
58
58
59
59
59
60
60
61
61
62
181
188
199
224
232
239
246
255
264
271
286
304
306
306
306
305
305
302
300
297
290
290
286
269
220
217
212
207
200
194
188
181
173
167
162
145
122
111
98
98
98
99
100
101
101
102
103
104
104
106
107
106
107
107
108
108
109
109
110
110
109
110
110
111
110
110
110
109
109
108
108
108
107
105
105
104
103
102
99
99
100
100
100
101
101
101
101
101
102
102
102
102
102
102
102
102
103
102
102
102
102
102
103
103
103
103
103
103
103
103
103
103
103
102
102
102
101
100
100
100
100
98
98
98
98
98
98
98
98
98
100
100
100
100
100
100
100
101
102
102
102
104
104
105
106
107
107
107
108
108
109
109
109
111
110
110
111
111
111
111
111
112
111
111
111
111
111
111
110
111
110
110
110
110
110
110
109
109
108
108
108
108
107
107
106
106
105
106
105
105
104
104
103
103
102
100
100
99
98
97
96
94
94
94
94
94
93
93
93
92
92
92
91
91
90
90
89
89
88
88
87
86
85
84
84
83
82
82
81
81
81
80
80
80
79
79
78
77
77
77
76
76
76
75
75
74
73
73
73
73
72
72
71
71
71
70
70
70
70
68
68
68
68
67
67
67
67
66
66
66
65
65
65
64
64
64
64
62
62
62
61
61
60
60
60
59
59
59
58
57
57
56
56
56
55
54
54
53
53
53
53
53
52
52
52
52
52
51
51
52
53
53
53
53
53
54
54
54
55
55
54
55
55
55
56
56
56
56
56
55
56
55
55
54
55
54
54
54
54
53
53
53
53
53
52
51
52
51
51
50
50
49
49
48
47
47
48
48
48
48
47
47
47
47
47
47
47
46
46
46
46
46
46
45
45
46
46
46
46
45
45
45
45
45
45
44
44
44
44
44
44
44
44
44
44
43
43
43
43
43
43
43
43
42
42
42
42
42
42
42
42
41
41
41
41
41
41
41
41
41
41
41
40
40
40
40
40
40
40
40
40
40
40
40
40
40
40
40
40
40
40
41
42
44
45
47
48
50
52
54
56
58
67
70
73
75
77
79
81
83
84
84
85
86
86
86
86
86
86
86
51
53
55
58
61
64
66
69
72
76
79
82
84
86
88
91
91
90
90
88
86
87
86
81
65
57
49
44
39
33
1
1
1
1
1
1
1
1
1
1
1
1
1
1
1
1
1
1
1
1
1
1
1
1
1
1
1
1
1
1
1
1
1
1
1
1
1
1
1
1
1
1
1
1
1
1
1
1
1
