# Vetor de dados - syn_f001890-3-Pre--front--vetorcoluna.txt
# Total de elementos: 1024
# Formato: um valor por linha
#==================================================

1
1
1
1
1
1
1
1
1
1
1
1
1
1
1
1
1
1
1
1
1
1
1
1
1
1
1
1
1
1
1
1
1
1
1
1
1
1
1
1
1
1
1
1
1
1
1
1
1
1
1
1
1
1
1
1
1
1
1
1
1
1
1
1
1
1
1
1
1
1
1
1
1
1
1
1
1
1
1
1
1
1
1
1
1
1
1
1
1
1
1
1
1
1
1
1
1
1
1
1
1
1
1
1
1
1
1
1
1
1
1
1
1
1
1
1
1
1
1
1
1
1
1
1
1
1
1
1
1
1
1
1
1
1
1
1
1
1
1
1
1
1
1
1
1
1
1
1
1
1
1
1
1
1
1
1
1
1
1
1
1
1
1
1
1
1
1
1
1
1
1
1
1
1
1
1
1
1
1
1
1
1
1
1
1
1
1
1
1
1
1
1
1
1
1
1
1
1
1
1
1
1
1
1
1
1
1
1
1
1
1
1
1
1
1
1
1
1
1
1
1
1
1
1
1
1
1
1
1
1
1
1
1
1
1
1
1
1
1
1
12
12
12
12
12
12
12
12
12
12
12
17
18
18
19
19
19
19
19
19
20
20
20
19
19
19
19
19
19
19
20
20
21
21
21
20
21
21
21
21
21
21
21
21
21
20
19
20
20
19
19
18
18
20
20
20
21
21
21
22
22
22
22
23
23
24
24
25
25
25
26
26
26
26
27
28
28
28
28
28
29
29
30
30
30
31
31
32
32
33
33
33
33
33
35
35
35
35
35
35
36
36
36
36
36
36
37
37
37
37
37
37
37
37
37
38
38
38
38
38
38
38
38
38
38
37
37
37
37
37
37
36
36
36
36
36
35
34
34
34
34
33
33
33
33
33
33
33
32
32
32
33
33
33
33
33
33
34
34
34
34
34
34
35
36
36
36
36
36
36
36
37
37
37
37
37
37
37
37
37
37
38
38
38
38
38
38
38
38
39
39
39
39
39
40
40
41
41
42
42
42
42
43
43
44
44
46
51
58
62
66
68
70
72
74
75
76
78
71
270
273
276
279
282
285
384
387
390
394
398
403
465
466
467
467
467
466
468
469
469
469
469
468
469
470
471
473
473
474
475
541
542
540
538
481
477
474
472
469
467
463
460
454
409
406
403
399
395
384
357
349
343
337
330
331
337
342
347
358
386
393
398
400
403
406
456
459
462
465
470
475
478
480
482
485
540
545
545
477
477
476
476
474
474
472
471
472
472
473
472
471
470
471
471
470
469
468
403
399
396
392
389
386
383
380
283
280
277
273
270
79
79
77
76
74
73
70
67
64
62
60
57
52
48
47
46
45
45
43
43
43
42
42
42
40
40
40
39
39
39
39
39
39
38
38
38
38
38
37
37
37
37
37
36
37
37
37
36
36
36
35
35
35
35
35
34
34
34
34
33
33
33
33
32
33
33
33
33
32
32
32
33
33
33
33
33
34
34
33
35
34
35
36
36
36
37
37
37
37
38
38
37
37
38
38
38
38
38
38
38
39
38
38
38
38
38
38
38
38
37
37
37
37
37
37
36
36
36
36
36
35
35
34
34
34
33
33
33
33
32
32
32
31
31
30
30
30
30
30
29
29
28
28
27
27
27
27
26
26
26
25
25
25
25
24
24
24
24
24
24
24
24
24
24
24
24
24
24
24
23
23
23
22
22
22
22
22
21
21
21
21
21
21
20
20
20
20
20
20
20
20
20
20
19
19
19
19
19
19
19
19
19
19
19
19
1
1
1
1
1
1
1
1
1
1
1
1
1
1
1
1
1
1
1
1
1
1
1
1
1
1
1
1
1
1
1
1
1
1
1
1
1
1
1
1
1
1
1
1
1
1
1
1
1
1
1
1
1
1
1
1
1
1
1
1
1
1
1
1
1
1
1
1
1
1
1
1
1
1
1
1
1
1
1
1
1
1
1
1
1
1
1
1
1
1
1
1
1
1
1
1
1
1
1
1
1
1
1
1
1
1
1
1
1
1
1
1
1
1
1
1
1
1
1
1
1
1
1
1
1
1
1
1
1
1
1
1
1
1
1
1
1
1
1
1
1
1
1
1
1
1
1
1
1
1
1
1
1
1
1
1
1
1
1
1
1
1
1
1
1
1
1
1
1
1
1
1
1
1
1
1
1
1
1
1
1
1
1
1
1
1
1
1
1
1
1
1
1
1
1
1
1
1
1
1
1
1
1
1
1
1
1
1
1
1
1
1
1
1
1
1
1
1
1
1
1
1
1
1
1
1
1
1
1
1
1
1
1
1
1
1
1
1
1
1
1
1
1
1
1
1
1
1
1
