# Vetor de dados - syn_f001674-2-Pre--front--vetorcoluna.txt
# Total de elementos: 1024
# Formato: um valor por linha
#==================================================

1
1
1
1
1
1
1
1
1
1
1
1
1
1
1
1
1
1
1
1
1
1
1
1
1
1
1
1
1
1
1
1
1
1
1
1
1
1
1
1
1
1
1
1
1
1
1
1
1
1
1
1
1
1
1
1
1
1
1
1
1
1
1
1
1
1
1
1
1
1
1
1
1
1
1
1
1
1
1
1
1
1
1
1
1
1
1
1
1
1
1
1
1
1
1
1
1
1
1
1
1
1
1
1
1
1
1
1
1
1
1
1
1
1
1
1
1
1
1
1
1
1
1
1
1
1
1
1
1
1
1
1
1
1
1
1
1
1
1
1
1
1
1
1
1
1
1
1
1
1
1
1
1
1
1
1
1
1
1
1
1
1
1
1
1
1
1
1
1
1
1
1
1
1
1
1
1
1
1
1
1
1
1
1
1
1
1
1
1
1
1
1
1
1
1
1
1
1
1
1
1
1
1
1
1
1
1
1
1
1
1
1
1
1
1
1
1
1
1
1
1
1
1
1
1
1
1
1
1
1
1
15
18
19
20
20
20
20
20
19
19
19
19
20
19
19
19
18
20
19
19
19
19
21
21
21
21
21
21
21
22
21
21
21
22
22
22
23
23
23
24
24
24
24
25
25
25
25
25
26
26
26
26
26
27
27
27
27
27
28
28
28
28
29
29
29
29
29
29
30
30
30
30
30
30
31
31
31
31
31
31
32
32
32
32
33
34
34
34
34
34
35
35
35
35
35
35
35
35
37
37
37
37
37
37
37
37
37
37
37
37
36
36
36
36
36
36
36
36
36
36
36
35
35
35
34
34
34
34
34
34
34
34
34
34
34
34
34
34
34
34
34
35
35
35
35
35
35
35
36
36
36
36
36
37
37
37
38
38
38
38
38
39
39
39
39
39
40
40
40
40
40
40
40
40
40
41
41
41
41
41
41
42
42
42
42
43
43
43
44
44
44
44
45
45
46
46
46
47
47
48
48
49
49
50
50
51
53
54
56
59
60
61
60
62
64
66
73
77
81
83
86
286
289
292
296
298
302
306
309
314
417
421
425
430
434
439
442
447
522
522
522
521
521
524
524
525
524
525
524
525
527
527
529
530
603
605
605
604
535
531
528
524
521
517
513
508
504
498
446
443
439
436
432
426
419
412
403
397
392
386
379
376
378
383
390
398
405
411
418
424
429
432
436
437
439
442
497
500
504
507
511
513
517
445
450
452
523
526
528
528
528
528
526
525
525
524
523
524
525
524
525
524
523
521
521
520
441
437
434
431
427
423
420
416
312
308
306
302
299
297
294
292
73
69
66
64
71
65
64
62
60
59
58
56
54
53
52
51
50
49
48
48
47
46
45
45
44
44
43
43
43
42
41
41
41
40
40
40
40
40
40
39
39
39
39
39
39
39
39
39
39
38
38
38
37
37
37
37
37
37
37
37
37
36
36
36
35
35
35
35
34
34
34
34
34
34
34
33
33
33
32
32
33
33
33
33
33
33
33
33
33
33
33
34
35
35
35
35
35
35
35
35
36
36
36
37
37
37
37
37
37
37
37
37
37
37
37
36
37
36
36
35
35
35
35
35
35
34
33
33
33
33
33
33
33
32
31
31
31
31
31
30
30
30
30
30
30
30
29
29
29
29
29
29
29
29
28
28
28
28
28
28
28
28
27
27
27
27
27
27
27
27
27
26
26
26
26
26
26
26
25
25
25
25
24
24
24
24
23
23
23
23
22
22
22
22
22
21
21
21
21
21
21
20
20
20
20
20
20
20
19
19
19
20
20
20
19
20
19
18
18
18
1
1
1
1
1
1
1
1
1
1
1
1
1
1
1
1
1
1
1
1
1
1
1
1
1
1
1
1
1
1
1
1
1
1
1
1
1
1
1
1
1
1
1
1
1
1
1
1
1
1
1
1
1
1
1
1
1
1
1
1
1
1
1
1
1
1
1
1
1
1
1
1
1
1
1
1
1
1
1
1
1
1
1
1
1
1
1
1
1
1
1
1
1
1
1
1
1
1
1
1
1
1
1
1
1
1
1
1
1
1
1
1
1
1
1
1
1
1
1
1
1
1
1
1
1
1
1
1
1
1
1
1
1
1
1
1
1
1
1
1
1
1
1
1
1
1
1
1
1
1
1
1
1
1
1
1
1
1
1
1
1
1
1
1
1
1
1
1
1
1
1
1
1
1
1
1
1
1
1
1
1
1
1
1
1
1
1
1
1
1
1
1
1
1
1
1
1
1
1
1
1
1
1
1
1
1
1
1
1
1
1
1
1
1
1
1
1
1
1
1
1
1
1
1
1
1
1
1
1
1
1
