# Vetor de dados - syn_f004545-1-Pre--left--vetorlinha.txt
# Total de elementos: 768
# Formato: um valor por linha
#==================================================

1
1
1
1
1
1
1
1
1
1
1
1
1
1
1
1
1
1
1
1
1
1
1
1
1
1
1
1
1
1
1
1
1
1
1
1
1
1
1
1
1
1
1
1
1
1
1
1
1
1
1
1
1
1
1
1
1
1
1
1
1
1
1
1
1
1
1
1
1
1
1
1
1
1
1
1
1
1
1
1
1
1
1
1
1
1
1
1
1
1
1
1
1
1
1
1
1
1
1
1
1
1
1
1
1
1
1
1
1
1
1
1
1
1
1
1
1
1
1
1
1
1
1
1
1
18
26
33
38
42
46
48
51
54
56
58
61
63
64
66
67
69
70
71
72
72
74
75
75
76
77
77
77
77
77
77
77
78
78
79
79
80
80
81
81
82
83
84
84
85
86
87
88
88
88
88
87
86
85
83
82
80
80
79
78
78
78
76
75
75
74
74
73
72
71
71
70
70
70
70
70
69
68
67
65
63
59
57
55
54
53
53
52
52
52
51
50
51
51
50
51
50
51
51
52
53
53
54
54
59
63
69
76
85
95
105
149
159
166
172
177
181
187
192
199
206
213
218
221
225
230
234
238
243
248
252
256
261
269
274
279
285
294
295
294
294
293
291
288
285
97
98
99
100
100
100
101
102
103
103
103
103
103
104
104
104
104
104
104
103
103
103
103
103
103
103
103
102
102
101
101
101
100
99
99
97
95
94
92
92
92
92
92
92
92
92
91
92
91
91
92
91
91
92
92
91
92
92
92
91
91
91
91
91
91
90
90
90
90
90
89
88
88
88
87
87
87
86
86
86
86
86
85
85
86
88
88
89
90
90
91
92
93
94
94
95
95
96
96
96
97
97
98
98
99
99
99
100
100
100
101
101
101
101
102
102
101
101
101
102
101
101
101
100
100
100
100
100
100
100
99
99
99
98
98
98
97
97
96
95
95
94
94
93
93
93
92
92
92
90
90
90
90
90
91
90
90
90
91
91
90
90
90
90
90
90
89
89
88
88
87
86
85
84
83
83
83
82
81
80
80
80
79
79
78
78
77
77
77
77
75
75
75
75
75
75
75
73
73
73
73
72
72
72
72
72
71
71
71
71
70
70
70
70
69
69
69
68
68
68
68
67
67
67
65
65
64
64
64
63
63
63
62
62
62
60
60
59
59
59
58
58
56
56
55
55
54
54
54
54
52
52
52
52
52
51
51
51
51
51
51
50
50
51
51
51
51
51
52
52
51
52
52
51
52
52
52
52
51
52
52
51
52
52
52
52
52
52
52
52
51
51
50
50
49
50
50
49
49
49
49
48
48
48
48
48
48
48
47
47
47
47
47
47
47
47
47
46
47
46
46
46
46
46
45
45
45
45
45
45
45
45
44
43
43
43
43
43
41
41
41
41
41
40
39
39
39
38
38
37
37
37
36
36
35
35
34
34
34
34
34
34
33
33
32
32
32
32
32
32
32
32
32
34
34
34
35
36
36
37
38
40
41
43
45
47
49
51
54
56
59
61
65
71
74
75
78
80
82
82
83
83
82
82
83
83
82
77
67
59
62
65
69
72
75
79
83
85
87
88
89
89
89
88
87
86
86
86
84
64
53
48
44
40
1
1
1
1
1
1
1
1
1
1
1
1
1
1
1
1
1
1
1
1
1
1
1
1
1
1
1
1
1
1
1
1
1
1
1
1
1
1
1
1
1
1
1
1
1
1
1
1
1
1
1
1
1
1
1
1
1
1
1
1
1
1
1
1
