# Vetor de dados - syn_f000512-0-Pre--front--vetorcoluna.txt
# Total de elementos: 1024
# Formato: um valor por linha
#==================================================

1
1
1
1
1
1
1
1
1
1
1
1
1
1
1
1
1
1
1
1
1
1
1
1
1
1
1
1
1
1
1
1
1
1
1
1
1
1
1
1
1
1
1
1
1
1
1
1
1
1
1
1
1
1
1
1
1
1
1
1
1
1
1
1
1
1
1
1
1
1
1
1
1
1
1
1
1
1
1
1
1
1
1
1
1
1
1
1
1
1
1
1
1
1
1
1
1
1
1
1
1
1
1
1
1
1
1
1
1
1
1
1
1
1
1
1
1
1
1
1
1
1
1
1
1
1
1
1
1
1
1
1
1
1
1
1
1
1
1
1
1
1
1
1
1
1
1
1
1
1
1
1
1
1
1
1
1
1
1
1
1
1
1
1
1
1
1
1
1
1
1
1
1
1
1
1
1
1
1
1
1
1
1
1
1
1
1
1
1
1
1
1
1
1
1
1
1
1
1
1
1
1
1
1
1
1
1
1
1
1
1
1
1
1
1
1
1
1
1
1
1
1
1
1
1
1
1
1
1
1
1
1
1
1
1
1
1
1
1
1
1
1
6
8
6
8
8
8
8
8
8
8
8
8
8
8
8
9
9
9
9
9
9
16
17
17
17
17
17
17
17
17
18
18
17
17
17
17
17
17
18
18
18
18
18
20
19
19
18
18
20
19
18
17
18
17
17
17
17
17
17
17
17
18
18
18
18
18
18
18
18
18
18
19
20
20
20
20
21
21
21
21
21
21
22
22
23
23
23
23
24
24
24
24
25
25
26
26
26
26
26
26
27
27
27
27
27
28
29
29
29
29
29
29
29
30
30
30
30
30
30
31
31
31
31
31
31
31
32
32
32
32
32
31
31
31
31
31
31
30
30
30
30
30
30
30
29
29
29
29
29
29
28
28
28
28
28
28
28
28
28
28
28
28
28
28
27
27
27
27
27
27
27
27
28
28
28
28
29
28
28
29
29
29
28
28
29
29
30
30
30
30
30
30
31
32
32
32
32
33
34
35
37
39
41
43
44
46
47
49
51
52
53
54
55
72
251
256
261
265
270
275
279
365
371
376
381
386
390
458
458
459
459
460
460
461
461
460
460
461
461
463
463
464
532
534
535
535
500
478
473
469
465
459
453
446
438
401
397
394
390
386
380
367
349
341
334
327
318
314
323
330
335
339
345
356
372
383
386
390
392
397
438
446
451
456
460
465
469
472
463
463
463
462
462
462
461
460
458
458
459
460
459
460
458
457
458
457
457
455
390
384
379
375
370
364
287
277
271
266
261
257
55
54
53
52
50
48
48
46
45
44
42
40
39
36
35
35
34
34
32
32
32
32
31
31
30
30
30
30
30
30
30
29
29
29
29
29
29
29
29
29
29
29
29
29
29
29
29
28
28
29
29
29
29
29
29
29
29
29
28
29
29
29
29
29
29
29
30
30
30
30
30
29
29
30
30
30
30
30
30
31
31
31
31
31
32
32
32
32
32
32
32
33
32
32
32
32
32
32
31
31
31
31
31
31
31
31
30
29
29
29
29
29
29
29
28
27
27
27
27
27
26
25
25
25
25
24
24
24
23
23
22
22
22
22
21
21
19
19
19
19
19
18
18
18
18
18
18
17
17
17
17
17
17
17
16
16
16
16
16
17
17
17
16
16
17
17
18
18
18
18
19
19
20
20
18
18
18
18
18
18
18
18
17
17
18
18
18
18
18
19
19
20
20
18
20
19
19
18
17
10
9
9
9
8
8
8
8
8
8
8
8
8
8
8
8
8
8
8
8
1
1
1
1
1
1
1
1
1
1
1
1
1
1
1
1
1
1
1
1
1
1
1
1
1
1
1
1
1
1
1
1
1
1
1
1
1
1
1
1
1
1
1
1
1
1
1
1
1
1
1
1
1
1
1
1
1
1
1
1
1
1
1
1
1
1
1
1
1
1
1
1
1
1
1
1
1
1
1
1
1
1
1
1
1
1
1
1
1
1
1
1
1
1
1
1
1
1
1
1
1
1
1
1
1
1
1
1
1
1
1
1
1
1
1
1
1
1
1
1
1
1
1
1
1
1
1
1
1
1
1
1
1
1
1
1
1
1
1
1
1
1
1
1
1
1
1
1
1
1
1
1
1
1
1
1
1
1
1
1
1
1
1
1
1
1
1
1
1
1
1
1
1
1
1
1
1
1
1
1
1
1
1
1
1
1
1
1
1
1
1
1
1
1
1
1
1
1
1
1
1
1
1
1
1
1
1
1
1
1
1
1
1
1
1
1
1
1
1
1
1
1
1
1
1
1
1
1
1
1
1
1
1
1
1
1
1
1
1
1
1
1
1
