# Vetor de dados - syn_f001130-0-Pre--front--vetorcoluna.txt
# Total de elementos: 1024
# Formato: um valor por linha
#==================================================

1
1
1
1
1
1
1
1
1
1
1
1
1
1
1
1
1
1
1
1
1
1
1
1
1
1
1
1
1
1
1
1
1
1
1
1
1
1
1
1
1
1
1
1
1
1
1
1
1
1
1
1
1
1
1
1
1
1
1
1
1
1
1
1
1
1
1
1
1
1
1
1
1
1
1
1
1
1
1
1
1
1
1
1
1
1
1
1
1
1
1
1
1
1
1
1
1
1
1
1
1
1
1
1
1
1
1
1
1
1
1
1
1
1
1
1
1
1
1
1
1
1
1
1
1
1
1
1
1
1
1
1
1
1
1
1
1
1
1
1
1
1
1
1
1
1
1
1
1
1
1
1
1
1
1
1
1
1
1
1
1
1
1
1
1
1
1
1
1
1
1
1
1
1
1
1
1
1
1
1
1
1
1
1
1
1
1
1
1
1
1
1
1
1
1
1
1
1
1
1
1
1
1
1
1
1
1
1
1
1
1
1
1
1
1
1
1
1
1
1
1
1
1
1
1
1
1
1
1
1
1
1
1
1
1
1
1
1
1
1
1
1
1
1
1
1
1
1
1
1
1
1
1
1
1
1
1
1
16
16
18
18
19
18
18
18
18
18
18
19
17
18
18
18
18
18
18
18
18
19
19
19
20
20
20
20
19
19
19
18
20
18
18
18
18
17
17
17
18
18
18
18
19
19
19
20
20
20
21
21
21
22
22
22
22
23
23
23
23
24
24
25
25
26
26
26
27
27
27
27
28
28
28
29
29
29
30
30
30
31
31
31
31
32
32
32
32
33
33
33
34
34
34
34
34
34
35
35
35
35
36
36
36
36
37
37
37
37
38
37
37
37
37
37
37
37
37
37
36
36
36
35
35
35
34
35
35
34
34
34
34
34
33
34
34
34
34
35
35
35
35
35
35
36
36
36
36
36
37
37
37
38
39
39
39
40
40
40
40
41
41
41
41
42
43
43
43
43
43
43
43
44
44
44
44
44
44
45
45
45
45
45
44
45
45
45
47
48
48
51
54
57
253
256
258
262
265
269
272
276
280
285
289
294
364
370
375
380
384
387
391
451
452
453
452
453
453
453
453
453
453
452
453
454
456
456
457
457
457
456
454
391
387
459
455
451
447
443
438
407
404
402
400
399
397
392
359
352
346
340
334
307
306
306
332
336
340
343
347
352
357
361
394
398
399
402
404
440
445
450
455
459
463
466
468
471
524
450
452
453
453
454
453
453
452
451
451
452
453
453
452
452
451
451
451
450
384
380
374
368
363
357
301
296
291
287
283
279
275
271
267
263
260
56
54
53
52
50
48
47
45
44
43
42
42
41
41
41
41
41
41
41
40
40
39
39
39
39
39
39
38
38
38
38
38
38
38
38
38
37
37
37
37
37
37
37
36
36
36
36
36
35
34
34
34
34
34
34
34
34
33
33
33
33
33
33
33
33
34
34
34
34
35
35
35
36
36
36
36
37
37
37
37
37
38
38
38
38
38
38
37
37
37
37
37
37
36
35
35
35
35
35
35
35
33
33
33
33
33
33
32
31
31
31
31
31
30
29
29
29
29
29
28
27
27
27
27
26
26
26
25
25
24
24
24
24
24
24
22
22
22
22
22
21
21
21
21
21
20
20
20
20
20
19
19
18
18
18
18
18
18
20
18
18
19
20
19
19
20
20
19
19
19
20
20
18
18
18
18
18
18
18
20
20
20
20
20
21
21
21
21
21
21
21
20
20
17
12
12
12
12
12
12
12
12
12
12
12
12
12
12
12
12
12
12
12
10
1
1
1
1
1
1
1
1
1
1
1
1
1
1
1
1
1
1
1
1
1
1
1
1
1
1
1
1
1
1
1
1
1
1
1
1
1
1
1
1
1
1
1
1
1
1
1
1
1
1
1
1
1
1
1
1
1
1
1
1
1
1
1
1
1
1
1
1
1
1
1
1
1
1
1
1
1
1
1
1
1
1
1
1
1
1
1
1
1
1
1
1
1
1
1
1
1
1
1
1
1
1
1
1
1
1
1
1
1
1
1
1
1
1
1
1
1
1
1
1
1
1
1
1
1
1
1
1
1
1
1
1
1
1
1
1
1
1
1
1
1
1
1
1
1
1
1
1
1
1
1
1
1
1
1
1
1
1
1
1
1
1
1
1
1
1
1
1
1
1
1
1
1
1
1
1
1
1
1
1
1
1
1
1
1
1
1
1
1
1
1
1
1
1
1
1
1
1
1
1
1
1
1
1
1
1
1
1
1
1
1
1
1
1
1
1
1
1
1
1
1
1
1
1
1
1
1
1
1
1
1
1
1
1
1
1
1
