# Vetor de dados - syn_f003505-0-Pre--front--vetorlinha.txt
# Total de elementos: 768
# Formato: um valor por linha
#==================================================

1
1
1
1
1
1
1
1
1
1
1
1
1
1
1
1
1
1
1
1
1
1
1
1
1
1
1
1
1
1
1
1
1
1
1
1
1
1
1
1
1
1
1
1
1
1
1
1
1
1
1
1
1
1
1
1
1
1
1
1
1
1
1
1
1
1
1
1
1
1
1
1
1
1
1
1
1
1
1
1
1
1
1
1
1
1
1
1
1
1
1
1
1
1
1
1
1
1
1
1
1
1
1
1
1
1
1
1
1
1
1
1
1
1
1
1
1
1
1
1
1
1
1
1
1
1
1
1
1
1
1
1
1
1
1
1
1
1
1
1
1
1
1
1
1
1
1
1
1
1
1
1
1
1
1
1
14
23
27
31
35
38
40
42
44
46
48
49
51
52
53
55
56
57
57
58
59
60
60
61
61
61
62
62
62
62
62
62
62
61
61
61
62
67
69
70
70
70
70
69
69
68
68
67
67
66
66
64
64
62
62
59
56
54
53
53
52
51
51
50
50
49
48
47
47
47
46
45
45
45
46
46
46
46
47
47
48
50
51
56
61
67
128
256
266
276
290
304
319
371
382
391
401
412
429
453
471
490
492
496
500
504
507
509
504
503
517
519
519
518
517
452
445
417
414
397
388
381
376
296
278
255
241
227
215
179
172
143
138
137
136
134
134
132
131
130
129
129
128
127
126
126
126
126
126
126
125
125
125
125
125
125
125
125
125
124
124
124
124
124
124
123
122
120
119
118
118
117
117
118
118
118
118
119
119
119
120
118
118
118
118
117
117
117
117
117
117
118
118
119
120
120
120
120
120
120
121
121
121
120
120
120
120
120
120
120
121
121
122
123
124
124
126
128
128
130
132
133
134
135
137
137
139
139
139
141
141
142
142
143
143
143
143
144
144
145
144
143
143
143
143
143
143
143
142
142
141
141
140
140
140
140
140
138
138
138
138
137
137
136
136
136
136
136
136
135
135
135
135
135
135
135
135
135
135
135
135
135
135
135
134
134
134
134
133
133
133
133
133
133
133
133
132
131
131
131
131
131
131
131
131
130
129
129
129
129
129
129
129
128
127
127
127
127
125
125
125
125
125
123
123
123
123
122
121
121
121
121
119
119
119
117
117
117
115
115
115
113
113
112
111
110
110
109
108
108
108
106
106
106
105
104
104
104
103
103
102
102
101
101
101
101
100
100
100
100
100
100
98
98
98
97
97
97
97
97
98
98
98
98
98
99
100
100
101
101
103
103
103
104
105
105
105
106
107
107
107
107
107
107
107
107
107
108
108
108
108
107
107
107
107
106
106
106
106
105
105
105
104
104
103
103
102
102
101
101
100
100
100
99
98
98
98
97
96
96
96
95
95
94
94
93
93
92
92
91
91
90
90
89
89
88
88
87
87
86
87
87
87
87
87
88
88
88
89
89
91
91
91
91
92
92
92
91
91
92
92
92
93
93
94
94
96
97
98
98
100
101
102
103
104
105
107
107
108
107
107
107
107
107
106
105
103
102
99
97
50
49
47
46
43
1
1
1
1
1
1
1
1
1
1
1
1
1
1
1
1
1
1
1
1
1
1
1
1
1
1
1
1
1
1
1
1
1
1
1
1
1
1
1
1
1
1
1
1
1
1
1
1
1
1
1
1
1
1
1
1
1
1
1
1
1
1
1
1
1
1
1
1
1
1
1
1
1
1
1
1
1
1
1
1
1
1
1
1
1
1
1
1
1
1
1
1
1
1
1
1
1
