# Vetor de dados - syn_f000138-3-Pre--front--vetorcoluna.txt
# Total de elementos: 1024
# Formato: um valor por linha
#==================================================

1
1
1
1
1
1
1
1
1
1
1
1
1
1
1
1
1
1
1
1
1
1
1
1
1
1
1
1
1
1
1
1
1
1
1
1
1
1
1
1
1
1
1
1
1
1
1
1
1
1
1
1
1
1
1
1
1
1
1
1
1
1
1
1
1
1
1
1
1
1
1
1
1
1
1
1
1
1
1
1
1
1
1
1
1
1
1
1
1
1
1
1
1
1
1
1
1
1
1
1
1
1
1
1
1
1
1
1
1
1
1
1
1
1
1
1
1
1
1
1
1
1
1
1
1
1
1
1
1
1
1
1
1
1
1
1
1
1
1
1
1
1
1
1
1
1
1
1
1
1
1
1
1
1
1
1
1
1
1
1
1
1
1
1
1
1
1
1
1
1
1
1
1
1
1
1
1
1
1
1
1
1
1
1
1
1
1
1
1
1
1
1
1
1
1
1
1
1
1
1
1
1
1
1
1
1
1
1
1
1
1
1
1
1
1
1
1
1
1
1
1
1
1
1
1
1
1
1
1
1
1
1
1
1
1
1
1
1
1
1
1
1
1
1
1
1
1
1
1
1
1
1
1
1
1
1
1
1
1
1
1
1
1
1
1
1
1
1
1
1
1
1
17
17
17
17
17
17
18
20
20
20
24
25
25
25
25
25
25
25
25
25
24
24
24
24
24
24
24
24
24
24
24
24
24
24
23
23
22
22
21
21
21
21
20
21
21
21
21
21
21
21
22
22
22
22
23
23
23
24
24
24
24
24
25
25
25
25
26
27
27
27
28
28
28
29
29
30
30
30
30
31
31
32
32
32
32
32
32
32
33
33
33
33
33
34
34
34
34
34
34
34
34
34
33
33
33
33
33
33
33
32
32
32
32
32
31
30
30
30
30
30
30
30
30
30
30
30
30
30
30
31
31
31
31
31
31
31
31
31
32
32
32
32
32
32
32
32
32
32
32
32
33
33
33
33
33
33
33
33
33
33
33
33
34
34
34
34
34
34
35
35
35
36
36
37
38
39
40
42
45
49
51
53
54
56
60
61
63
64
66
67
69
257
260
349
352
355
358
362
365
368
424
425
427
427
427
426
427
428
428
428
428
427
427
428
430
431
432
504
504
504
475
449
446
443
440
438
434
431
426
420
380
377
373
366
349
343
329
319
311
304
310
318
327
336
345
370
374
419
422
427
431
436
440
442
444
446
447
502
501
429
429
428
426
425
424
423
424
425
426
426
426
426
426
426
426
426
425
368
365
361
358
355
353
350
348
265
261
258
69
67
65
63
59
57
55
53
51
47
44
42
41
40
40
39
39
38
38
38
38
37
37
37
37
37
37
37
37
36
36
36
36
36
36
36
36
36
35
35
35
35
35
34
34
34
34
34
34
33
33
33
33
33
32
32
32
32
32
31
31
31
31
31
31
31
31
31
31
31
31
31
31
32
32
32
32
32
32
32
32
33
33
33
33
33
34
34
34
34
34
33
33
33
33
33
33
32
32
32
32
31
31
31
31
31
31
29
29
29
29
29
29
28
28
28
28
27
27
26
26
26
26
26
25
25
25
25
25
24
24
24
24
24
23
23
23
23
23
23
23
22
22
22
22
23
23
22
22
22
23
23
23
24
24
24
24
24
25
25
25
25
24
24
24
24
24
24
24
24
25
25
25
25
25
25
25
25
25
25
24
20
17
17
17
17
17
17
17
17
17
17
17
16
16
16
16
16
16
1
1
1
1
1
1
1
1
1
1
1
1
1
1
1
1
1
1
1
1
1
1
1
1
1
1
1
1
1
1
1
1
1
1
1
1
1
1
1
1
1
1
1
1
1
1
1
1
1
1
1
1
1
1
1
1
1
1
1
1
1
1
1
1
1
1
1
1
1
1
1
1
1
1
1
1
1
1
1
1
1
1
1
1
1
1
1
1
1
1
1
1
1
1
1
1
1
1
1
1
1
1
1
1
1
1
1
1
1
1
1
1
1
1
1
1
1
1
1
1
1
1
1
1
1
1
1
1
1
1
1
1
1
1
1
1
1
1
1
1
1
1
1
1
1
1
1
1
1
1
1
1
1
1
1
1
1
1
1
1
1
1
1
1
1
1
1
1
1
1
1
1
1
1
1
1
1
1
1
1
1
1
1
1
1
1
1
1
1
1
1
1
1
1
1
1
1
1
1
1
1
1
1
1
1
1
1
1
1
1
1
1
1
1
1
1
1
1
1
1
1
1
1
1
1
1
1
1
1
1
1
1
1
1
1
1
1
1
1
1
1
1
1
1
1
1
1
1
1
1
1
1
1
1
1
1
1
1
1
1
1
1
1
1
1
