# Vetor de dados - syn_f002682-1-Pre--left--vetorlinha.txt
# Total de elementos: 768
# Formato: um valor por linha
#==================================================

1
1
1
1
1
1
1
1
1
1
1
1
1
1
1
1
1
1
1
1
1
1
1
1
1
1
1
1
1
1
1
1
1
1
1
1
1
1
1
1
1
1
1
1
1
1
1
1
1
1
1
1
1
1
1
1
1
1
1
1
1
1
1
1
1
1
1
1
1
1
1
1
1
1
1
1
1
1
1
1
1
1
1
1
1
1
1
1
1
1
1
1
1
1
1
1
1
1
1
1
1
1
1
1
1
1
1
1
1
1
1
1
1
1
1
1
1
1
1
1
1
1
1
1
1
1
1
1
1
1
1
1
1
1
1
25
31
35
39
44
47
50
52
54
56
58
60
62
64
65
67
68
69
70
71
72
73
73
75
75
75
75
75
76
76
76
76
76
76
76
76
76
77
77
78
77
78
79
79
79
80
80
80
81
80
80
79
79
77
74
71
70
69
68
68
67
66
66
65
65
65
65
64
64
64
64
65
65
65
65
65
65
65
64
64
63
61
59
59
57
57
57
57
56
57
56
56
59
71
78
85
90
98
150
160
167
174
178
182
188
198
209
217
221
224
227
232
236
243
249
253
263
270
277
287
289
288
288
286
285
282
279
272
272
251
207
205
201
197
193
189
185
177
163
155
144
139
134
125
116
114
114
115
116
117
117
117
118
118
119
119
119
120
120
120
120
120
120
120
120
119
119
119
119
119
118
117
116
115
114
114
114
114
115
116
115
116
116
116
117
116
116
117
116
117
116
117
116
116
117
116
116
116
116
116
117
116
116
117
117
116
117
117
118
118
119
118
118
118
117
118
117
117
117
116
116
115
115
115
115
115
115
116
116
116
117
117
117
117
117
118
119
120
120
121
122
123
124
124
124
126
126
127
127
127
128
129
129
129
130
130
130
130
130
130
131
131
131
130
130
130
130
130
129
129
129
128
128
127
127
126
126
126
125
124
124
123
121
121
120
119
118
117
116
115
114
113
111
110
108
105
103
103
102
102
101
101
100
100
99
99
98
98
97
97
97
97
97
97
97
96
96
96
96
95
95
94
94
92
92
92
92
91
91
91
91
91
90
90
90
89
89
89
88
88
88
88
87
87
87
87
87
86
86
86
85
85
84
84
84
83
83
83
82
81
81
81
80
80
80
79
78
78
78
77
77
75
75
74
74
73
72
72
71
71
69
68
68
67
66
65
65
64
64
63
62
61
61
61
60
60
60
59
60
60
60
60
61
60
61
60
60
60
60
59
60
59
58
58
57
57
56
56
56
55
55
55
54
53
54
53
53
52
51
51
51
51
51
51
51
50
50
50
51
51
51
51
52
52
52
52
51
52
52
52
52
52
52
52
52
52
51
51
51
51
51
51
50
50
50
50
50
49
49
49
48
48
48
47
47
47
46
46
45
45
44
44
44
44
43
43
43
43
42
42
42
42
41
41
41
41
42
41
41
41
42
42
43
42
43
43
44
46
47
49
51
53
56
58
62
66
69
73
75
76
78
80
82
84
84
86
86
85
85
85
84
44
45
46
48
49
51
54
56
60
63
66
69
73
75
77
79
81
82
85
87
87
85
84
83
81
77
68
60
53
49
44
38
28
20
1
1
1
1
1
1
1
1
1
1
1
1
1
1
1
1
1
1
1
1
1
1
1
1
1
1
1
1
1
1
1
1
1
1
1
1
1
1
1
1
1
1
1
1
1
1
1
1
1
1
1
1
1
1
1
1
1
1
1
1
1
1
1
1
1
1
1
1
