# Vetor de dados - syn_f001402-2-Pre--left--vetorlinha.txt
# Total de elementos: 768
# Formato: um valor por linha
#==================================================

1
1
1
1
1
1
1
1
1
1
1
1
1
1
1
1
1
1
1
1
1
1
1
1
1
1
1
1
1
1
1
1
1
1
1
1
1
1
1
1
1
1
1
1
1
1
1
1
1
1
1
1
1
1
1
1
1
1
1
1
1
1
1
1
1
1
1
1
1
1
1
1
1
1
1
1
1
1
1
1
1
1
1
1
1
1
1
1
1
1
1
1
1
1
1
1
1
1
1
1
1
1
1
1
1
1
1
1
1
1
1
1
1
1
1
1
1
12
24
30
36
41
44
47
50
53
55
57
59
61
63
65
66
68
69
70
71
72
73
74
74
75
76
77
77
77
77
77
78
78
78
78
78
79
79
79
79
80
80
81
81
82
82
83
84
83
84
84
83
83
82
81
78
76
74
74
73
72
71
71
69
68
68
67
67
65
65
65
65
65
65
65
65
65
65
64
63
63
62
60
57
56
54
53
53
52
53
52
52
52
52
52
52
52
53
52
53
53
54
55
55
55
55
56
57
56
57
57
58
58
184
192
198
209
221
226
230
236
243
250
257
270
288
290
290
289
289
288
285
284
277
275
273
256
194
187
179
171
163
101
95
90
87
88
89
89
90
91
91
92
92
93
94
94
94
95
95
94
95
95
95
94
94
94
94
93
93
94
94
93
93
93
92
92
92
91
91
91
90
89
88
88
86
86
85
84
83
82
81
80
80
79
80
80
79
79
79
78
78
78
77
77
77
77
76
76
76
76
76
75
75
75
75
75
74
74
74
73
74
74
74
73
73
73
73
73
72
73
73
73
73
74
74
74
75
75
76
77
78
79
79
80
81
81
83
84
84
86
86
87
87
89
89
90
91
92
92
92
94
94
95
95
96
97
97
97
98
98
98
98
98
99
100
100
100
100
100
100
100
100
100
100
100
100
100
100
100
99
99
98
98
98
98
97
96
96
95
95
94
93
92
91
90
89
88
87
86
86
85
85
84
84
83
82
82
81
81
80
80
79
78
78
78
77
77
77
76
76
76
76
76
76
74
74
74
74
74
74
74
74
74
74
73
73
73
73
73
73
73
72
72
72
72
72
71
71
71
71
71
70
69
69
69
69
68
68
68
67
66
66
66
66
65
64
64
64
63
63
63
63
61
61
61
60
60
60
58
58
58
57
57
57
56
55
55
55
54
53
52
52
52
52
51
51
51
51
49
49
49
49
49
48
48
48
48
49
49
48
48
49
49
49
50
50
50
51
50
51
51
50
51
51
51
51
51
52
51
50
51
50
50
50
50
49
49
48
47
48
47
47
46
45
45
44
44
44
43
43
43
43
42
43
43
43
44
44
44
44
44
45
45
45
44
44
44
44
45
45
45
45
45
45
45
45
44
44
43
43
43
43
43
43
43
43
42
42
41
41
41
40
40
39
39
39
38
38
38
37
36
36
36
36
34
34
34
33
33
33
32
32
31
31
32
32
32
32
32
32
32
33
33
34
34
35
36
36
37
38
39
41
43
45
47
49
51
53
55
57
59
65
68
70
72
75
76
78
79
81
84
85
85
85
85
84
82
49
51
53
56
60
62
66
70
74
76
80
82
83
84
86
89
89
88
87
85
82
80
74
56
50
44
40
36
1
1
1
1
1
1
1
1
1
1
1
1
1
1
1
1
1
1
1
1
1
1
1
1
1
1
1
1
1
1
1
1
1
1
1
1
1
1
1
1
1
1
1
1
1
1
1
1
1
1
1
1
1
1
1
