# Vetor de dados - syn_f002324-2-Pre--left--vetorlinha.txt
# Total de elementos: 768
# Formato: um valor por linha
#==================================================

1
1
1
1
1
1
1
1
1
1
1
1
1
1
1
1
1
1
1
1
1
1
1
1
1
1
1
1
1
1
1
1
1
1
1
1
1
1
1
1
1
1
1
1
1
1
1
1
1
1
1
1
1
1
1
1
1
1
1
1
1
1
1
1
1
1
1
1
1
1
1
1
1
1
1
1
1
1
1
1
1
1
1
1
1
1
1
1
1
1
1
1
1
1
1
1
1
22
28
35
40
43
47
50
53
55
57
59
61
63
64
66
68
69
71
71
73
73
75
75
76
77
77
78
79
79
79
79
80
80
80
80
80
80
80
80
81
81
82
82
82
82
83
84
84
84
84
84
84
82
81
79
77
76
76
75
74
73
73
71
70
70
69
68
67
66
65
65
64
64
64
64
64
64
64
63
62
61
60
56
52
49
48
48
47
47
47
47
47
47
47
47
48
48
48
49
49
50
50
51
52
53
52
53
54
54
58
162
169
176
183
188
196
208
215
221
226
229
234
241
248
256
265
272
286
294
309
311
311
310
310
309
307
304
300
294
292
272
213
208
202
196
191
184
175
165
96
91
92
93
93
94
94
94
94
94
94
94
94
95
95
95
95
95
95
94
93
93
93
93
92
92
92
92
91
90
90
90
89
88
88
87
87
85
85
84
84
83
82
82
83
82
82
83
83
83
82
82
83
82
82
82
82
81
81
81
81
80
80
80
80
80
79
79
79
78
78
78
78
77
77
77
76
75
75
75
75
76
76
75
75
75
75
75
76
76
76
76
77
78
78
78
79
79
80
81
81
82
83
83
84
84
86
87
87
89
90
90
92
93
94
94
95
95
96
97
98
98
99
99
100
101
101
102
102
103
103
103
103
104
104
105
106
106
106
106
106
107
107
107
107
107
107
108
107
107
107
107
107
106
106
106
106
105
105
105
104
103
102
102
102
101
101
100
99
98
97
97
97
97
96
96
95
95
94
94
94
94
93
92
91
91
90
89
89
88
88
87
86
86
86
85
85
85
84
84
84
83
83
83
83
83
83
82
82
82
82
82
82
82
82
81
81
81
81
81
81
80
80
80
79
79
78
78
78
78
78
77
77
77
76
76
75
75
75
75
75
74
74
74
73
72
72
72
71
71
71
71
70
70
69
69
68
68
68
67
67
67
66
65
65
65
64
64
64
62
62
62
61
61
61
60
59
59
59
58
58
58
57
57
57
56
55
55
55
55
55
55
56
55
55
56
56
57
56
57
57
58
57
58
58
58
58
58
58
57
57
57
57
57
57
57
57
57
57
57
57
57
57
57
57
56
56
55
55
55
55
54
54
54
54
54
54
54
53
52
52
52
52
52
52
51
51
51
51
52
52
51
51
51
52
52
51
51
51
51
52
51
51
51
51
51
50
50
50
50
50
49
49
49
49
48
47
47
47
47
47
47
46
46
45
45
45
45
44
44
43
43
43
43
42
41
41
41
41
40
40
40
39
40
39
39
39
39
39
38
38
38
39
39
39
39
39
39
39
40
40
41
40
41
42
42
43
45
47
49
51
54
56
59
61
63
66
69
72
74
77
80
81
83
84
87
88
91
92
92
91
91
92
45
46
47
50
52
54
57
59
61
64
67
69
72
76
79
80
82
85
87
88
92
94
94
94
91
88
82
73
66
60
54
47
43
40
1
1
1
1
1
1
1
1
1
1
1
1
1
1
1
1
1
1
1
1
1
1
1
1
1
1
1
1
1
1
1
1
1
1
1
