# Vetor de dados - syn_f003462-3-Pre--front--vetorlinha.txt
# Total de elementos: 768
# Formato: um valor por linha
#==================================================

1
1
1
1
1
1
1
1
1
1
1
1
1
1
1
1
1
1
1
1
1
1
1
1
1
1
1
1
1
1
1
1
1
1
1
1
1
1
1
1
1
1
1
1
1
1
1
1
1
1
1
1
1
1
1
1
1
1
1
1
1
1
1
1
1
1
1
1
1
1
1
1
1
1
1
1
1
1
1
1
1
1
1
1
1
1
1
1
1
1
1
1
1
1
1
1
1
1
1
1
1
1
1
1
1
1
1
1
1
1
1
1
1
17
24
29
33
37
39
41
43
45
47
49
51
52
54
54
56
57
58
59
60
61
62
62
62
63
64
64
64
64
64
64
64
64
64
64
64
64
64
63
63
64
70
72
72
72
72
72
72
70
70
70
69
68
68
68
66
66
64
62
62
61
59
54
54
54
54
52
52
52
52
50
50
50
48
47
46
45
44
43
43
43
43
43
43
43
43
44
45
46
50
52
56
58
60
63
65
68
70
75
81
85
103
131
146
248
267
282
295
309
328
361
373
411
427
440
466
490
494
498
502
507
512
517
517
512
511
517
521
525
529
533
537
464
464
470
471
479
474
464
457
438
427
417
394
363
359
358
356
158
155
150
149
147
145
144
143
143
142
140
140
140
138
138
137
136
134
133
132
130
129
128
126
125
125
123
122
120
120
118
117
115
115
113
113
112
110
109
108
106
105
103
102
100
100
100
100
100
100
100
100
100
98
98
98
98
98
97
96
96
96
95
95
94
94
94
94
94
94
93
93
92
92
92
92
92
92
92
93
93
93
92
92
91
91
91
90
90
90
90
90
90
90
91
92
92
94
94
96
97
98
100
101
103
104
105
107
108
109
110
111
112
113
113
115
115
115
117
117
117
118
119
119
119
119
119
120
120
120
120
120
121
122
122
122
122
122
124
124
124
124
125
125
126
126
126
127
127
128
129
129
130
131
131
133
133
133
135
135
135
135
137
137
137
137
139
139
139
139
139
141
141
141
141
141
141
141
141
141
141
141
141
141
141
141
141
141
141
141
140
140
140
140
140
140
139
139
139
139
139
139
138
138
138
137
137
137
137
137
135
135
135
135
135
135
133
133
131
131
131
130
129
129
128
127
127
126
126
125
125
124
123
123
122
122
121
120
119
119
118
117
117
116
115
115
115
113
113
113
113
113
112
111
111
111
111
111
111
110
110
110
109
109
109
109
109
109
109
109
109
109
109
108
109
109
109
109
109
109
109
108
108
108
108
108
109
109
109
109
109
109
109
109
111
111
111
111
112
113
113
113
113
114
115
115
115
115
115
117
117
117
117
117
118
118
118
119
119
119
119
119
119
119
119
119
119
119
119
118
118
118
118
118
118
118
118
118
118
116
116
116
116
116
114
114
114
114
114
112
112
112
112
110
110
110
109
108
108
108
106
106
106
105
105
104
104
103
103
102
102
101
101
100
100
100
99
99
98
98
97
97
96
96
95
95
95
94
93
93
93
92
92
92
91
91
90
90
90
90
90
90
90
91
91
91
91
91
92
92
92
92
92
92
92
92
92
93
94
94
95
96
96
97
97
99
100
101
102
104
105
106
108
108
110
110
110
112
112
113
113
113
113
113
113
113
114
113
112
109
106
102
98
96
45
45
1
1
1
1
1
1
1
1
1
1
1
1
1
1
1
1
1
1
1
1
1
1
1
1
1
1
1
1
1
1
1
1
1
1
1
1
1
1
1
1
1
1
1
1
1
1
1
1
1
1
1
