# Vetor de dados - syn_f003358-0-Pre--front--vetorlinha.txt
# Total de elementos: 768
# Formato: um valor por linha
#==================================================

1
1
1
1
1
1
1
1
1
1
1
1
1
1
1
1
1
1
1
1
1
1
1
1
1
1
1
1
1
1
1
1
1
1
1
1
1
1
1
1
1
1
1
1
1
1
1
1
1
1
1
1
1
1
1
1
1
1
1
1
1
1
1
1
1
1
1
1
1
1
1
1
1
1
1
1
1
1
1
1
1
1
1
1
1
1
1
1
1
1
1
1
1
1
1
1
1
1
1
1
1
1
1
1
1
1
1
1
1
1
1
1
1
1
1
1
1
1
1
1
1
1
1
1
1
1
16
24
28
32
35
38
40
42
44
46
47
49
50
51
52
53
55
55
56
57
57
59
59
59
59
60
60
61
61
61
61
61
61
59
59
59
59
61
66
68
68
68
68
67
67
67
66
66
65
64
64
63
61
61
59
59
55
52
50
49
49
48
48
47
46
46
46
46
46
46
46
46
46
46
46
44
44
44
44
44
44
45
46
48
51
54
60
64
68
75
82
88
96
104
115
134
150
163
175
257
271
280
289
300
316
378
394
409
422
436
448
465
484
488
493
500
515
522
524
520
508
514
520
524
529
538
460
457
444
439
432
393
366
360
338
337
146
143
141
139
138
137
135
134
132
131
129
127
125
123
122
120
118
116
115
114
113
112
112
111
111
111
111
111
111
111
111
110
110
110
110
110
110
108
108
107
107
106
105
104
104
103
103
103
103
102
101
101
101
101
101
100
100
100
100
100
100
100
100
100
100
100
100
100
100
100
100
100
100
100
101
101
102
102
102
102
102
102
102
102
102
102
102
104
104
104
106
107
107
109
109
111
112
114
114
116
118
118
119
120
120
122
122
122
123
123
123
124
124
124
124
124
124
125
125
125
125
125
125
125
125
125
126
126
126
126
126
126
126
126
126
128
128
128
128
129
130
130
130
130
131
131
132
132
132
132
133
134
134
134
134
134
134
134
134
134
134
134
134
135
135
134
134
133
133
133
133
133
133
132
131
131
131
131
131
131
130
129
129
129
129
129
129
128
127
127
127
127
127
127
125
125
125
125
125
123
123
123
123
123
121
121
121
121
119
119
119
119
119
118
117
117
117
117
117
117
117
117
115
115
115
115
115
115
114
114
114
114
114
114
114
113
113
113
112
112
112
112
112
111
111
111
111
111
111
110
110
110
110
110
110
110
110
110
109
109
109
109
109
109
109
109
109
109
107
107
107
107
107
105
105
105
105
105
105
105
105
105
105
105
103
103
103
103
104
104
104
104
105
105
105
105
105
105
105
105
105
105
105
105
105
105
105
105
105
105
106
106
106
106
106
106
106
105
105
105
105
105
105
105
104
104
104
104
104
103
103
102
102
102
102
102
101
100
100
100
100
100
100
99
99
98
98
98
98
97
97
97
96
96
96
95
95
94
94
94
93
93
93
92
92
91
91
91
90
90
89
89
89
88
88
87
87
87
87
87
87
87
87
87
86
86
86
86
87
87
87
87
88
89
89
89
89
90
90
91
91
91
91
91
91
91
93
93
93
95
95
95
97
97
99
99
101
102
103
105
106
107
108
108
109
110
110
111
111
111
110
109
109
108
106
105
102
100
99
95
93
41
1
1
1
1
1
1
1
1
1
1
1
1
1
1
1
1
1
1
1
1
1
1
1
1
1
1
1
1
1
1
1
1
1
1
1
1
1
1
1
1
1
1
1
1
1
1
1
1
1
1
1
1
1
1
1
1
1
1
1
1
1
1
1
1
