# Vetor de dados - syn_f002000-3-Pre--left--vetorlinha.txt
# Total de elementos: 768
# Formato: um valor por linha
#==================================================

1
1
1
1
1
1
1
1
1
1
1
1
1
1
1
1
1
1
1
1
1
1
1
1
1
1
1
1
1
1
1
1
1
1
1
1
1
1
1
1
1
1
1
1
1
1
1
1
1
1
1
1
1
1
1
1
1
1
1
1
1
1
1
1
1
1
1
1
1
1
1
1
1
1
1
1
1
1
1
1
1
1
1
1
1
1
1
1
1
1
1
1
1
1
1
1
1
1
1
1
1
1
1
1
1
1
1
1
1
1
1
1
1
1
1
1
1
1
1
1
1
20
28
35
39
43
47
50
53
55
57
59
61
63
65
67
69
70
71
72
73
74
74
76
77
77
78
78
78
78
79
80
80
80
81
81
81
81
81
81
82
81
82
83
84
85
84
85
85
86
85
85
84
84
82
80
77
76
74
73
72
72
71
69
68
67
68
66
66
65
65
65
65
65
65
65
65
66
65
64
63
62
59
50
48
48
47
47
46
47
46
46
46
46
45
45
46
45
46
46
47
46
47
47
48
49
174
183
192
215
220
226
238
247
268
282
283
282
281
281
279
278
274
268
267
264
250
248
206
202
199
195
190
187
182
174
162
98
93
89
86
82
80
81
81
82
82
83
83
83
85
85
85
86
86
86
86
86
86
86
86
86
86
86
87
87
87
87
86
86
87
86
86
86
86
85
85
84
84
84
83
83
82
80
79
78
78
77
77
77
77
77
77
77
76
76
76
75
75
75
73
73
73
72
71
71
70
70
69
68
68
68
68
67
66
66
65
65
65
65
63
63
63
62
62
62
61
61
61
60
60
60
59
59
59
59
60
60
60
60
60
61
61
62
64
64
65
66
67
67
68
68
69
70
71
72
72
73
73
74
75
75
76
76
77
77
77
79
79
79
79
80
80
81
81
81
81
81
81
82
83
83
83
83
83
84
83
82
82
83
82
83
82
82
82
81
81
81
81
81
81
81
81
81
80
81
81
81
80
80
80
80
79
79
78
78
77
78
77
77
76
76
75
75
75
74
74
74
73
73
72
72
72
72
72
72
72
72
72
72
72
72
71
71
71
71
71
71
71
70
70
70
70
70
70
70
69
69
69
69
69
69
68
68
68
68
67
67
66
66
66
65
65
65
64
63
63
63
62
61
61
60
59
59
58
58
57
56
55
55
55
53
53
52
52
52
50
50
50
49
49
48
48
48
48
47
46
46
46
46
46
46
46
46
47
46
46
47
47
47
48
48
49
48
48
49
49
50
50
49
50
50
50
50
51
50
51
50
50
49
50
49
48
49
48
48
47
47
47
46
45
46
45
44
44
44
43
43
43
43
43
43
44
43
44
44
44
44
45
45
45
45
46
46
46
46
46
46
46
46
46
46
45
45
45
45
44
44
44
44
44
44
44
43
43
43
43
42
42
42
42
41
41
41
40
40
40
39
39
39
38
38
38
37
37
37
37
36
36
36
36
35
35
35
35
34
35
35
35
36
36
36
37
37
38
38
39
40
41
43
44
46
48
50
52
55
57
61
66
68
71
73
75
77
80
81
82
84
86
86
86
86
87
53
56
59
63
69
71
74
77
78
80
82
83
84
86
85
84
84
81
80
75
60
53
47
39
34
1
1
1
1
1
1
1
1
1
1
1
1
1
1
1
1
1
1
1
1
1
1
1
1
1
1
1
1
1
1
1
1
1
1
1
1
1
1
1
1
1
1
1
1
1
1
1
1
1
1
1
1
1
1
1
1
1
1
1
1
