# Vetor de dados - syn_f001715-0-Pre--front--vetorcoluna.txt
# Total de elementos: 1024
# Formato: um valor por linha
#==================================================

1
1
1
1
1
1
1
1
1
1
1
1
1
1
1
1
1
1
1
1
1
1
1
1
1
1
1
1
1
1
1
1
1
1
1
1
1
1
1
1
1
1
1
1
1
1
1
1
1
1
1
1
1
1
1
1
1
1
1
1
1
1
1
1
1
1
1
1
1
1
1
1
1
1
1
1
1
1
1
1
1
1
1
1
1
1
1
1
1
1
1
1
1
1
1
1
1
1
1
1
1
1
1
1
1
1
1
1
1
1
1
1
1
1
1
1
1
1
1
1
1
1
1
1
1
1
1
1
1
1
1
1
1
1
1
1
1
1
1
1
1
1
1
1
1
1
1
1
1
1
1
1
1
1
1
1
1
1
1
1
1
1
1
1
1
1
1
1
1
1
1
1
1
1
1
1
1
1
1
1
1
1
1
1
1
1
1
1
1
1
1
1
1
1
1
1
1
1
1
1
1
1
1
1
1
1
1
1
1
1
1
1
1
1
1
1
1
1
1
1
1
1
1
1
1
1
1
1
1
1
1
1
1
1
1
1
1
8
8
8
8
8
8
8
8
8
8
8
8
8
8
9
9
9
9
9
15
17
17
17
18
18
18
18
18
17
18
18
18
18
18
18
18
18
18
18
18
20
19
19
19
19
18
20
20
19
18
18
17
17
17
16
16
16
17
17
17
18
18
18
20
20
20
21
21
21
21
22
22
22
23
24
24
24
24
24
24
24
25
25
25
25
25
25
27
27
27
27
27
27
27
27
28
28
28
28
28
29
29
29
30
30
30
30
30
30
30
31
31
31
31
31
31
31
32
32
32
32
32
32
31
32
32
32
32
32
33
32
32
32
32
31
31
31
32
32
31
31
31
31
31
31
31
31
31
31
30
30
30
30
30
30
30
30
30
30
30
30
30
31
31
30
30
30
30
30
30
31
31
31
31
31
31
31
31
31
32
32
32
32
32
32
32
32
33
33
33
33
33
33
33
33
34
35
35
35
36
36
37
37
37
38
39
39
40
42
43
44
46
46
47
48
49
50
51
51
53
54
270
293
361
368
374
380
387
392
398
456
457
457
456
456
457
459
460
459
459
458
458
459
459
459
460
460
460
458
457
433
501
481
474
468
465
460
454
447
440
411
406
404
402
399
398
396
392
388
369
354
347
340
341
346
355
363
376
386
390
393
395
397
398
401
403
438
443
447
453
460
468
472
474
476
404
419
458
458
458
458
457
457
456
456
456
457
457
457
458
457
455
455
455
454
452
452
394
390
386
382
377
373
368
363
292
283
54
53
52
51
50
49
48
47
46
44
43
42
41
40
39
38
38
37
37
37
36
36
36
36
35
35
35
35
35
35
35
35
35
35
35
34
34
34
34
34
34
34
34
34
34
34
33
33
33
33
33
33
33
33
33
33
33
33
33
32
32
32
32
32
32
32
32
32
32
32
32
33
33
33
33
33
33
34
33
33
33
33
33
34
34
34
34
33
33
33
34
34
34
34
33
33
33
33
33
33
32
32
32
32
32
32
32
31
31
31
31
31
30
30
30
30
29
29
29
29
29
27
27
27
27
27
27
26
26
26
26
26
26
25
25
25
25
25
25
24
24
24
24
24
23
23
23
23
22
22
22
22
21
21
19
19
19
19
19
18
18
18
17
17
17
17
18
18
18
20
20
19
19
19
20
20
20
20
20
20
20
20
19
18
18
18
18
18
19
19
19
19
20
20
20
20
20
20
20
20
20
19
18
12
12
12
12
12
12
12
12
12
12
12
12
12
12
12
12
12
1
1
1
1
1
1
1
1
1
1
1
1
1
1
1
1
1
1
1
1
1
1
1
1
1
1
1
1
1
1
1
1
1
1
1
1
1
1
1
1
1
1
1
1
1
1
1
1
1
1
1
1
1
1
1
1
1
1
1
1
1
1
1
1
1
1
1
1
1
1
1
1
1
1
1
1
1
1
1
1
1
1
1
1
1
1
1
1
1
1
1
1
1
1
1
1
1
1
1
1
1
1
1
1
1
1
1
1
1
1
1
1
1
1
1
1
1
1
1
1
1
1
1
1
1
1
1
1
1
1
1
1
1
1
1
1
1
1
1
1
1
1
1
1
1
1
1
1
1
1
1
1
1
1
1
1
1
1
1
1
1
1
1
1
1
1
1
1
1
1
1
1
1
1
1
1
1
1
1
1
1
1
1
1
1
1
1
1
1
1
1
1
1
1
1
1
1
1
1
1
1
1
1
1
1
1
1
1
1
1
1
1
1
1
1
1
1
1
1
1
1
1
1
1
1
1
1
1
1
1
1
1
1
1
1
1
1
1
1
1
