# Vetor de dados - syn_f000008-1-Pre--front--vetorcoluna.txt
# Total de elementos: 1024
# Formato: um valor por linha
#==================================================

1
1
1
1
1
1
1
1
1
1
1
1
1
1
1
1
1
1
1
1
1
1
1
1
1
1
1
1
1
1
1
1
1
1
1
1
1
1
1
1
1
1
1
1
1
1
1
1
1
1
1
1
1
1
1
1
1
1
1
1
1
1
1
1
1
1
1
1
1
1
1
1
1
1
1
1
1
1
1
1
1
1
1
1
1
1
1
1
1
1
1
1
1
1
1
1
1
1
1
1
1
1
1
1
1
1
1
1
1
1
1
1
1
1
1
1
1
1
1
1
1
1
1
1
1
1
1
1
1
1
1
1
1
1
1
1
1
1
1
1
1
1
1
1
1
1
1
1
1
1
1
1
1
1
1
1
1
1
1
1
1
1
1
1
1
1
1
1
1
1
1
1
1
1
1
1
1
1
1
1
1
1
1
1
1
1
1
1
1
1
1
1
1
1
1
1
1
1
1
1
1
1
1
1
1
1
1
1
1
1
1
1
1
1
1
1
1
17
18
19
19
19
20
21
21
22
21
21
21
21
21
20
21
21
21
21
21
22
21
22
22
22
23
23
23
23
23
23
23
23
24
23
23
23
24
24
25
25
26
26
27
27
27
27
27
27
27
27
27
27
27
27
27
27
27
27
27
27
27
27
27
28
28
28
28
28
28
28
28
28
28
28
29
29
29
29
29
29
29
30
30
30
30
30
30
30
30
31
31
31
31
31
31
32
32
32
33
33
33
33
33
34
34
34
34
34
35
35
35
35
35
35
36
36
36
36
36
36
36
36
37
37
37
37
37
37
37
37
38
38
38
38
38
38
38
38
38
38
38
38
38
38
38
38
38
38
38
38
38
38
38
38
38
38
38
38
38
38
39
39
39
39
39
40
40
40
41
41
41
41
41
41
41
42
42
42
42
42
42
42
43
43
43
43
42
42
42
42
43
43
43
43
43
43
43
44
44
44
44
44
44
45
45
45
45
45
46
46
46
47
48
48
49
50
51
53
54
56
58
59
62
63
64
65
66
68
69
70
72
281
284
287
292
296
300
304
313
404
410
416
422
429
434
440
445
520
520
520
519
519
521
521
521
521
521
520
519
520
522
523
524
524
525
526
525
524
522
444
436
429
503
499
493
488
483
476
445
442
440
436
435
432
430
426
423
416
408
394
385
380
374
368
362
365
369
373
379
386
393
401
413
422
427
430
432
433
435
437
440
444
481
487
491
496
500
505
511
435
442
520
522
521
521
521
520
520
519
517
517
518
518
519
518
518
517
516
517
517
517
516
443
437
432
427
421
416
411
406
324
316
306
302
299
296
292
288
65
64
63
61
60
59
57
55
54
52
51
51
50
49
49
49
49
48
48
47
47
47
47
47
47
46
46
45
45
45
45
45
45
45
45
45
45
44
43
43
43
43
43
43
43
43
43
42
42
42
42
42
42
42
41
41
41
40
40
40
40
40
40
40
40
40
39
39
39
39
39
39
39
39
39
38
38
38
38
38
38
38
38
39
39
39
39
39
39
39
39
39
38
38
38
38
38
38
39
39
39
39
39
39
39
39
39
39
39
39
39
39
39
39
39
39
39
39
39
38
38
38
38
38
38
38
38
38
38
38
38
38
38
38
37
37
37
37
37
37
37
37
37
36
36
36
36
36
36
36
36
36
36
36
36
36
36
36
36
36
35
35
35
35
35
35
35
35
35
35
35
35
35
35
34
34
34
34
34
34
34
34
34
33
33
33
33
33
32
32
32
32
31
31
31
31
31
30
30
30
30
30
30
29
29
29
29
29
29
28
28
28
28
28
28
28
28
28
27
27
27
27
27
27
27
27
27
27
27
27
1
1
1
1
1
1
1
1
1
1
1
1
1
1
1
1
1
1
1
1
1
1
1
1
1
1
1
1
1
1
1
1
1
1
1
1
1
1
1
1
1
1
1
1
1
1
1
1
1
1
1
1
1
1
1
1
1
1
1
1
1
1
1
1
1
1
1
1
1
1
1
1
1
1
1
1
1
1
1
1
1
1
1
1
1
1
1
1
1
1
1
1
1
1
1
1
1
1
1
1
1
1
1
1
1
1
1
1
1
1
1
1
1
1
1
1
1
1
1
1
1
1
1
1
1
1
1
1
1
1
1
1
1
1
1
1
1
1
1
1
1
1
1
1
1
1
1
1
1
1
1
1
1
1
1
1
1
1
1
1
1
1
1
1
1
1
1
1
1
1
1
1
1
1
1
1
1
1
1
1
1
1
1
1
1
1
1
1
1
1
1
1
1
1
1
1
1
1
1
1
1
1
1
1
1
1
1
1
1
1
1
1
1
1
1
1
1
1
