# Vetor de dados - syn_f001132-3-Pre--front--vetorcoluna.txt
# Total de elementos: 1024
# Formato: um valor por linha
#==================================================

1
1
1
1
1
1
1
1
1
1
1
1
1
1
1
1
1
1
1
1
1
1
1
1
1
1
1
1
1
1
1
1
1
1
1
1
1
1
1
1
1
1
1
1
1
1
1
1
1
1
1
1
1
1
1
1
1
1
1
1
1
1
1
1
1
1
1
1
1
1
1
1
1
1
1
1
1
1
1
1
1
1
1
1
1
1
1
1
1
1
1
1
1
1
1
1
1
1
1
1
1
1
1
1
1
1
1
1
1
1
1
1
1
1
1
1
1
1
1
1
1
1
1
1
1
1
1
1
1
1
1
1
1
1
1
1
1
1
1
1
1
1
1
1
1
1
1
1
1
1
1
1
1
1
1
1
1
1
1
1
1
1
1
1
1
1
1
1
1
1
1
1
1
1
1
1
1
1
1
1
1
1
1
1
1
1
1
1
1
1
1
1
1
1
1
1
1
1
1
1
1
1
1
1
1
1
1
1
1
1
1
1
1
1
1
1
1
1
1
1
1
1
1
1
1
1
1
1
1
1
1
1
1
1
25
25
25
25
25
24
24
24
25
25
25
25
25
25
25
25
25
25
25
26
26
26
26
26
26
26
27
27
27
27
27
28
28
28
28
28
29
29
29
29
30
30
30
30
30
30
30
30
30
30
31
31
31
31
31
31
31
31
31
31
32
32
32
32
32
32
32
32
32
32
32
32
33
33
33
33
33
33
33
33
34
34
34
34
34
34
34
34
34
34
34
34
36
36
36
36
37
36
36
37
37
37
38
38
38
38
38
38
39
39
39
39
38
38
39
39
39
39
39
39
40
40
39
39
39
39
39
38
38
38
38
38
38
39
38
38
38
38
38
38
38
38
38
38
37
38
38
38
38
38
38
38
38
39
39
39
38
38
39
39
39
39
39
39
40
40
40
40
40
40
40
41
41
41
41
41
41
41
41
41
42
42
42
42
42
42
42
42
42
42
42
42
42
43
43
44
44
44
45
45
45
46
47
48
49
47
50
62
64
66
68
68
70
72
66
68
71
74
77
281
285
289
294
298
302
400
403
407
410
414
418
421
496
496
495
495
498
498
499
498
499
497
497
497
499
500
502
504
504
505
505
504
504
504
501
498
495
492
490
485
482
477
471
429
424
422
418
415
378
372
366
360
355
349
344
337
326
316
335
343
349
355
360
366
373
379
389
415
418
419
423
426
476
481
485
488
492
496
500
504
507
507
507
507
506
506
504
504
502
501
500
501
501
501
502
501
501
500
499
500
498
497
423
419
415
411
406
403
399
396
295
292
288
285
281
278
275
85
83
81
78
76
74
72
70
68
66
64
63
61
57
54
52
50
49
48
47
46
45
45
44
43
43
42
42
42
41
40
40
40
40
40
40
40
40
40
39
39
39
39
39
39
39
39
39
39
39
39
39
39
39
39
38
38
38
38
38
38
38
38
38
38
38
37
37
37
37
37
38
38
38
38
38
38
38
38
38
38
38
38
38
38
39
39
39
39
39
39
39
39
40
40
40
40
40
40
40
40
40
40
39
39
39
39
39
39
39
39
39
39
39
38
38
38
38
37
37
37
37
37
37
36
36
36
36
35
35
35
35
34
34
34
33
33
33
33
32
32
31
31
31
30
30
30
30
30
29
29
29
28
28
27
27
27
27
27
26
26
26
26
26
25
25
25
25
25
25
25
24
25
24
24
23
23
23
23
23
23
22
23
24
23
23
23
22
23
23
23
23
22
22
22
22
21
21
21
21
21
21
21
20
21
21
21
21
22
21
21
21
21
21
21
21
21
20
18
16
15
15
16
1
1
1
1
1
1
1
1
1
1
1
1
1
1
1
1
1
1
1
1
1
1
1
1
1
1
1
1
1
1
1
1
1
1
1
1
1
1
1
1
1
1
1
1
1
1
1
1
1
1
1
1
1
1
1
1
1
1
1
1
1
1
1
1
1
1
1
1
1
1
1
1
1
1
1
1
1
1
1
1
1
1
1
1
1
1
1
1
1
1
1
1
1
1
1
1
1
1
1
1
1
1
1
1
1
1
1
1
1
1
1
1
1
1
1
1
1
1
1
1
1
1
1
1
1
1
1
1
1
1
1
1
1
1
1
1
1
1
1
1
1
1
1
1
1
1
1
1
1
1
1
1
1
1
1
1
1
1
1
1
1
1
1
1
1
1
1
1
1
1
1
1
1
1
1
1
1
1
1
1
1
1
1
1
1
1
1
1
1
1
1
1
1
1
1
1
1
1
1
1
1
1
1
1
1
1
1
1
1
1
1
1
1
1
1
1
1
1
1
1
1
1
1
1
1
1
1
1
1
1
