# Vetor de dados - syn_f003409-1-Pre--left--vetorlinha.txt
# Total de elementos: 768
# Formato: um valor por linha
#==================================================

1
1
1
1
1
1
1
1
1
1
1
1
1
1
1
1
1
1
1
1
1
1
1
1
1
1
1
1
1
1
1
1
1
1
1
1
1
1
1
1
1
1
1
1
1
1
1
1
1
1
1
1
1
1
1
1
1
1
1
1
1
1
1
1
1
1
1
1
1
1
1
1
1
1
1
1
1
1
1
1
1
1
1
1
1
1
1
1
1
1
1
1
1
1
1
1
1
1
1
1
1
1
1
1
1
1
1
1
1
1
1
1
1
1
1
1
1
1
1
1
1
1
1
1
1
1
1
1
1
1
1
1
1
1
8
21
28
34
38
42
45
47
50
52
54
56
58
60
61
63
65
65
67
67
68
69
70
70
71
72
72
72
72
72
72
73
73
73
73
74
74
75
76
77
77
77
78
79
79
80
80
80
80
79
78
75
73
71
71
70
69
67
67
66
65
65
63
62
62
61
61
61
61
60
60
59
59
58
57
55
53
53
52
51
50
49
48
48
48
48
47
47
47
46
47
47
47
48
48
48
49
50
50
50
52
52
55
61
67
75
153
159
165
171
175
179
184
190
196
202
208
212
215
218
221
226
230
235
240
244
250
257
262
268
278
279
279
280
279
276
273
270
263
184
147
132
91
86
87
87
88
88
89
89
89
89
90
90
89
89
89
89
89
89
89
88
88
88
88
88
88
88
87
86
86
86
85
84
84
83
83
83
83
83
84
84
84
85
85
86
86
86
86
87
87
86
87
87
87
87
88
88
87
88
88
88
88
89
89
88
89
89
89
89
90
90
89
88
88
88
88
88
87
87
87
87
86
85
85
85
84
84
84
84
84
85
85
86
86
87
87
89
89
90
90
91
92
92
94
94
94
95
95
96
96
97
96
97
97
98
98
97
98
98
98
97
98
98
97
97
98
98
98
97
97
97
97
98
97
97
97
96
96
96
96
96
95
95
94
94
92
92
91
90
89
89
88
88
87
88
88
88
87
87
87
86
86
85
86
86
85
85
84
83
82
82
81
80
79
78
78
77
77
76
76
76
75
75
75
73
73
73
73
72
72
72
72
71
71
70
70
70
70
70
69
69
69
69
69
69
68
68
67
67
67
67
67
67
66
66
66
66
66
66
65
65
65
65
65
64
64
64
64
64
63
62
62
62
61
61
61
61
60
60
60
59
59
59
58
58
58
57
57
57
56
56
56
56
55
55
55
55
55
55
54
55
55
55
56
55
56
56
57
57
57
57
57
57
56
57
56
56
56
55
55
55
54
54
54
53
54
53
52
52
52
51
51
50
50
50
49
49
48
48
48
48
48
48
48
48
48
48
49
48
48
48
48
49
49
49
49
49
49
48
48
48
48
48
48
48
47
47
47
47
47
47
47
46
45
45
45
45
45
44
43
43
43
42
42
41
41
40
40
40
40
38
38
38
38
37
37
37
37
37
38
37
37
38
38
38
39
39
39
40
41
42
44
45
45
47
48
50
51
53
60
64
67
69
71
73
75
76
76
77
78
78
78
78
79
78
73
61
52
55
58
61
65
68
71
75
77
79
81
82
83
83
82
81
79
78
77
71
54
48
41
35
30
1
1
1
1
1
1
1
1
1
1
1
1
1
1
1
1
1
1
1
1
1
1
1
1
1
1
1
1
1
1
1
1
1
1
1
1
1
1
1
1
1
1
1
1
1
1
1
1
1
1
1
1
1
1
1
1
1
1
1
1
1
1
1
1
1
1
1
1
1
1
1
