# Vetor de dados - syn_f003658-0-Pre--left--vetorlinha.txt
# Total de elementos: 768
# Formato: um valor por linha
#==================================================

1
1
1
1
1
1
1
1
1
1
1
1
1
1
1
1
1
1
1
1
1
1
1
1
1
1
1
1
1
1
1
1
1
1
1
1
1
1
1
1
1
1
1
1
1
1
1
1
1
1
1
1
1
1
1
1
1
1
1
1
1
1
1
1
1
1
1
1
1
1
1
1
1
1
1
1
1
1
1
1
1
1
1
1
1
1
1
1
1
1
1
1
1
1
1
1
1
1
1
1
1
1
1
1
1
1
1
1
1
1
1
1
1
1
1
1
1
1
1
1
1
1
17
24
32
37
40
44
47
50
52
54
56
58
60
61
63
64
66
66
68
68
70
70
71
71
73
73
73
73
73
73
73
73
74
75
75
75
75
76
76
76
77
77
78
79
78
79
80
80
81
80
80
78
77
74
73
72
72
71
70
69
69
68
67
67
66
64
64
63
63
63
62
62
62
62
62
61
60
58
56
54
51
49
48
48
47
48
47
48
48
48
48
49
48
49
50
49
50
50
49
50
50
51
51
53
59
63
151
158
167
177
190
227
235
243
253
260
274
283
297
298
298
298
297
295
293
291
287
281
281
278
258
204
198
195
190
185
178
171
159
153
107
101
94
94
95
96
96
97
98
98
99
100
100
100
101
101
102
102
102
103
103
103
103
103
103
103
102
103
103
103
103
103
103
103
102
101
101
101
100
99
98
98
97
95
95
95
95
95
95
95
96
97
97
98
98
97
98
98
99
99
99
100
99
99
100
100
99
100
100
100
100
100
100
100
100
100
100
99
99
100
99
99
98
98
97
98
97
97
97
96
96
96
96
96
96
97
97
97
98
98
98
98
99
99
99
100
99
100
100
101
101
101
101
101
102
102
102
102
103
103
103
103
103
103
103
103
103
104
104
104
103
103
103
104
104
103
103
103
103
103
102
103
103
102
102
101
101
101
100
100
101
100
100
99
99
98
97
96
95
94
93
92
91
91
90
90
90
88
88
88
87
87
87
86
86
86
85
85
85
85
84
84
84
83
83
82
82
81
81
80
79
79
78
77
77
76
76
75
75
74
74
74
73
73
73
72
72
71
71
70
70
70
70
70
69
69
69
69
69
68
68
68
68
66
66
66
66
65
65
65
65
65
64
64
64
64
64
63
62
62
62
61
61
61
61
61
59
59
59
59
58
58
58
58
56
56
56
56
55
55
55
55
54
54
54
54
55
55
54
54
54
54
54
55
55
55
55
55
55
55
55
55
55
56
55
55
54
54
54
53
53
53
52
51
51
51
50
49
49
49
49
48
47
47
46
46
45
46
45
45
45
45
45
45
44
44
44
44
44
44
44
44
44
44
44
44
44
44
44
43
43
43
43
43
43
43
43
43
43
43
42
41
41
41
41
41
41
41
39
39
39
39
39
39
38
37
37
37
37
36
36
36
35
35
35
34
34
34
34
34
33
32
32
32
32
32
32
32
32
32
32
32
33
33
34
34
35
37
38
38
39
41
43
45
47
49
51
53
56
57
59
60
63
67
71
74
75
78
81
83
84
84
85
85
84
84
84
85
84
81
68
71
74
77
81
84
87
89
89
91
91
90
90
90
89
88
86
85
79
59
52
47
42
40
25
1
1
1
1
1
1
1
1
1
1
1
1
1
1
1
1
1
1
1
1
1
1
1
1
1
1
1
1
1
1
1
1
1
1
1
1
1
1
1
1
1
1
1
1
1
1
1
1
1
1
1
1
1
1
1
1
1
1
1
1
1
