# Vetor de dados - syn_f001500-2-Pre--left--vetorlinha.txt
# Total de elementos: 768
# Formato: um valor por linha
#==================================================

1
1
1
1
1
1
1
1
1
1
1
1
1
1
1
1
1
1
1
1
1
1
1
1
1
1
1
1
1
1
1
1
1
1
1
1
1
1
1
1
1
1
1
1
1
1
1
1
1
1
1
1
1
1
1
1
1
1
1
1
1
1
1
1
1
1
1
1
1
1
1
1
1
1
1
1
1
1
1
1
1
1
1
1
1
1
1
1
1
1
1
1
1
1
1
1
1
1
1
1
1
1
1
8
21
28
35
38
43
47
50
53
55
57
59
61
63
65
66
68
69
70
70
72
73
74
74
75
76
77
77
77
78
78
78
78
78
78
78
79
79
79
79
79
79
79
79
80
80
81
82
81
82
83
84
83
83
82
81
79
77
75
74
73
73
72
71
69
69
69
68
66
66
65
65
65
65
64
64
64
63
62
61
60
58
58
56
55
54
55
54
55
54
55
54
55
56
55
56
55
56
57
56
57
58
59
58
59
60
60
61
61
62
63
69
74
84
94
104
157
174
182
187
193
197
204
211
220
234
239
242
245
247
252
256
261
267
272
276
286
291
299
308
308
308
309
307
305
302
292
291
272
221
214
208
200
190
176
167
154
110
108
108
108
109
110
110
111
111
112
111
111
112
112
112
112
112
112
113
113
112
112
112
112
112
111
111
111
110
110
109
109
108
107
106
105
105
105
106
106
106
106
105
106
106
106
106
106
107
107
106
106
106
106
106
107
107
106
106
105
105
104
104
103
103
103
103
103
103
102
102
102
103
102
102
102
102
102
101
101
101
100
101
101
100
100
100
99
99
99
99
99
99
100
100
101
102
103
104
104
105
105
106
106
107
107
108
109
110
111
111
112
113
113
113
114
115
116
116
117
117
117
117
118
118
118
119
119
120
120
120
120
121
120
120
120
121
121
120
120
120
120
119
119
119
118
118
118
117
117
116
115
115
114
114
113
113
111
111
110
110
108
107
107
105
104
103
102
102
101
101
101
100
100
100
100
99
99
98
97
98
97
96
95
95
94
93
93
91
90
90
89
89
88
88
87
87
87
86
86
87
87
87
87
87
87
86
86
86
86
86
86
86
86
86
85
85
85
85
85
84
84
84
84
84
83
83
83
82
82
81
81
81
81
80
80
79
79
79
78
78
77
77
76
75
75
75
74
74
72
72
72
71
70
69
69
68
68
66
66
66
65
65
64
63
62
62
61
61
61
60
60
60
59
59
59
58
58
59
58
58
59
59
59
59
60
60
60
60
60
60
61
60
61
60
60
60
59
59
59
59
58
58
58
58
58
58
57
58
57
57
56
57
56
56
55
55
55
55
54
54
54
54
54
53
53
53
53
53
53
53
53
53
52
53
53
53
53
54
54
54
53
53
54
54
54
54
54
54
53
53
53
53
53
53
53
52
52
52
52
52
52
52
51
50
50
50
50
50
49
48
48
48
48
46
46
46
46
45
44
44
43
43
42
41
41
41
41
40
40
40
40
39
39
40
40
39
39
40
40
41
40
41
42
42
44
45
46
47
49
51
53
55
57
61
69
73
75
75
77
79
79
81
81
82
83
84
84
85
86
85
86
86
86
85
47
50
52
54
56
59
63
66
70
73
76
78
82
84
85
86
88
88
89
88
87
85
84
83
80
71
62
56
51
47
40
36
31
1
1
1
1
1
1
1
1
1
1
1
1
1
1
1
1
1
1
1
1
1
1
1
1
1
1
1
1
1
1
1
1
1
1
1
1
1
1
1
1
