# Vetor de dados - syn_f000559-3-Pre--left--vetorlinha.txt
# Total de elementos: 768
# Formato: um valor por linha
#==================================================

1
1
1
1
1
1
1
1
1
1
1
1
1
1
1
1
1
1
1
1
1
1
1
1
1
1
1
1
1
1
1
1
1
1
1
1
1
1
1
1
1
1
1
1
1
1
1
1
1
1
1
1
1
1
1
1
1
1
1
1
1
1
1
1
1
1
1
1
1
1
1
1
1
1
1
1
1
1
1
1
1
1
1
1
1
1
1
1
1
1
1
1
1
1
1
1
1
1
1
1
1
1
1
1
1
1
1
1
1
1
1
1
1
17
26
33
37
42
46
48
51
54
56
58
60
62
64
65
67
68
70
70
71
73
73
74
74
76
76
77
77
77
77
77
78
78
78
78
78
78
78
78
79
79
80
81
80
81
82
82
83
83
83
83
82
82
80
78
76
74
74
73
72
71
71
70
70
70
69
69
68
68
67
67
67
67
67
68
68
67
66
66
66
64
63
61
58
57
54
53
53
53
52
52
53
53
53
53
54
56
57
57
58
60
178
184
190
202
219
226
230
235
240
247
256
262
280
299
300
301
300
300
299
296
295
292
285
284
283
265
262
223
220
217
215
212
210
207
204
200
197
192
188
178
167
150
138
129
123
119
115
112
108
106
107
107
108
108
110
110
111
111
111
111
111
112
112
112
112
112
112
114
114
114
114
114
114
114
114
114
114
114
113
113
112
112
112
111
111
111
112
111
112
112
111
111
112
111
111
111
111
111
110
110
110
110
110
110
109
109
109
108
108
108
108
108
108
107
107
106
106
106
106
106
105
105
105
104
104
103
104
104
105
105
106
107
108
107
108
109
109
111
112
112
114
114
115
116
117
117
119
119
119
121
121
121
123
123
123
124
125
125
125
126
126
127
127
128
128
128
128
128
128
129
129
129
129
129
129
129
129
129
128
128
127
127
127
126
126
126
125
124
123
123
122
121
120
119
118
118
116
115
114
113
111
109
108
106
104
101
100
98
98
97
96
95
94
93
92
91
90
89
88
88
89
88
88
88
88
88
88
88
88
88
88
88
89
89
89
89
89
89
89
90
90
90
90
89
89
89
89
89
89
89
90
90
89
88
88
88
88
88
87
87
86
86
86
85
85
85
85
84
83
83
83
83
83
82
81
81
81
81
80
79
79
79
79
78
77
77
76
76
76
74
74
74
73
73
72
71
71
70
70
69
68
67
66
66
65
65
64
64
62
62
62
61
61
60
60
60
58
59
58
58
59
58
59
58
59
58
58
58
58
58
58
58
58
59
58
58
58
58
58
58
59
58
58
59
58
58
57
58
58
57
57
56
57
57
57
56
56
56
56
56
56
56
56
56
56
55
56
55
56
55
55
55
55
55
55
55
56
55
55
55
55
55
55
54
54
54
54
54
54
53
53
53
53
53
53
51
51
51
51
51
50
49
49
49
49
47
47
47
47
46
45
45
44
44
44
43
42
42
42
40
40
40
40
40
38
38
38
38
37
37
37
36
36
36
37
37
38
39
39
40
42
44
45
48
50
52
55
58
60
63
67
72
75
77
78
81
82
82
84
85
85
85
87
87
87
87
87
86
87
65
47
49
50
53
55
57
62
66
70
72
76
79
83
86
88
88
90
91
92
92
91
90
89
88
87
84
73
66
61
56
52
49
45
43
29
26
1
1
1
1
1
1
1
1
1
1
1
1
1
1
1
1
1
1
1
1
1
1
1
1
1
1
1
1
1
1
1
1
1
1
1
1
1
1
1
1
1
1
1
1
1
1
1
1
