# Vetor de dados - syn_f003172-3-Pre--front--vetorcoluna.txt
# Total de elementos: 1024
# Formato: um valor por linha
#==================================================

1
1
1
1
1
1
1
1
1
1
1
1
1
1
1
1
1
1
1
1
1
1
1
1
1
1
1
1
1
1
1
1
1
1
1
1
1
1
1
1
1
1
1
1
1
1
1
1
1
1
1
1
1
1
1
1
1
1
1
1
1
1
1
1
1
1
1
1
1
1
1
1
1
1
1
1
1
1
1
1
1
1
1
1
1
1
1
1
1
1
1
1
1
1
1
1
1
1
1
1
1
1
1
1
1
1
1
1
1
1
1
1
1
1
1
1
1
1
1
1
1
1
1
1
1
1
1
1
1
1
1
1
1
1
1
1
1
1
1
1
1
1
1
1
1
1
1
1
1
1
1
1
1
1
1
1
1
1
1
1
1
1
1
1
1
1
1
1
1
1
1
1
1
1
1
1
1
1
1
1
1
1
1
1
1
1
1
1
1
1
1
1
1
1
1
1
1
1
1
1
1
1
1
1
1
1
1
1
1
1
1
1
1
1
1
1
1
1
1
1
1
1
1
1
1
1
1
1
1
1
1
1
1
1
1
1
1
1
1
1
1
1
28
28
28
28
28
28
28
28
28
28
28
28
28
28
28
28
29
29
29
29
29
29
29
29
30
30
30
30
30
31
31
31
31
31
32
32
32
32
33
33
33
33
33
33
34
34
34
34
34
34
34
34
34
34
34
34
34
34
35
35
35
35
35
35
35
35
35
35
35
35
36
36
36
36
36
36
36
36
36
36
36
37
37
37
37
37
37
37
37
37
37
37
37
37
37
37
37
37
37
37
37
37
38
38
38
38
38
39
39
39
39
38
38
38
38
39
39
38
38
38
38
37
37
37
37
37
36
36
36
36
36
35
35
35
35
35
36
36
36
36
36
36
36
36
37
37
37
37
37
37
38
38
38
38
38
38
38
39
39
39
39
39
39
39
39
40
40
40
40
40
40
40
40
40
40
40
40
40
40
40
40
41
42
42
42
42
43
43
44
45
46
46
47
48
51
55
59
62
64
65
67
68
68
70
71
65
70
74
77
285
287
289
291
294
297
300
302
403
406
409
412
415
418
422
500
501
502
501
501
502
503
503
504
503
502
502
502
504
505
506
507
508
508
509
507
506
502
480
471
510
507
505
502
499
496
493
488
484
440
436
432
429
421
407
391
380
373
367
359
344
335
361
367
372
376
384
397
424
430
433
437
441
483
487
491
495
497
501
504
508
511
515
584
586
587
509
511
510
510
509
508
507
506
505
506
505
506
505
505
503
503
504
504
502
500
501
427
422
418
414
411
407
404
401
398
302
300
297
295
292
289
286
284
83
82
80
77
75
72
69
66
64
63
61
59
56
53
51
49
47
46
46
45
44
43
42
42
41
41
40
40
39
39
38
38
38
38
38
38
38
38
38
38
38
38
38
38
38
38
38
38
38
38
38
38
38
38
37
37
37
37
37
37
37
37
36
35
35
35
35
35
35
35
35
35
35
34
34
35
35
35
35
35
35
35
36
36
36
37
37
37
38
38
38
38
38
38
37
38
38
38
38
38
38
38
38
38
38
38
38
37
37
37
37
37
37
37
36
36
36
36
35
35
35
35
35
35
35
34
33
33
33
33
33
32
32
31
31
31
30
30
30
29
29
28
28
28
28
27
26
26
26
26
26
25
25
24
24
24
24
23
23
23
23
22
22
22
22
22
22
22
22
21
21
21
21
20
20
21
21
21
21
21
20
21
21
21
21
19
20
20
20
20
18
18
18
18
19
19
20
18
19
19
19
20
20
20
20
20
20
18
17
14
1
1
1
1
1
1
1
1
1
1
1
1
1
1
1
1
1
1
1
1
1
1
1
1
1
1
1
1
1
1
1
1
1
1
1
1
1
1
1
1
1
1
1
1
1
1
1
1
1
1
1
1
1
1
1
1
1
1
1
1
1
1
1
1
1
1
1
1
1
1
1
1
1
1
1
1
1
1
1
1
1
1
1
1
1
1
1
1
1
1
1
1
1
1
1
1
1
1
1
1
1
1
1
1
1
1
1
1
1
1
1
1
1
1
1
1
1
1
1
1
1
1
1
1
1
1
1
1
1
1
1
1
1
1
1
1
1
1
1
1
1
1
1
1
1
1
1
1
1
1
1
1
1
1
1
1
1
1
1
1
1
1
1
1
1
1
1
1
1
1
1
1
1
1
1
1
1
1
1
1
1
1
1
1
1
1
1
1
1
1
1
1
1
1
1
1
1
1
1
1
1
1
1
1
1
1
1
1
1
1
1
1
1
1
1
1
1
1
1
1
1
1
1
1
1
1
1
1
1
1
1
1
1
1
1
1
1
1
1
