# Vetor de dados - syn_f003921-0-Pre--left--vetorlinha.txt
# Total de elementos: 768
# Formato: um valor por linha
#==================================================

1
1
1
1
1
1
1
1
1
1
1
1
1
1
1
1
1
1
1
1
1
1
1
1
1
1
1
1
1
1
1
1
1
1
1
1
1
1
1
1
1
1
1
1
1
1
1
1
1
1
1
1
1
1
1
1
1
1
1
1
1
1
1
1
1
1
1
1
1
1
1
1
1
1
1
1
1
1
1
1
1
1
1
1
1
1
1
1
1
1
1
1
1
1
1
1
1
1
1
1
1
1
1
1
1
1
1
1
1
1
1
1
1
1
1
1
1
1
1
1
1
19
27
33
37
42
45
47
50
52
54
57
59
60
62
64
65
67
67
69
70
70
71
71
73
73
73
73
74
74
74
74
74
74
75
75
75
75
75
74
74
75
75
75
75
76
77
76
77
78
77
77
76
76
74
72
70
68
67
66
65
65
63
62
62
62
62
60
60
60
59
59
59
59
58
58
58
57
56
55
53
48
43
41
41
41
41
41
42
42
42
42
43
44
43
44
45
45
46
46
46
47
47
47
51
59
69
139
147
156
163
170
182
213
217
221
227
233
240
245
257
265
281
282
281
282
281
280
278
276
267
267
265
246
188
181
174
164
155
101
95
86
83
85
85
86
87
87
88
88
88
87
88
88
88
88
87
87
86
87
86
86
85
84
84
83
83
81
80
80
79
78
77
77
77
76
76
76
76
75
75
75
76
75
75
75
76
76
76
75
75
75
75
74
74
73
74
74
73
73
73
73
73
72
72
72
71
71
71
70
70
71
71
70
70
70
70
70
71
71
72
71
71
72
72
73
73
74
74
75
75
76
76
77
78
78
79
80
81
82
83
84
84
85
85
86
86
88
88
88
89
89
90
90
92
92
93
93
94
94
94
95
96
96
97
97
98
98
98
99
98
98
99
99
99
100
100
99
99
100
100
100
100
100
100
100
99
99
99
98
99
99
98
98
97
97
97
96
96
96
96
96
96
96
96
96
96
96
96
96
96
96
96
96
96
96
96
96
96
95
95
94
95
95
94
94
93
92
91
91
90
89
89
88
88
87
87
86
86
85
85
85
84
84
84
83
82
82
82
81
81
81
80
80
79
78
78
78
78
78
77
77
77
77
76
76
76
75
75
74
74
73
74
73
73
72
72
71
71
72
70
70
71
70
69
69
68
68
68
67
67
67
66
66
66
65
65
65
64
63
62
62
62
61
61
61
60
60
60
59
59
59
58
58
58
57
58
58
57
57
58
57
58
58
58
58
59
58
59
58
59
58
58
58
58
57
57
57
56
56
56
56
55
55
54
55
54
54
53
53
52
52
51
51
51
50
50
50
50
50
50
49
49
50
50
49
49
49
48
48
48
48
48
48
48
47
47
47
47
47
46
46
46
46
46
45
45
45
45
45
44
44
44
44
44
43
43
43
43
42
41
41
41
41
41
41
40
40
39
39
39
39
38
38
38
38
37
37
37
37
37
36
37
36
36
37
37
38
39
39
39
40
41
43
44
45
47
49
51
53
55
56
58
63
66
70
72
75
76
76
77
77
77
78
77
78
79
78
78
78
48
50
51
53
54
58
60
62
64
68
70
72
72
75
77
79
81
82
84
84
82
81
80
75
63
58
50
46
42
39
1
1
1
1
1
1
1
1
1
1
1
1
1
1
1
1
1
1
1
1
1
1
1
1
1
1
1
1
1
1
1
1
1
1
1
1
1
1
1
1
1
1
1
1
1
1
1
1
1
1
1
1
1
1
1
1
1
1
