# Vetor de dados - syn_f003319-2-Pre--left--vetorlinha.txt
# Total de elementos: 768
# Formato: um valor por linha
#==================================================

1
1
1
1
1
1
1
1
1
1
1
1
1
1
1
1
1
1
1
1
1
1
1
1
1
1
1
1
1
1
1
1
1
1
1
1
1
1
1
1
1
1
1
1
1
1
1
1
1
1
1
1
1
1
1
1
1
1
1
1
1
1
1
1
1
1
1
1
1
1
1
1
1
1
1
1
1
1
1
1
1
1
1
1
1
1
1
1
1
1
1
1
1
1
1
1
1
1
1
1
1
1
1
1
1
1
1
1
1
1
1
1
1
1
1
1
1
1
1
1
1
1
1
1
1
1
1
1
1
1
1
1
1
17
25
32
37
40
43
46
49
51
53
55
57
59
61
62
63
64
65
67
67
68
68
69
70
70
70
71
71
71
71
71
71
71
71
71
72
72
73
72
73
74
75
75
75
76
76
76
75
75
74
72
69
67
66
65
64
63
62
61
61
60
60
59
58
58
58
58
58
58
58
57
56
55
53
48
44
42
41
41
41
40
40
41
41
41
42
42
42
43
43
43
44
44
44
45
45
46
46
47
47
48
49
50
51
55
60
147
154
161
168
175
183
191
202
210
214
218
224
229
236
241
248
258
265
277
278
279
278
277
276
274
271
263
262
182
175
168
78
79
80
81
81
82
82
82
82
83
83
84
84
84
84
84
84
83
83
83
83
83
82
82
82
81
80
80
79
79
79
79
79
78
79
79
79
79
79
79
79
79
79
78
78
77
78
78
77
77
77
77
77
76
76
76
76
74
74
74
74
74
72
72
72
72
71
70
69
69
69
67
67
66
66
65
65
64
64
63
63
63
63
63
63
64
66
66
67
68
68
70
72
73
74
75
77
77
78
79
80
82
82
82
84
84
85
85
86
87
88
88
88
88
89
89
89
89
89
90
90
90
89
89
89
89
89
89
89
89
89
88
88
88
88
88
87
87
87
87
86
86
86
84
84
83
83
84
83
83
83
82
83
83
82
82
82
82
81
80
81
80
80
79
79
79
78
77
77
76
75
75
75
74
74
74
74
73
73
73
73
73
73
73
73
73
72
72
72
72
72
71
71
71
71
71
70
70
70
70
70
70
69
69
69
69
69
68
67
67
67
67
67
66
66
65
65
65
64
64
64
64
64
63
63
62
62
62
61
61
61
61
59
59
59
58
58
58
58
56
56
56
55
55
55
54
54
54
53
53
53
53
52
52
52
52
52
51
52
52
53
53
53
53
54
54
55
54
55
55
55
55
55
54
55
55
54
54
54
53
53
53
52
52
52
51
51
51
51
50
50
49
49
49
49
49
49
49
47
47
47
48
48
48
49
49
49
49
49
49
49
49
49
49
50
50
50
50
50
49
49
49
49
49
48
48
48
47
47
47
47
47
46
45
45
45
45
44
43
43
43
42
41
41
40
40
40
38
38
38
38
37
36
36
35
35
35
35
34
33
33
34
33
33
33
34
34
35
34
34
35
36
37
38
38
40
41
43
45
48
50
52
55
56
58
60
66
70
71
72
75
78
80
81
84
84
83
84
84
84
79
46
49
51
53
57
61
64
68
72
74
78
81
84
87
87
88
87
86
85
84
83
81
78
62
53
47
40
38
1
1
1
1
1
1
1
1
1
1
1
1
1
1
1
1
1
1
1
1
1
1
1
1
1
1
1
1
1
1
1
1
1
1
1
1
1
1
1
1
1
1
1
1
1
1
1
1
1
1
1
1
1
1
1
1
1
1
1
1
1
1
1
1
1
1
1
1
1
