# Vetor de dados - syn_f003984-2-Pre--front--vetorlinha.txt
# Total de elementos: 768
# Formato: um valor por linha
#==================================================

1
1
1
1
1
1
1
1
1
1
1
1
1
1
1
1
1
1
1
1
1
1
1
1
1
1
1
1
1
1
1
1
1
1
1
1
1
1
1
1
1
1
1
1
1
1
1
1
1
1
1
1
1
1
1
1
1
1
1
1
1
1
1
1
1
1
1
1
1
1
1
1
1
1
1
1
1
1
1
1
1
1
1
1
1
1
1
1
1
1
1
1
1
1
1
1
1
1
1
1
1
1
1
1
1
1
1
1
1
1
1
1
1
1
1
1
1
1
1
1
1
1
1
1
1
1
1
1
1
8
19
25
29
33
37
39
41
43
45
47
48
49
50
52
52
54
56
56
56
58
58
58
60
60
60
60
60
60
60
60
60
60
60
60
60
60
60
60
62
67
67
68
68
67
67
66
66
65
65
64
63
62
62
60
58
58
56
53
49
48
47
47
47
47
46
45
44
43
41
41
40
40
40
40
40
39
39
39
39
39
39
39
39
39
40
41
44
48
52
56
59
71
119
132
183
198
288
303
318
338
415
429
442
461
480
512
535
540
547
556
562
575
591
584
571
569
571
571
570
568
548
461
457
449
441
432
317
298
257
243
188
162
157
154
152
150
148
147
146
146
144
144
143
142
141
141
139
139
138
137
136
135
134
134
132
132
131
131
130
129
129
127
126
126
124
123
123
121
121
121
119
119
118
117
116
116
114
113
112
111
109
109
107
107
106
105
105
105
105
105
105
106
106
106
106
106
105
105
105
105
105
105
105
105
103
103
103
103
103
104
104
104
104
103
103
103
103
102
101
101
101
100
100
99
100
100
100
101
101
102
103
104
106
108
111
113
115
117
118
120
121
122
124
125
126
126
128
128
129
130
130
131
132
132
132
132
132
134
134
134
134
134
135
135
136
136
137
137
137
137
139
139
139
141
141
141
143
143
144
145
145
146
147
147
148
149
149
151
151
151
153
153
153
154
154
154
155
155
155
156
156
156
156
156
156
157
157
156
156
156
156
156
156
156
155
155
154
154
154
154
154
154
154
153
152
152
152
152
150
150
150
150
150
149
148
148
148
146
146
146
144
144
144
142
142
142
140
140
138
138
136
136
134
134
132
132
131
130
130
129
128
128
127
126
125
124
124
123
122
122
120
120
120
119
118
118
117
116
116
116
114
114
114
113
112
112
112
112
111
111
111
110
110
110
110
110
110
109
108
108
108
108
108
108
107
107
107
107
106
106
106
106
106
106
106
106
106
106
106
106
107
108
108
108
108
110
110
110
110
110
111
112
112
112
113
113
114
114
114
114
114
114
115
115
115
115
115
115
115
115
115
115
115
115
115
115
114
114
114
113
113
113
113
113
112
112
111
111
111
111
110
110
109
109
109
108
108
107
107
107
106
106
105
105
105
104
103
103
103
102
102
102
102
101
100
100
100
100
99
99
98
98
98
98
97
96
96
96
95
94
94
94
93
93
93
93
91
91
91
91
91
91
91
91
92
93
93
93
93
93
92
92
92
92
92
93
93
94
94
95
96
96
97
98
99
100
102
102
104
106
106
108
108
110
110
112
112
113
112
112
111
111
111
110
108
104
102
100
96
92
88
39
1
1
1
1
1
1
1
1
1
1
1
1
1
1
1
1
1
1
1
1
1
1
1
1
1
1
1
1
1
1
1
1
1
1
1
1
1
1
1
1
1
1
1
1
1
1
1
1
1
1
1
1
1
1
1
1
1
1
1
1
1
1
1
1
1
1
