# Vetor de dados - syn_f000520-2-Pre--front--vetorcoluna.txt
# Total de elementos: 1024
# Formato: um valor por linha
#==================================================

1
1
1
1
1
1
1
1
1
1
1
1
1
1
1
1
1
1
1
1
1
1
1
1
1
1
1
1
1
1
1
1
1
1
1
1
1
1
1
1
1
1
1
1
1
1
1
1
1
1
1
1
1
1
1
1
1
1
1
1
1
1
1
1
1
1
1
1
1
1
1
1
1
1
1
1
1
1
1
1
1
1
1
1
1
1
1
1
1
1
1
1
1
1
1
1
1
1
1
1
1
1
1
1
1
1
1
1
1
1
1
1
1
1
1
1
1
1
1
1
1
1
1
1
1
1
1
1
1
1
1
1
1
1
1
1
1
1
1
1
1
1
1
1
1
1
1
1
1
1
1
1
1
1
1
1
1
1
1
1
1
1
1
1
1
1
1
1
1
1
1
1
1
1
1
1
1
1
1
1
1
1
1
1
1
1
1
1
1
1
1
1
1
1
1
1
1
1
1
1
1
1
1
1
1
1
1
1
1
1
1
1
1
1
1
1
1
1
1
1
1
1
1
1
1
1
1
1
1
1
1
1
1
1
1
1
16
17
18
19
20
20
20
20
20
20
20
20
19
19
19
19
20
20
20
20
20
20
20
20
21
21
21
21
21
22
22
22
21
21
22
21
21
21
21
21
22
22
22
22
22
22
22
22
22
22
22
22
22
22
22
22
22
22
22
22
23
23
23
23
24
24
24
25
25
25
25
26
26
26
27
27
27
27
28
29
29
30
30
30
30
30
32
32
32
32
32
33
33
33
33
33
33
33
35
35
35
35
35
35
35
35
35
35
35
35
35
35
35
36
36
36
36
36
35
35
35
35
34
33
33
33
33
33
33
33
33
33
33
33
33
33
34
34
34
34
34
34
35
35
35
35
35
35
36
36
36
36
36
36
37
37
37
37
37
37
37
37
38
38
38
38
38
38
38
38
38
38
38
38
39
40
40
40
40
40
40
40
40
40
41
41
41
41
41
41
41
42
43
43
43
43
43
44
45
45
46
47
49
51
53
54
56
57
59
60
61
63
64
66
67
69
69
288
291
294
297
300
304
385
388
391
395
398
402
405
410
415
484
484
483
484
485
486
486
486
486
485
485
487
489
489
490
490
490
489
487
483
558
495
491
487
484
480
477
472
467
458
432
426
423
419
415
411
407
397
373
360
349
333
329
347
355
361
366
374
381
388
395
405
409
411
414
417
422
426
458
467
472
476
480
485
488
490
493
498
457
486
489
489
490
489
489
488
488
487
485
486
486
487
486
486
485
484
485
485
485
484
407
402
398
394
389
386
382
297
292
288
284
68
64
62
61
59
58
57
56
54
53
51
49
48
47
45
44
44
43
42
42
41
41
40
39
39
39
39
39
38
38
37
37
37
37
37
36
36
36
37
37
37
36
36
36
36
36
36
36
35
35
35
35
35
35
35
34
34
34
34
35
35
35
35
34
34
34
34
34
34
33
33
33
33
33
33
33
34
33
33
33
33
33
34
34
34
34
34
34
35
35
35
35
35
35
36
36
35
36
36
36
35
35
35
35
35
35
35
35
35
35
34
34
34
34
34
33
33
33
32
32
32
32
32
32
31
30
30
30
30
30
30
29
29
29
28
28
28
28
27
27
27
27
26
26
26
25
25
25
25
24
24
24
24
24
23
23
23
22
22
22
22
22
22
22
22
22
21
21
21
20
20
20
20
21
21
20
20
21
20
21
22
22
22
22
22
21
22
22
22
21
21
21
21
20
20
20
21
21
19
19
20
21
21
21
22
22
22
22
23
23
23
23
23
22
22
21
13
13
13
13
13
13
13
13
13
13
14
14
14
14
14
14
14
14
14
14
13
13
12
1
1
1
1
1
1
1
1
1
1
1
1
1
1
1
1
1
1
1
1
1
1
1
1
1
1
1
1
1
1
1
1
1
1
1
1
1
1
1
1
1
1
1
1
1
1
1
1
1
1
1
1
1
1
1
1
1
1
1
1
1
1
1
1
1
1
1
1
1
1
1
1
1
1
1
1
1
1
1
1
1
1
1
1
1
1
1
1
1
1
1
1
1
1
1
1
1
1
1
1
1
1
1
1
1
1
1
1
1
1
1
1
1
1
1
1
1
1
1
1
1
1
1
1
1
1
1
1
1
1
1
1
1
1
1
1
1
1
1
1
1
1
1
1
1
1
1
1
1
1
1
1
1
1
1
1
1
1
1
1
1
1
1
1
1
1
1
1
1
1
1
1
1
1
1
1
1
1
1
1
1
1
1
1
1
1
1
1
1
1
1
1
1
1
1
1
1
1
1
1
1
1
1
1
1
1
1
1
1
1
1
1
1
1
1
1
