# Vetor de dados - syn_f004873-3-Pre--left--vetorlinha.txt
# Total de elementos: 768
# Formato: um valor por linha
#==================================================

1
1
1
1
1
1
1
1
1
1
1
1
1
1
1
1
1
1
1
1
1
1
1
1
1
1
1
1
1
1
1
1
1
1
1
1
1
1
1
1
1
1
1
1
1
1
1
1
1
1
1
1
1
1
1
1
1
1
1
1
1
1
1
1
1
1
1
1
1
1
1
1
1
1
1
1
1
1
1
1
1
1
1
1
1
1
1
1
1
8
23
31
36
41
44
48
51
54
56
58
60
62
64
66
68
69
71
72
73
74
75
76
77
78
79
79
79
80
80
80
80
80
80
81
81
81
81
81
81
81
80
80
80
80
80
81
81
81
82
82
82
83
82
83
82
83
81
80
78
76
73
72
71
71
70
69
68
68
68
66
65
65
64
64
63
63
64
64
63
62
61
58
56
53
51
50
50
49
49
49
49
49
49
49
50
50
51
51
52
53
54
53
54
55
56
55
56
56
57
57
57
61
65
68
174
182
190
197
202
208
216
223
231
247
250
254
258
263
270
277
283
287
300
307
315
327
328
328
327
326
325
322
320
310
309
307
286
208
199
187
106
99
90
90
91
92
92
93
93
92
93
93
93
94
94
94
93
94
94
95
95
95
94
95
95
95
95
95
95
94
94
94
94
94
94
92
92
92
91
91
91
89
88
87
86
85
84
83
82
81
81
81
81
80
80
81
80
80
80
80
79
79
78
78
77
76
76
76
76
76
75
75
75
75
75
74
74
73
73
72
72
72
72
72
72
72
72
72
73
73
73
74
74
74
75
75
75
75
75
76
76
75
75
76
77
77
78
78
79
79
81
81
82
82
83
83
84
84
84
85
86
87
87
87
87
88
88
88
88
90
90
90
90
90
91
91
91
91
91
91
91
91
91
91
91
91
91
91
90
89
89
89
89
88
88
88
86
86
86
85
84
84
83
83
83
83
82
82
82
81
81
80
80
79
78
77
78
76
76
75
74
73
72
72
71
71
70
70
70
70
70
70
70
70
70
70
70
70
70
71
71
71
71
71
70
70
70
70
71
71
71
71
71
70
70
70
70
70
70
71
70
70
70
69
70
69
70
69
69
68
68
68
68
67
67
67
67
67
67
67
66
66
65
65
65
65
65
65
63
63
63
63
63
62
61
61
61
60
60
59
59
59
58
58
57
57
56
56
55
55
55
54
54
53
53
53
53
53
53
53
51
51
51
51
51
51
51
51
51
51
51
51
51
51
51
51
51
51
52
52
52
53
53
53
54
54
55
54
54
55
54
55
55
56
55
56
56
56
55
56
55
55
55
55
55
55
55
55
54
55
54
53
53
53
53
52
52
51
52
51
51
51
51
51
51
51
51
50
50
50
50
50
50
50
49
49
49
49
49
49
50
50
49
49
49
50
49
49
49
49
48
48
48
48
48
48
48
48
47
47
47
46
46
46
46
46
45
45
45
45
44
44
44
44
44
43
43
43
43
42
42
42
42
41
41
41
40
40
40
40
40
39
39
39
39
38
38
38
38
38
38
37
37
37
37
37
37
37
37
36
36
36
36
37
37
38
39
40
41
43
44
46
48
50
52
55
57
60
62
63
66
68
70
75
79
81
84
86
87
89
91
92
92
93
93
93
93
93
86
62
65
67
70
74
79
83
86
91
94
97
100
102
102
103
101
100
99
95
95
94
91
67
56
50
45
41
34
1
1
1
1
1
1
1
1
1
1
1
1
1
1
1
1
1
1
1
1
1
1
1
1
1
1
1
1
1
1
1
