# Vetor de dados - syn_f000049-0-Pre--front--vetorlinha.txt
# Total de elementos: 768
# Formato: um valor por linha
#==================================================

1
1
1
1
1
1
1
1
1
1
1
1
1
1
1
1
1
1
1
1
1
1
1
1
1
1
1
1
1
1
1
1
1
1
1
1
1
1
1
1
1
1
1
1
1
1
1
1
1
1
1
1
1
1
1
1
1
1
1
1
1
1
1
1
1
1
1
1
1
1
1
1
1
1
1
1
1
1
1
1
1
1
1
1
1
1
1
1
1
1
1
1
1
1
1
1
1
1
1
1
1
1
1
1
1
1
1
1
1
1
1
1
1
5
20
24
28
32
36
38
40
42
44
46
48
50
51
52
53
54
56
57
58
58
59
60
60
61
62
62
62
62
62
62
62
62
62
62
62
62
62
62
64
68
70
70
70
70
70
69
69
69
68
67
67
67
66
65
63
62
61
60
56
53
51
50
50
49
48
48
48
48
48
48
48
48
48
48
48
48
48
48
48
47
47
48
48
47
48
49
51
56
61
65
71
80
89
98
108
129
435
464
499
518
545
571
578
614
615
614
613
611
604
590
584
573
567
567
568
568
567
505
500
495
416
407
398
388
378
367
353
342
335
324
266
249
234
216
198
178
170
167
163
161
159
158
156
154
153
152
151
150
148
148
146
144
143
142
141
140
139
138
137
136
135
135
134
134
134
134
134
134
134
134
134
134
134
132
132
132
131
131
130
129
128
126
124
122
121
120
120
120
120
120
121
120
120
120
120
120
119
118
118
118
118
117
117
117
117
117
117
117
117
118
118
118
118
119
120
120
121
122
122
122
123
123
124
124
124
124
124
124
125
125
125
125
125
127
127
127
128
128
129
130
130
132
132
134
134
135
136
136
137
138
138
139
140
140
140
141
141
141
141
142
142
142
142
141
141
141
141
141
141
141
141
141
141
141
141
141
141
140
140
141
140
140
140
140
140
140
140
140
140
140
140
141
142
142
142
142
142
142
142
142
143
142
142
142
142
142
142
142
142
141
142
142
142
141
141
141
141
140
140
140
140
140
140
138
138
138
138
138
137
136
136
136
136
135
134
134
134
134
133
133
132
132
131
131
131
129
129
129
129
128
128
127
127
126
126
125
124
124
123
123
122
122
121
121
120
119
119
119
119
117
117
117
117
116
115
115
115
114
113
113
113
113
112
112
111
111
111
111
110
110
110
109
109
109
109
108
108
108
108
108
108
108
108
108
108
108
108
108
108
108
108
108
108
108
108
108
108
108
108
108
108
107
107
107
107
107
106
106
106
106
106
106
106
106
106
106
107
108
108
108
108
108
108
109
109
109
110
110
110
111
111
111
111
111
112
112
112
112
112
112
112
112
112
112
112
112
112
112
112
112
112
112
111
110
110
110
110
110
110
110
110
108
108
108
108
108
108
107
106
106
106
106
106
106
105
105
104
104
104
104
104
103
103
102
102
102
102
102
102
102
100
100
100
100
100
100
99
98
98
98
98
97
97
97
96
96
95
95
95
95
94
94
93
93
93
93
93
93
93
93
91
91
91
91
92
93
93
93
93
93
93
94
94
94
94
94
94
94
94
94
94
95
95
96
96
97
98
99
99
100
101
102
103
104
105
107
108
109
111
111
113
114
115
116
117
117
117
117
117
116
116
114
113
112
109
107
103
100
91
42
1
1
1
1
1
1
1
1
1
1
1
1
1
1
1
1
1
1
1
1
1
1
1
1
1
1
1
1
1
1
1
1
1
1
1
1
1
1
1
1
1
1
1
1
1
1
1
1
1
1
1
1
1
1
