# Vetor de dados - syn_f003529-2-Pre--front--vetorlinha.txt
# Total de elementos: 768
# Formato: um valor por linha
#==================================================

1
1
1
1
1
1
1
1
1
1
1
1
1
1
1
1
1
1
1
1
1
1
1
1
1
1
1
1
1
1
1
1
1
1
1
1
1
1
1
1
1
1
1
1
1
1
1
1
1
1
1
1
1
1
1
1
1
1
1
1
1
1
1
1
1
1
1
1
1
1
1
1
1
1
1
1
1
1
1
1
1
1
1
1
1
1
1
1
1
1
1
1
1
1
1
12
23
27
30
34
37
39
41
43
45
47
49
49
51
53
53
55
56
57
57
58
59
59
60
61
61
61
61
62
62
63
63
62
62
62
62
61
61
61
61
62
66
69
69
69
69
69
69
69
68
67
67
66
65
65
64
63
61
60
59
55
53
50
50
50
49
48
48
47
46
44
43
43
42
42
41
41
41
41
41
41
41
41
41
41
41
41
41
41
42
42
42
44
47
50
53
56
59
65
100
109
140
148
157
165
172
179
187
197
208
221
233
246
256
313
327
384
394
405
415
426
439
450
460
471
480
491
499
506
512
519
527
536
543
556
568
578
591
602
608
614
622
621
619
597
599
598
595
374
372
370
149
146
144
142
140
140
138
137
136
135
135
133
131
129
127
125
124
123
122
120
120
118
118
118
117
116
116
115
114
113
112
112
111
110
109
108
108
106
106
105
103
103
101
101
101
101
102
102
102
102
102
103
103
103
104
104
104
104
104
104
104
104
103
102
103
103
103
103
102
102
102
102
101
101
101
101
101
101
101
101
101
101
101
101
101
101
101
102
102
103
103
103
103
104
106
108
109
111
113
114
116
117
119
120
121
123
124
125
126
127
128
129
130
131
132
132
133
133
135
135
135
135
136
136
137
137
137
137
137
137
137
137
137
137
137
137
137
137
137
137
137
137
137
138
139
139
139
139
139
139
139
140
141
141
141
142
142
143
143
143
145
145
145
145
147
147
147
148
149
149
149
149
149
150
150
151
151
151
151
151
152
152
152
152
152
152
152
152
151
151
151
151
151
151
151
150
150
150
150
150
150
149
149
149
149
148
148
147
147
147
147
147
147
147
145
145
145
145
145
144
143
143
143
142
142
141
141
140
140
139
139
138
137
137
137
136
135
135
134
133
133
133
131
131
131
130
129
129
128
128
128
127
126
126
126
126
124
124
124
124
124
122
122
122
122
121
121
120
120
120
119
119
119
119
118
118
118
118
118
118
118
118
118
118
118
118
118
118
118
118
118
118
119
119
119
119
119
119
119
119
119
119
119
119
119
119
119
119
119
119
119
119
119
120
120
120
121
121
121
121
121
121
121
121
123
123
123
123
123
123
123
125
125
125
125
125
125
125
125
125
125
125
125
125
125
125
125
125
125
125
125
125
125
124
124
123
123
123
123
123
122
121
121
121
121
120
120
119
119
119
118
117
117
117
116
116
115
114
114
114
113
112
112
112
112
111
110
110
110
109
108
108
108
108
108
107
106
106
106
106
106
105
105
104
104
104
104
104
103
103
103
103
103
102
101
101
101
101
101
101
101
101
101
101
102
102
102
103
103
103
103
103
103
103
103
103
103
103
104
104
104
105
105
105
105
107
107
107
108
108
109
109
111
112
113
114
115
117
117
119
119
121
121
122
123
124
124
124
124
124
124
124
124
122
121
118
116
114
111
109
104
53
52
51
48
47
1
1
1
1
1
1
1
1
1
1
1
1
1
1
1
1
1
1
1
1
1
1
1
1
1
1
1
1
1
1
1
1
1
1
1
1
