# Vetor de dados - syn_f000978-3-Pre--front--vetorcoluna.txt
# Total de elementos: 1024
# Formato: um valor por linha
#==================================================

1
1
1
1
1
1
1
1
1
1
1
1
1
1
1
1
1
1
1
1
1
1
1
1
1
1
1
1
1
1
1
1
1
1
1
1
1
1
1
1
1
1
1
1
1
1
1
1
1
1
1
1
1
1
1
1
1
1
1
1
1
1
1
1
1
1
1
1
1
1
1
1
1
1
1
1
1
1
1
1
1
1
1
1
1
1
1
1
1
1
1
1
1
1
1
1
1
1
1
1
1
1
1
1
1
1
1
1
1
1
1
1
1
1
1
1
1
1
1
1
1
1
1
1
1
1
1
1
1
1
1
1
1
1
1
1
1
1
1
1
1
1
1
1
1
1
1
1
1
1
1
1
1
1
1
1
1
1
1
1
1
1
1
1
1
1
1
1
1
1
1
1
1
1
1
1
1
1
1
1
1
1
1
1
1
1
1
1
1
1
1
1
1
1
1
1
1
1
1
1
1
1
1
1
1
1
1
1
1
1
1
1
1
1
1
1
1
1
1
1
1
1
1
6
8
8
8
8
8
8
8
8
8
8
8
8
8
8
8
8
9
9
10
10
16
16
17
17
18
18
18
18
18
18
18
18
17
17
18
18
17
17
17
18
18
18
20
19
19
19
20
20
19
19
20
19
18
18
18
18
17
17
17
17
18
18
18
18
18
18
18
18
20
20
20
20
20
22
22
22
22
23
23
23
24
24
25
25
25
25
26
27
27
27
27
28
28
28
29
30
30
30
30
31
31
31
31
31
32
32
32
32
32
32
32
33
33
33
33
33
33
33
33
34
34
34
34
34
34
35
35
35
35
35
35
35
35
35
35
35
35
35
35
35
35
35
35
35
34
34
34
34
33
34
34
34
34
33
33
33
33
33
33
33
33
33
33
33
33
34
34
34
34
34
35
35
35
35
35
35
36
36
36
36
36
36
36
37
37
37
36
36
36
36
36
36
36
36
36
36
37
37
38
38
38
38
39
39
39
39
40
40
40
40
41
42
42
42
43
43
45
45
45
46
47
47
48
50
53
57
60
62
63
65
285
289
293
298
306
315
403
407
411
416
421
426
432
504
504
504
504
504
505
506
506
506
506
505
506
507
508
509
509
510
511
510
510
508
471
441
436
505
502
498
493
487
435
431
428
425
423
417
404
395
391
382
367
361
354
347
339
338
346
351
355
358
363
368
380
391
397
414
421
425
427
431
486
492
496
500
504
508
510
513
441
448
506
508
509
509
510
510
509
509
509
508
507
508
508
507
508
507
506
506
506
505
434
429
425
419
414
409
405
401
321
312
304
299
294
291
287
61
60
59
56
54
53
51
50
48
47
46
46
45
45
44
43
43
43
41
41
40
40
40
40
39
38
38
38
38
37
37
37
37
37
37
37
37
37
37
37
37
36
36
36
36
36
36
36
36
36
36
36
36
36
35
35
35
35
35
35
35
35
35
34
34
34
34
34
34
34
34
34
34
34
34
34
34
34
35
35
35
35
35
35
35
35
35
35
35
35
35
35
35
35
35
35
34
34
34
34
34
35
34
35
34
34
34
34
34
34
34
34
33
33
33
33
33
33
33
32
32
32
32
32
32
31
31
30
30
30
30
30
29
29
28
28
28
28
27
27
26
26
26
26
26
26
25
25
25
25
25
25
25
25
25
24
24
24
24
24
24
24
24
24
24
24
24
24
24
24
23
23
23
23
22
22
22
22
21
21
21
21
20
20
20
20
19
19
19
19
19
19
18
18
18
18
19
19
20
18
19
19
19
19
19
19
19
18
17
17
1
1
1
1
1
1
1
1
1
1
1
1
1
1
1
1
1
1
1
1
1
1
1
1
1
1
1
1
1
1
1
1
1
1
1
1
1
1
1
1
1
1
1
1
1
1
1
1
1
1
1
1
1
1
1
1
1
1
1
1
1
1
1
1
1
1
1
1
1
1
1
1
1
1
1
1
1
1
1
1
1
1
1
1
1
1
1
1
1
1
1
1
1
1
1
1
1
1
1
1
1
1
1
1
1
1
1
1
1
1
1
1
1
1
1
1
1
1
1
1
1
1
1
1
1
1
1
1
1
1
1
1
1
1
1
1
1
1
1
1
1
1
1
1
1
1
1
1
1
1
1
1
1
1
1
1
1
1
1
1
1
1
1
1
1
1
1
1
1
1
1
1
1
1
1
1
1
1
1
1
1
1
1
1
1
1
1
1
1
1
1
1
1
1
1
1
1
1
1
1
1
1
1
1
1
1
1
1
1
1
1
1
1
1
1
1
1
1
1
1
1
1
1
1
1
1
1
1
1
1
1
1
1
1
1
1
1
1
1
1
1
1
1
