# Vetor de dados - syn_f000869-1-Pre--left--vetorcoluna.txt
# Total de elementos: 1024
# Formato: um valor por linha
#==================================================

1
1
1
1
1
1
1
1
1
1
1
1
1
1
1
1
1
1
1
1
1
1
1
1
1
1
1
1
1
1
1
1
1
1
1
1
1
1
1
1
1
1
1
1
1
1
1
1
1
1
1
1
1
1
1
1
1
1
1
1
1
1
1
1
1
1
1
1
1
1
1
1
1
1
1
1
1
1
1
1
1
1
1
1
1
1
1
1
1
1
1
1
1
1
1
1
1
1
1
1
1
1
1
1
1
1
1
1
1
1
1
1
1
1
1
1
1
1
1
1
1
1
1
1
1
1
1
1
1
1
1
1
1
1
1
1
1
1
1
1
1
1
1
1
1
1
1
1
1
1
1
1
1
1
1
1
1
1
1
1
1
1
1
1
1
1
1
1
1
1
1
1
1
1
1
1
1
1
1
1
1
1
1
1
1
1
1
1
1
1
1
1
1
1
1
1
1
1
1
1
1
1
1
1
1
1
1
1
1
1
1
1
1
1
1
1
1
1
1
1
1
1
1
1
1
1
1
1
1
1
1
1
1
1
1
1
1
1
1
1
1
1
1
1
5
6
8
8
8
8
8
8
9
12
12
12
12
10
12
12
12
12
12
13
14
16
15
15
16
16
16
16
16
15
16
16
16
16
16
15
15
16
16
16
16
17
18
18
18
20
20
20
20
21
21
21
20
20
21
21
21
21
22
22
22
23
23
22
22
23
23
23
24
23
23
23
23
23
22
23
22
22
22
21
22
22
22
23
23
23
24
24
25
25
25
25
26
26
27
27
27
27
28
28
28
28
28
28
30
30
30
30
30
31
31
31
31
31
33
33
33
33
34
34
34
34
35
35
35
35
35
36
36
36
36
37
37
37
37
37
37
38
38
38
38
38
39
39
39
39
39
39
40
40
40
40
40
40
40
40
41
42
42
42
42
42
41
41
41
41
41
41
41
41
41
40
40
40
40
40
39
39
39
39
39
39
38
38
38
38
38
38
37
37
37
37
37
36
36
37
37
37
37
37
38
37
38
38
38
38
39
39
39
39
39
39
39
40
40
40
40
40
186
188
190
192
194
195
236
244
249
254
259
263
266
270
274
277
281
284
289
380
388
394
399
404
409
412
416
420
423
428
432
437
444
452
458
461
464
466
469
472
474
478
481
483
487
489
492
497
509
520
527
533
642
642
642
642
642
642
642
642
642
642
642
641
641
641
641
641
640
640
640
639
639
638
638
637
637
636
635
635
634
634
633
632
631
630
542
541
540
539
244
241
239
237
234
231
228
105
99
95
90
84
79
72
65
59
50
40
28
12
1
1
1
1
1
1
1
1
1
1
1
1
1
1
1
1
1
1
1
1
1
1
1
1
1
1
1
1
1
1
1
1
1
1
1
1
1
1
1
1
1
1
1
1
1
1
1
1
1
1
1
1
1
1
1
1
1
1
1
1
1
1
1
1
1
1
1
1
1
1
1
1
1
1
1
1
1
1
1
1
1
1
1
1
1
1
1
1
1
1
1
1
1
1
1
1
1
1
1
1
1
1
1
1
1
1
1
1
1
1
1
1
1
1
1
1
1
1
1
1
1
1
1
1
1
1
1
1
1
1
1
1
1
1
1
1
1
1
1
1
1
1
1
1
1
1
1
1
1
1
1
1
1
1
1
1
1
1
1
1
1
1
1
1
1
1
1
1
1
1
1
1
1
1
1
1
1
1
1
1
1
1
1
1
1
1
1
1
1
1
1
1
1
1
1
1
1
1
1
1
1
1
1
1
1
1
1
1
1
1
1
1
1
1
1
1
1
1
1
1
1
1
1
1
1
1
1
1
1
1
1
1
1
1
1
1
1
1
1
1
1
1
1
1
1
1
1
1
1
1
1
1
1
1
1
1
1
1
1
1
1
1
1
1
1
1
1
1
1
1
1
1
1
1
1
1
1
1
1
1
1
1
1
1
1
1
1
1
1
1
1
1
1
1
1
1
1
1
1
1
1
1
1
1
1
1
1
1
1
1
1
1
1
1
1
1
1
1
1
1
1
1
1
1
1
1
1
1
1
1
1
1
1
1
1
1
1
1
1
1
1
1
1
1
1
1
1
1
1
1
1
1
1
1
1
1
1
1
1
1
1
1
1
1
1
1
1
1
1
1
1
1
1
1
1
1
1
1
1
1
1
1
1
1
1
1
1
1
1
1
1
1
1
1
1
1
1
1
1
1
1
1
1
1
1
1
1
1
1
1
1
1
1
1
1
1
1
1
1
1
1
1
1
1
1
1
1
1
1
1
1
1
1
1
1
1
1
1
1
1
1
1
1
1
1
1
1
1
1
1
1
1
