# Vetor de dados - syn_f004350-1-Pre--front--vetorcoluna.txt
# Total de elementos: 1024
# Formato: um valor por linha
#==================================================

1
1
1
1
1
1
1
1
1
1
1
1
1
1
1
1
1
1
1
1
1
1
1
1
1
1
1
1
1
1
1
1
1
1
1
1
1
1
1
1
1
1
1
1
1
1
1
1
1
1
1
1
1
1
1
1
1
1
1
1
1
1
1
1
1
1
1
1
1
1
1
1
1
1
1
1
1
1
1
1
1
1
1
1
1
1
1
1
1
1
1
1
1
1
1
1
1
1
1
1
1
1
1
1
1
1
1
1
1
1
1
1
1
1
1
1
1
1
1
1
1
1
1
1
1
1
1
1
1
1
1
1
1
1
1
1
1
1
1
1
1
1
1
1
1
1
1
1
1
1
1
1
1
1
1
1
1
1
1
1
1
1
1
1
1
1
1
1
1
1
1
1
1
1
1
1
1
1
1
1
1
1
1
1
1
1
1
1
1
1
1
1
1
1
1
1
1
1
1
1
1
1
1
1
1
1
1
1
1
1
1
1
1
1
1
1
1
1
1
1
1
1
1
1
1
1
1
1
1
1
1
1
1
1
1
1
14
14
14
14
16
18
19
20
20
20
20
20
20
20
19
19
19
19
20
20
20
20
20
19
19
19
20
21
21
21
21
21
22
22
22
21
21
22
21
21
21
21
19
19
20
20
20
20
21
21
21
21
21
21
21
21
21
21
21
21
21
22
22
22
23
23
23
23
24
24
24
24
26
26
26
27
27
27
27
28
28
28
28
28
30
30
30
30
31
31
31
31
32
33
33
33
33
33
34
34
34
34
34
34
35
35
36
36
35
35
36
35
35
37
37
36
37
37
38
38
37
37
37
38
38
38
38
38
38
38
38
37
38
38
38
38
38
38
39
39
38
38
38
38
38
38
38
39
39
39
39
38
38
38
39
39
39
39
39
40
40
40
40
40
40
41
41
41
41
41
41
42
42
42
42
43
43
43
43
43
43
44
44
44
44
44
44
44
45
45
44
44
45
45
45
45
45
45
45
45
46
46
46
47
47
48
47
49
52
56
60
66
81
85
88
89
91
271
274
276
279
283
288
295
303
310
385
389
393
398
403
407
413
480
482
482
482
483
484
484
484
485
485
484
484
484
485
487
487
487
487
563
564
563
542
538
495
491
487
483
478
475
470
467
458
430
427
425
422
420
418
416
414
411
404
391
377
374
384
396
406
411
414
415
417
420
422
424
426
458
465
471
475
480
485
489
493
496
498
501
562
563
485
486
485
485
484
483
482
481
480
480
481
482
481
481
481
479
479
479
479
478
408
404
400
396
391
387
383
304
293
288
284
280
277
274
272
271
90
90
89
87
86
82
65
61
57
55
52
50
48
46
45
44
45
44
44
44
44
44
44
43
43
43
43
43
43
42
42
42
42
42
42
42
42
42
42
41
41
41
41
41
41
40
40
40
40
40
40
39
39
39
39
39
39
39
38
38
38
38
38
38
38
39
39
39
39
39
39
39
39
39
39
39
39
39
40
40
40
39
39
39
39
39
39
40
39
39
39
39
38
38
38
38
37
37
37
37
36
36
36
36
36
36
35
35
35
35
35
34
34
34
34
34
33
32
32
32
32
31
31
31
31
31
30
30
30
30
30
29
29
29
28
27
27
27
27
26
26
26
26
26
25
25
25
25
25
25
25
25
24
24
24
24
23
23
23
23
23
23
23
23
23
23
24
24
24
23
23
23
23
22
22
23
22
22
23
23
23
22
22
22
22
22
21
21
21
21
21
21
21
21
19
19
20
20
21
21
21
21
21
20
20
21
19
21
20
18
17
1
1
1
1
1
1
1
1
1
1
1
1
1
1
1
1
1
1
1
1
1
1
1
1
1
1
1
1
1
1
1
1
1
1
1
1
1
1
1
1
1
1
1
1
1
1
1
1
1
1
1
1
1
1
1
1
1
1
1
1
1
1
1
1
1
1
1
1
1
1
1
1
1
1
1
1
1
1
1
1
1
1
1
1
1
1
1
1
1
1
1
1
1
1
1
1
1
1
1
1
1
1
1
1
1
1
1
1
1
1
1
1
1
1
1
1
1
1
1
1
1
1
1
1
1
1
1
1
1
1
1
1
1
1
1
1
1
1
1
1
1
1
1
1
1
1
1
1
1
1
1
1
1
1
1
1
1
1
1
1
1
1
1
1
1
1
1
1
1
1
1
1
1
1
1
1
1
1
1
1
1
1
1
1
1
1
1
1
1
1
1
1
1
1
1
1
1
1
1
1
1
1
1
1
1
1
1
1
1
1
1
1
1
1
1
1
1
1
1
1
1
1
1
1
1
1
1
1
1
1
1
1
1
1
1
1
1
1
1
