# Vetor de dados - syn_f001324-3-Pre--front--vetorlinha.txt
# Total de elementos: 768
# Formato: um valor por linha
#==================================================

1
1
1
1
1
1
1
1
1
1
1
1
1
1
1
1
1
1
1
1
1
1
1
1
1
1
1
1
1
1
1
1
1
1
1
1
1
1
1
1
1
1
1
1
1
1
1
1
1
1
1
1
1
1
1
1
1
1
1
1
1
1
1
1
1
1
1
1
1
1
1
1
1
1
1
1
1
1
1
1
1
1
1
1
1
1
1
1
1
1
1
1
1
1
1
1
1
1
1
1
1
1
1
1
17
24
28
32
36
38
40
42
44
46
48
50
51
52
53
55
55
57
59
59
59
61
61
61
63
63
63
63
63
64
64
64
64
63
63
63
63
63
63
63
64
68
71
72
72
72
72
71
71
71
70
69
69
68
68
67
66
65
64
63
62
58
55
54
53
53
52
52
50
50
48
48
47
47
47
47
47
47
47
47
47
47
48
48
48
49
50
51
53
57
61
65
69
72
76
80
85
135
194
206
232
250
330
343
355
369
386
439
461
472
481
490
502
513
525
546
568
574
579
583
585
588
589
589
575
577
583
587
597
605
611
550
545
540
534
528
521
514
488
481
476
400
394
296
289
174
170
167
166
164
163
163
162
161
161
159
159
158
158
157
156
155
154
152
152
151
151
149
149
148
148
147
146
146
145
145
144
144
142
142
142
141
140
139
139
138
137
137
136
134
134
133
131
129
127
126
125
125
125
124
124
123
124
124
124
124
125
125
125
125
125
125
125
125
125
125
125
125
126
126
126
126
127
127
127
127
127
127
125
125
125
124
123
122
122
122
124
124
125
127
127
129
130
131
133
134
135
136
138
138
140
140
141
142
143
143
145
145
145
145
146
147
147
147
147
147
147
148
148
147
147
147
147
147
147
146
145
145
145
145
145
145
145
145
145
145
145
145
146
146
146
146
147
147
147
147
147
148
149
149
149
149
151
151
151
152
153
153
154
154
155
156
156
156
156
156
156
156
157
157
157
158
158
158
158
158
158
158
158
159
159
159
159
159
159
158
158
158
158
158
158
158
158
158
158
158
158
157
156
156
156
156
156
156
156
156
156
156
154
154
154
154
153
153
152
152
151
151
151
150
149
149
149
148
147
147
147
145
145
145
145
143
143
143
142
142
141
140
140
140
140
138
138
138
136
136
136
135
134
133
133
132
132
131
130
130
129
128
128
127
126
126
126
125
124
124
123
122
122
121
121
120
120
120
119
119
119
119
119
119
119
119
119
119
119
119
117
117
117
117
117
117
117
117
117
117
118
118
118
119
119
119
119
121
121
121
121
123
123
123
123
125
125
125
125
127
127
127
127
129
129
129
129
129
129
129
130
130
131
131
131
131
131
131
131
131
131
130
131
130
129
129
129
129
129
129
129
129
128
127
127
127
127
125
125
125
125
125
123
123
123
123
121
121
121
120
119
119
119
118
117
117
116
115
115
115
114
114
113
112
112
112
111
110
110
110
108
108
108
108
106
106
106
106
105
104
104
104
103
102
102
102
102
102
102
100
100
100
100
100
100
100
101
101
101
103
103
103
103
103
104
104
104
104
104
103
103
103
103
103
104
105
105
106
107
107
108
109
110
112
112
114
116
116
117
118
119
120
121
121
123
123
123
124
123
123
123
123
123
123
121
120
118
117
116
112
107
103
50
47
45
45
1
1
1
1
1
1
1
1
1
1
1
1
1
1
1
1
1
1
1
1
1
1
1
1
1
1
1
1
1
1
1
1
1
1
1
1
1
1
1
1
1
1
