# Vetor de dados - syn_f000382-2-Pre--left--vetorlinha.txt
# Total de elementos: 768
# Formato: um valor por linha
#==================================================

1
1
1
1
1
1
1
1
1
1
1
1
1
1
1
1
1
1
1
1
1
1
1
1
1
1
1
1
1
1
1
1
1
1
1
1
1
1
1
1
1
1
1
1
1
1
1
1
1
1
1
1
1
1
1
1
1
1
1
1
1
1
1
1
1
1
1
1
1
1
1
1
1
1
1
1
1
1
1
1
1
1
1
1
1
1
1
1
1
1
1
1
1
1
1
1
1
1
1
1
1
1
1
1
1
1
1
1
1
1
1
1
1
1
1
1
1
1
1
1
1
1
16
25
33
38
41
45
48
51
54
57
59
61
63
64
66
68
69
70
71
72
74
74
75
75
77
77
77
78
78
78
78
79
80
80
80
80
80
80
80
80
80
80
81
81
82
81
82
82
83
82
83
83
83
82
81
80
77
75
74
73
72
71
71
70
69
68
68
67
67
67
66
65
64
63
64
64
64
64
63
63
62
62
61
60
46
46
46
46
45
45
44
45
45
45
46
46
46
47
47
47
48
48
49
50
50
50
50
51
52
55
59
62
68
74
146
155
161
165
169
175
179
184
190
195
199
205
211
215
218
222
224
227
231
236
241
247
251
258
264
269
274
283
284
284
284
282
280
277
267
185
90
89
89
89
89
90
90
89
89
89
89
89
89
88
88
88
88
86
86
86
85
85
85
84
83
81
80
80
79
78
78
78
78
78
77
78
78
78
78
78
77
77
77
77
77
77
77
77
76
76
77
76
76
76
75
75
75
74
75
75
75
74
74
74
74
74
74
73
73
73
73
73
73
73
72
71
72
72
72
72
73
73
73
75
74
75
76
77
77
79
80
81
81
82
83
85
85
86
87
87
88
90
90
90
90
91
91
92
92
92
92
92
93
93
93
93
93
93
93
93
93
93
93
93
93
94
93
93
93
93
93
92
92
93
92
91
92
91
90
91
89
89
88
88
88
88
88
88
87
87
87
87
86
86
86
85
85
85
84
84
84
83
83
82
82
81
81
80
80
79
79
78
78
77
76
76
75
75
75
74
74
74
73
73
73
73
73
73
73
73
73
72
72
72
72
72
72
73
73
72
72
72
72
72
72
72
72
71
71
70
70
70
70
70
70
70
70
69
69
69
68
68
68
68
67
67
67
67
66
66
65
65
65
65
64
63
63
62
62
62
61
60
60
59
59
59
58
58
57
56
55
55
55
54
54
54
53
53
53
52
52
52
52
51
51
51
52
51
52
52
53
54
54
55
55
56
55
55
55
55
55
55
55
55
55
55
55
55
54
55
54
54
54
54
53
52
53
52
52
51
52
51
51
51
51
50
50
50
51
50
50
51
51
51
51
50
51
51
51
51
52
52
52
52
51
51
51
51
51
51
51
51
50
50
51
51
50
50
50
50
49
49
49
49
48
48
48
47
47
47
46
46
46
46
45
45
45
45
44
44
44
44
43
43
43
43
42
43
43
43
42
42
42
43
42
42
42
43
43
42
43
44
44
45
45
47
48
50
52
54
56
58
62
66
69
71
74
75
77
81
83
86
88
90
91
91
90
90
91
90
87
69
65
69
72
75
79
82
85
87
89
90
92
92
90
90
89
89
89
88
85
71
58
50
41
36
31
1
1
1
1
1
1
1
1
1
1
1
1
1
1
1
1
1
1
1
1
1
1
1
1
1
1
1
1
1
1
1
1
1
1
1
1
1
1
1
1
1
1
1
1
1
1
1
1
1
1
1
1
1
1
1
1
1
1
1
