# Vetor de dados - syn_f004094-3-Pre--front--vetorlinha.txt
# Total de elementos: 768
# Formato: um valor por linha
#==================================================

1
1
1
1
1
1
1
1
1
1
1
1
1
1
1
1
1
1
1
1
1
1
1
1
1
1
1
1
1
1
1
1
1
1
1
1
1
1
1
1
1
1
1
1
1
1
1
1
1
1
1
1
1
1
1
1
1
1
1
1
1
1
1
1
1
1
1
1
1
1
1
1
1
1
1
1
1
1
1
1
1
1
1
1
1
1
1
1
1
1
1
1
1
1
1
1
1
1
1
1
1
1
1
1
1
1
1
1
1
1
8
21
25
29
34
37
39
41
43
45
47
49
49
51
52
53
54
56
56
57
58
58
59
60
60
60
61
61
61
61
61
61
61
61
60
60
60
60
60
62
67
68
68
68
68
68
67
66
66
65
65
64
64
62
62
60
58
58
55
52
50
49
49
49
48
47
46
46
44
44
43
42
42
41
41
41
41
41
41
41
40
40
40
40
41
42
45
48
52
267
277
282
290
300
352
359
388
394
398
414
424
425
477
479
481
490
497
503
508
513
518
523
464
463
462
463
464
467
468
475
479
488
482
477
471
467
455
428
403
392
385
379
373
369
282
269
183
172
166
161
158
156
154
152
151
150
149
148
147
147
146
146
145
144
144
142
141
140
139
137
136
135
134
132
132
130
130
128
127
126
125
123
121
120
119
118
116
114
112
110
109
107
105
104
102
101
101
101
101
101
101
101
101
101
101
101
101
100
100
100
100
100
100
100
99
98
98
98
98
98
98
97
97
97
97
97
97
97
98
99
99
99
99
101
101
101
101
102
102
102
104
104
105
105
105
105
106
107
107
108
109
110
111
112
112
114
115
115
117
117
119
119
120
121
122
122
124
124
124
126
126
126
127
127
128
129
129
129
129
131
131
131
131
131
132
132
133
133
133
133
134
134
134
134
134
135
136
136
136
136
137
137
138
138
139
140
140
140
142
142
142
143
144
144
144
144
146
146
146
146
147
148
148
148
149
149
150
150
150
150
150
150
150
150
150
150
150
150
151
151
151
151
151
151
151
151
151
151
151
151
151
151
151
151
151
151
151
151
151
151
151
150
150
150
150
150
149
148
148
148
148
148
146
146
146
144
144
144
143
142
142
141
140
140
139
139
138
137
137
136
135
135
135
133
133
133
131
131
130
129
129
128
128
126
126
126
125
124
124
123
123
122
122
121
121
120
120
120
120
120
119
118
118
118
118
118
118
118
118
118
118
117
117
118
117
116
116
116
116
116
116
116
116
116
116
116
116
116
116
117
117
117
117
118
118
118
120
120
120
120
121
122
122
122
122
123
124
124
124
124
125
126
126
126
126
126
126
127
127
127
128
128
128
128
128
128
128
128
127
127
126
126
126
126
126
126
126
126
125
125
124
124
124
123
122
122
122
122
121
121
120
120
119
118
118
117
116
116
115
114
114
113
112
112
111
111
110
110
109
108
108
108
107
106
106
106
106
105
104
104
104
103
103
103
102
102
101
101
101
100
100
100
99
99
98
98
98
98
98
96
96
96
96
97
98
98
98
99
99
99
99
99
99
100
100
100
100
100
101
101
102
102
103
103
104
105
105
106
107
109
109
111
113
113
115
115
116
117
118
118
120
120
121
121
121
121
121
120
119
119
118
117
114
111
109
106
102
44
1
1
1
1
1
1
1
1
1
1
1
1
1
1
1
1
1
1
1
1
1
1
1
1
1
1
1
1
1
1
1
1
1
1
1
1
1
1
1
1
1
1
1
1
1
1
1
1
1
1
