# Vetor de dados - syn_f003880-3-Pre--front--vetorlinha.txt
# Total de elementos: 768
# Formato: um valor por linha
#==================================================

1
1
1
1
1
1
1
1
1
1
1
1
1
1
1
1
1
1
1
1
1
1
1
1
1
1
1
1
1
1
1
1
1
1
1
1
1
1
1
1
1
1
1
1
1
1
1
1
1
1
1
1
1
1
1
1
1
1
1
1
1
1
1
1
1
1
1
1
1
1
1
1
1
1
1
1
1
1
1
1
1
1
1
1
1
1
1
1
1
1
1
1
1
1
1
1
1
1
1
1
1
1
1
1
1
1
1
1
1
1
1
1
20
25
28
32
36
38
40
42
44
46
48
49
51
52
53
55
55
57
57
58
59
59
60
61
61
61
62
63
63
63
63
63
63
63
63
62
62
61
61
62
68
70
71
71
71
71
69
69
69
69
68
67
67
67
65
64
63
62
61
59
56
51
51
50
49
49
49
48
48
47
46
46
46
45
45
45
45
45
45
45
45
45
45
46
47
48
50
52
56
59
63
68
73
125
134
172
187
207
218
227
306
320
337
349
360
368
378
389
442
453
460
469
476
484
494
503
512
531
545
562
566
568
571
572
574
574
559
562
568
572
576
585
590
500
505
447
431
403
399
396
393
365
367
161
158
157
154
154
153
152
151
151
150
149
149
148
147
146
145
144
144
143
142
142
141
141
141
139
139
139
138
137
136
136
135
134
132
132
130
130
128
127
126
126
124
123
122
120
120
120
120
120
120
120
120
120
121
121
121
121
120
120
119
119
119
117
117
117
116
116
116
115
114
114
114
114
112
112
112
112
111
110
110
108
108
107
106
105
105
105
105
107
107
109
111
113
115
118
120
122
124
126
128
129
131
132
133
133
135
135
135
137
137
137
137
139
139
139
139
139
139
139
140
140
140
140
140
140
140
140
140
140
140
140
140
141
141
141
142
142
142
142
142
142
142
142
142
142
142
143
144
144
144
145
146
146
146
147
148
148
149
149
150
150
150
150
151
151
151
152
152
152
153
153
153
153
153
153
153
154
154
154
154
154
154
154
154
154
154
154
154
154
154
154
154
154
154
154
153
153
153
153
153
153
153
153
153
153
151
151
151
151
150
150
149
149
149
148
148
147
146
146
145
144
143
143
142
141
141
140
139
139
137
137
137
135
135
134
133
133
132
131
130
130
128
128
127
126
125
125
124
123
123
121
121
120
119
118
118
117
116
116
115
115
114
114
113
113
113
113
112
112
112
112
112
112
112
112
112
112
112
112
111
111
111
111
111
111
111
111
111
111
111
111
111
112
112
112
112
113
113
114
114
115
115
116
116
116
117
117
118
118
118
119
120
120
120
120
121
122
122
122
122
122
122
122
123
123
124
124
124
124
124
124
124
123
123
123
123
122
122
122
122
122
122
121
121
120
120
119
119
118
118
117
117
117
116
116
115
114
114
114
112
112
112
110
110
110
109
108
108
108
106
106
106
106
104
104
104
104
102
102
102
102
101
100
100
100
99
98
98
98
98
97
96
96
96
95
95
94
94
94
94
94
94
94
93
94
94
94
94
94
94
94
95
95
96
96
96
96
96
96
96
96
96
97
98
98
99
99
100
101
102
102
104
104
106
106
108
108
110
110
112
112
113
114
115
116
115
115
116
114
114
114
113
113
111
109
109
107
102
99
49
48
46
44
43
1
1
1
1
1
1
1
1
1
1
1
1
1
1
1
1
1
1
1
1
1
1
1
1
1
1
1
1
1
1
1
1
1
1
1
1
1
1
1
1
1
1
1
1
1
1
1
1
1
