# Vetor de dados - syn_f002354-0-Pre--left--vetorlinha.txt
# Total de elementos: 768
# Formato: um valor por linha
#==================================================

1
1
1
1
1
1
1
1
1
1
1
1
1
1
1
1
1
1
1
1
1
1
1
1
1
1
1
1
1
1
1
1
1
1
1
1
1
1
1
1
1
1
1
1
1
1
1
1
1
1
1
1
1
1
1
1
1
1
1
1
1
1
1
1
1
1
1
1
1
1
1
1
1
1
1
1
1
1
1
1
1
1
1
1
1
1
1
1
1
1
1
1
1
1
1
1
1
1
1
1
1
1
1
1
1
1
1
1
1
1
1
1
1
1
1
1
1
1
1
1
1
1
16
22
30
36
39
43
46
49
51
54
56
57
60
62
64
65
67
67
69
69
70
71
71
73
73
74
74
74
74
74
75
75
75
75
75
75
76
77
78
78
78
79
80
80
80
81
82
82
81
81
81
79
76
73
72
71
71
70
68
67
67
66
65
65
64
63
62
62
62
63
62
62
62
62
61
60
59
58
56
55
54
53
53
53
52
53
53
54
53
54
54
54
54
53
54
54
54
54
54
54
53
54
53
54
54
53
54
57
61
65
71
76
82
158
162
169
175
181
186
192
198
206
214
230
234
237
241
245
250
256
261
265
275
281
288
297
298
299
298
297
294
291
282
281
198
191
184
171
162
155
120
114
106
95
90
91
92
93
93
93
94
94
95
95
96
97
96
96
97
97
96
97
97
97
97
96
96
96
95
95
95
95
94
93
92
92
91
89
88
89
90
90
90
91
90
91
91
91
92
91
92
92
92
93
93
92
92
93
93
93
93
93
93
93
93
93
93
93
92
92
92
92
92
92
92
92
92
92
92
93
94
97
99
99
99
100
100
100
100
100
101
101
101
101
101
101
101
102
103
103
103
105
105
105
106
106
107
107
107
107
107
107
108
108
108
108
108
108
108
108
108
108
108
107
107
108
107
107
107
106
106
106
106
105
105
104
104
104
103
103
102
101
101
100
99
98
97
96
95
94
92
91
89
87
86
86
85
85
85
84
84
83
83
83
82
82
81
81
80
79
79
78
78
78
77
76
75
74
74
73
73
72
72
71
70
70
70
69
69
69
68
68
68
68
67
66
66
66
66
65
65
65
64
64
64
64
64
63
63
63
63
63
62
61
61
61
61
60
60
60
60
60
60
59
59
59
58
58
57
57
57
57
57
56
55
55
55
55
54
53
53
53
53
51
51
51
50
50
50
49
48
48
48
48
48
47
48
48
48
48
49
49
49
49
48
49
49
49
49
50
50
50
51
50
50
50
50
49
49
49
49
48
49
48
47
47
46
47
46
46
45
46
45
44
43
43
42
41
41
40
40
40
40
40
40
39
39
39
40
40
39
39
39
39
39
40
40
40
40
39
39
39
39
39
39
39
39
39
39
39
39
39
39
39
38
38
38
38
38
38
38
38
38
38
38
37
37
37
37
37
37
37
37
37
37
36
36
36
36
36
36
36
36
36
36
36
35
35
35
35
35
35
35
35
35
35
35
35
34
34
35
35
36
38
41
42
44
47
50
52
53
55
57
62
65
67
69
71
72
75
77
78
78
78
78
78
78
77
43
44
46
49
51
53
57
60
63
66
70
73
76
78
80
82
83
83
82
81
80
78
75
61
54
48
43
39
33
1
1
1
1
1
1
1
1
1
1
1
1
1
1
1
1
1
1
1
1
1
1
1
1
1
1
1
1
1
1
1
1
1
1
1
1
1
1
1
1
1
1
1
1
1
1
1
1
1
1
1
1
1
1
1
1
1
1
1
