# Vetor de dados - syn_f001737-3-Pre--front--vetorcoluna.txt
# Total de elementos: 1024
# Formato: um valor por linha
#==================================================

1
1
1
1
1
1
1
1
1
1
1
1
1
1
1
1
1
1
1
1
1
1
1
1
1
1
1
1
1
1
1
1
1
1
1
1
1
1
1
1
1
1
1
1
1
1
1
1
1
1
1
1
1
1
1
1
1
1
1
1
1
1
1
1
1
1
1
1
1
1
1
1
1
1
1
1
1
1
1
1
1
1
1
1
1
1
1
1
1
1
1
1
1
1
1
1
1
1
1
1
1
1
1
1
1
1
1
1
1
1
1
1
1
1
1
1
1
1
1
1
1
1
1
1
1
1
1
1
1
1
1
1
1
1
1
1
1
1
1
1
1
1
1
1
1
1
1
1
1
1
1
1
1
1
1
1
1
1
1
1
1
1
1
1
1
1
1
1
1
1
1
1
1
1
1
1
1
1
1
1
1
1
1
1
1
1
1
1
1
1
1
1
1
1
1
1
1
1
1
1
1
1
1
1
1
1
1
1
1
1
1
1
1
1
1
1
1
1
1
1
1
1
1
1
1
1
1
1
1
1
1
1
1
1
1
1
1
5
8
8
8
8
8
8
8
8
8
9
9
9
9
9
9
9
9
9
9
10
10
10
17
18
18
19
19
19
19
19
18
20
20
19
19
18
18
18
18
20
20
19
19
19
19
21
21
21
21
21
21
21
21
20
21
20
19
19
20
19
19
19
19
19
19
19
19
19
19
21
21
21
21
21
21
22
22
23
23
23
24
24
24
25
25
26
26
27
27
27
28
29
29
29
29
30
31
31
31
31
32
32
32
33
33
33
34
34
34
34
34
34
34
35
35
35
35
35
35
35
35
35
35
35
36
36
36
36
36
36
35
35
35
35
35
35
33
33
33
33
33
33
33
32
32
32
32
32
32
32
32
32
32
32
32
32
32
32
32
33
33
33
33
33
33
33
34
34
34
35
35
34
34
34
34
35
35
35
35
35
35
35
35
35
35
35
35
36
36
36
36
36
37
37
38
38
38
39
39
40
42
42
44
46
50
53
55
57
59
61
63
65
67
69
72
74
77
79
80
81
83
84
270
272
274
277
279
366
369
372
375
378
382
386
449
450
451
451
452
452
453
455
455
455
455
455
454
455
457
458
458
460
528
530
531
463
461
458
456
454
450
447
398
396
391
384
368
354
344
337
331
327
321
325
330
334
339
342
348
357
366
388
392
395
397
444
447
452
455
461
465
467
469
470
531
530
531
460
460
459
458
457
456
455
455
456
456
456
455
455
453
453
451
387
384
380
377
374
371
368
365
278
275
273
270
268
265
263
81
81
80
78
77
76
74
73
70
66
60
56
54
52
48
46
44
42
41
41
40
40
38
38
38
37
37
36
35
35
35
34
34
34
34
35
35
35
34
34
34
34
34
34
34
34
34
34
34
34
34
34
34
33
33
33
33
33
33
32
32
32
32
32
32
32
32
31
30
30
30
30
30
30
31
31
31
32
32
32
32
33
33
33
33
33
34
35
35
35
35
35
35
35
35
35
35
35
35
35
35
35
35
35
35
35
34
34
34
34
34
34
34
33
33
33
32
32
31
31
31
31
30
30
30
30
29
29
28
28
28
28
28
28
27
27
27
27
27
27
27
26
26
26
26
26
25
25
25
25
25
25
25
25
25
25
25
25
25
26
26
27
27
28
29
29
29
30
30
30
30
31
31
31
31
31
31
31
31
31
31
32
32
32
32
33
33
33
34
34
34
34
34
34
34
34
33
1
1
1
1
1
1
1
1
1
1
1
1
1
1
1
1
1
1
1
1
1
1
1
1
1
1
1
1
1
1
1
1
1
1
1
1
1
1
1
1
1
1
1
1
1
1
1
1
1
1
1
1
1
1
1
1
1
1
1
1
1
1
1
1
1
1
1
1
1
1
1
1
1
1
1
1
1
1
1
1
1
1
1
1
1
1
1
1
1
1
1
1
1
1
1
1
1
1
1
1
1
1
1
1
1
1
1
1
1
1
1
1
1
1
1
1
1
1
1
1
1
1
1
1
1
1
1
1
1
1
1
1
1
1
1
1
1
1
1
1
1
1
1
1
1
1
1
1
1
1
1
1
1
1
1
1
1
1
1
1
1
1
1
1
1
1
1
1
1
1
1
1
1
1
1
1
1
1
1
1
1
1
1
1
1
1
1
1
1
1
1
1
1
1
1
1
1
1
1
1
1
1
1
1
1
1
1
1
1
1
1
1
1
1
1
1
1
1
1
1
1
1
1
1
1
1
1
1
1
1
1
1
1
1
1
1
1
1
1
1
1
1
1
1
1
1
1
1
1
1
1
1
1
1
1
1
1
1
1
1
1
