# Vetor de dados - syn_f001745-3-Pre--front--vetorcoluna.txt
# Total de elementos: 1024
# Formato: um valor por linha
#==================================================

1
1
1
1
1
1
1
1
1
1
1
1
1
1
1
1
1
1
1
1
1
1
1
1
1
1
1
1
1
1
1
1
1
1
1
1
1
1
1
1
1
1
1
1
1
1
1
1
1
1
1
1
1
1
1
1
1
1
1
1
1
1
1
1
1
1
1
1
1
1
1
1
1
1
1
1
1
1
1
1
1
1
1
1
1
1
1
1
1
1
1
1
1
1
1
1
1
1
1
1
1
1
1
1
1
1
1
1
1
1
1
1
1
1
1
1
1
1
1
1
1
1
1
1
1
1
1
1
1
1
1
1
1
1
1
1
1
1
1
1
1
1
1
1
1
1
1
1
1
1
1
1
1
1
1
1
1
1
1
1
1
1
1
1
1
1
1
1
1
1
1
1
1
1
1
1
1
1
1
1
1
1
1
1
1
1
1
1
1
1
1
1
1
1
1
1
1
1
1
1
1
1
1
1
1
1
1
1
1
1
1
1
1
1
1
1
1
1
1
1
1
1
1
1
1
1
1
1
8
8
8
8
8
8
8
9
9
9
9
9
9
9
9
9
9
9
9
12
12
12
12
17
18
19
20
20
20
20
20
19
19
19
19
18
20
19
19
19
19
19
20
20
20
20
20
21
21
21
21
21
22
21
21
21
21
21
20
20
20
19
19
19
19
19
19
20
20
20
20
20
20
20
21
21
22
22
22
22
23
23
24
24
24
24
25
25
25
26
26
26
27
27
27
28
28
28
28
28
30
30
30
30
30
31
31
32
32
32
32
32
33
33
33
34
34
34
34
34
34
34
34
34
34
35
34
34
34
35
35
35
35
35
35
35
35
35
35
35
34
34
34
34
34
34
33
33
32
32
32
32
32
32
32
32
32
31
31
31
31
32
32
32
32
32
32
32
33
33
33
33
33
34
34
34
34
35
35
35
35
35
35
35
35
35
35
36
36
36
36
36
36
36
36
36
36
36
37
37
37
37
38
38
38
39
40
40
41
41
41
43
43
43
44
44
46
46
47
49
53
57
60
62
63
65
282
284
287
290
384
388
392
396
400
403
407
410
414
470
472
473
474
474
475
475
477
477
477
477
477
476
475
475
476
478
479
480
481
481
481
481
489
485
480
476
472
467
461
454
444
414
411
409
406
404
399
387
379
371
362
354
347
342
345
349
354
358
364
371
395
399
403
404
406
407
442
446
451
455
461
468
475
480
483
413
415
478
478
477
477
477
475
475
473
472
473
474
474
475
475
474
473
471
472
471
470
469
469
410
405
402
398
394
391
388
385
381
377
285
283
280
56
54
51
50
49
48
48
47
47
47
46
45
45
45
44
43
43
43
42
42
42
40
40
40
39
39
39
38
38
38
38
38
38
36
36
36
36
36
36
36
36
36
36
36
36
36
36
36
36
36
36
35
35
34
34
34
34
33
33
33
33
33
33
32
32
32
32
32
32
33
33
33
33
33
33
33
33
33
33
33
34
34
34
34
34
34
34
34
34
34
34
34
34
34
35
35
35
35
35
35
35
34
34
34
34
34
34
35
35
35
34
34
34
34
34
34
33
33
33
33
32
32
32
31
31
31
31
30
30
30
29
29
28
28
28
26
26
26
26
25
25
25
24
24
24
24
23
22
22
22
22
22
22
22
22
22
23
23
23
23
23
24
24
24
24
25
25
26
27
27
27
28
28
28
29
29
29
29
29
29
29
29
29
29
30
30
30
30
31
31
31
32
32
32
33
33
33
33
33
33
32
31
1
1
1
1
1
1
1
1
1
1
1
1
1
1
1
1
1
1
1
1
1
1
1
1
1
1
1
1
1
1
1
1
1
1
1
1
1
1
1
1
1
1
1
1
1
1
1
1
1
1
1
1
1
1
1
1
1
1
1
1
1
1
1
1
1
1
1
1
1
1
1
1
1
1
1
1
1
1
1
1
1
1
1
1
1
1
1
1
1
1
1
1
1
1
1
1
1
1
1
1
1
1
1
1
1
1
1
1
1
1
1
1
1
1
1
1
1
1
1
1
1
1
1
1
1
1
1
1
1
1
1
1
1
1
1
1
1
1
1
1
1
1
1
1
1
1
1
1
1
1
1
1
1
1
1
1
1
1
1
1
1
1
1
1
1
1
1
1
1
1
1
1
1
1
1
1
1
1
1
1
1
1
1
1
1
1
1
1
1
1
1
1
1
1
1
1
1
1
1
1
1
1
1
1
1
1
1
1
1
1
1
1
1
1
1
1
1
1
1
1
1
1
1
1
1
1
1
1
1
1
1
1
1
1
1
1
1
1
1
1
1
1
1
1
1
1
1
1
1
1
1
1
