# Vetor de dados - syn_f002571-3-Pre--left--vetorlinha.txt
# Total de elementos: 768
# Formato: um valor por linha
#==================================================

1
1
1
1
1
1
1
1
1
1
1
1
1
1
1
1
1
1
1
1
1
1
1
1
1
1
1
1
1
1
1
1
1
1
1
1
1
1
1
1
1
1
1
1
1
1
1
1
1
1
1
1
1
1
1
1
1
1
1
1
1
1
1
1
1
1
1
1
1
1
1
1
1
1
1
1
1
1
1
1
1
1
1
1
1
1
1
1
1
1
1
1
1
1
1
1
1
1
1
1
1
1
1
1
1
1
1
1
1
1
1
1
1
1
1
1
1
1
1
1
1
1
1
1
1
1
1
1
1
1
1
1
1
1
1
1
1
1
1
1
1
1
1
1
1
1
1
1
1
19
28
34
37
42
46
49
52
54
56
58
60
62
63
65
67
67
69
69
71
71
73
73
74
75
75
75
75
76
76
76
76
76
77
77
77
77
78
78
78
78
79
80
80
80
81
82
81
82
81
81
79
77
74
72
70
69
69
68
67
66
65
65
65
65
64
64
64
64
64
65
65
65
64
63
63
62
57
47
47
46
45
44
45
44
45
45
45
45
46
47
48
47
48
48
49
52
57
66
84
92
139
146
150
154
159
163
167
172
176
180
184
190
193
196
201
206
210
215
220
225
230
240
245
250
260
262
261
261
260
258
255
253
245
172
165
89
89
89
89
89
90
90
90
90
90
90
90
89
89
89
89
89
88
88
88
88
87
87
86
86
85
84
83
83
81
80
80
80
79
79
80
79
79
79
79
78
77
77
77
77
75
75
75
74
73
73
72
72
71
71
70
69
69
69
69
68
67
67
67
66
66
66
66
65
65
64
64
64
63
63
63
63
63
63
64
63
64
65
66
67
67
68
69
71
71
72
73
74
75
76
77
78
78
80
81
81
82
82
83
83
84
85
85
86
86
86
86
86
86
86
86
86
86
86
86
86
87
87
86
86
86
85
85
86
84
85
85
85
86
86
86
87
87
88
87
87
88
88
88
87
87
88
88
87
87
86
86
85
84
84
83
82
81
80
80
79
78
78
78
79
79
79
79
79
79
79
78
78
78
78
78
78
78
78
79
79
79
78
78
78
78
78
78
77
77
77
77
77
77
75
75
75
75
75
74
74
73
73
73
73
71
71
71
71
70
69
69
69
68
67
67
67
67
65
65
65
64
64
64
62
62
61
61
60
60
59
58
57
57
56
56
55
55
54
54
54
53
52
52
51
51
52
51
51
52
52
52
53
53
53
53
54
53
53
53
53
53
53
54
53
54
53
54
53
53
53
53
52
52
52
52
51
52
51
51
51
51
51
51
51
51
51
52
52
52
52
53
53
53
53
54
54
54
54
54
54
54
54
54
54
54
53
53
53
53
53
53
53
52
51
51
51
51
49
49
49
49
48
47
47
46
46
45
44
44
43
43
42
41
41
40
40
40
40
39
39
39
38
38
38
39
39
39
40
40
41
43
44
46
47
49
52
54
56
58
63
66
69
69
72
76
79
82
82
81
82
82
81
72
48
51
53
57
60
65
69
72
75
79
83
86
87
87
87
87
85
86
85
82
79
72
55
46
37
30
1
1
1
1
1
1
1
1
1
1
1
1
1
1
1
1
1
1
1
1
1
1
1
1
1
1
1
1
1
1
1
1
1
1
1
1
1
1
1
1
1
1
1
1
1
1
1
1
1
1
1
1
1
1
1
1
1
1
1
1
1
1
1
1
1
1
1
1
1
1
1
1
1
1
1
1
1
1
1
1
1
1
1
