# Vetor de dados - syn_f003621-0-Pre--left--vetorlinha.txt
# Total de elementos: 768
# Formato: um valor por linha
#==================================================

1
1
1
1
1
1
1
1
1
1
1
1
1
1
1
1
1
1
1
1
1
1
1
1
1
1
1
1
1
1
1
1
1
1
1
1
1
1
1
1
1
1
1
1
1
1
1
1
1
1
1
1
1
1
1
1
1
1
1
1
1
1
1
1
1
1
1
1
1
1
1
1
1
1
1
1
1
1
1
1
1
1
1
1
1
1
1
1
1
1
1
1
1
1
1
1
1
1
1
1
1
1
1
1
1
1
1
1
1
1
1
1
1
1
1
1
1
1
1
1
1
20
27
34
39
43
45
48
51
53
55
57
59
61
63
64
66
67
68
70
70
71
71
73
73
74
74
75
75
75
75
75
75
75
75
75
77
77
77
78
78
78
79
80
80
81
81
82
82
81
80
78
77
76
74
73
72
72
72
71
70
68
68
67
66
66
65
65
63
63
63
63
62
62
62
63
63
63
62
61
60
58
57
55
53
52
52
52
51
52
53
53
53
54
54
54
55
55
56
57
57
58
58
59
59
59
59
59
60
179
187
212
230
237
240
243
248
254
262
268
275
288
307
308
308
309
308
307
305
302
301
293
292
291
271
267
213
205
198
193
186
182
175
168
162
156
153
149
119
111
100
92
92
93
94
95
95
95
96
96
97
97
97
97
98
98
99
99
99
99
100
100
100
101
101
101
101
101
101
101
100
100
100
100
99
98
98
98
96
96
96
95
95
96
96
96
96
95
96
96
95
96
96
96
96
96
95
95
95
95
95
95
95
95
96
96
96
97
97
97
97
98
98
98
99
98
98
99
99
98
98
98
99
99
100
100
99
100
100
101
102
101
101
102
102
102
103
103
103
105
105
105
107
107
107
108
109
110
110
110
111
111
111
112
112
112
112
113
113
113
113
113
113
113
113
112
113
113
112
111
111
110
111
110
110
109
108
108
107
106
105
105
104
103
102
102
101
99
98
97
97
96
96
95
95
95
94
94
94
93
93
92
91
91
90
90
89
89
88
87
87
86
86
86
85
84
83
82
82
81
80
80
79
79
78
78
77
77
77
75
75
75
75
75
74
73
73
73
73
72
72
71
71
71
71
70
70
70
70
69
69
69
69
68
68
68
67
67
67
66
66
66
65
65
64
64
63
62
62
62
61
61
61
60
60
60
59
59
59
58
58
57
56
56
55
55
55
54
54
54
53
53
53
53
52
52
52
52
52
51
51
51
52
52
52
53
52
53
53
53
53
53
54
54
53
54
53
52
53
52
52
52
52
51
51
51
51
50
50
49
50
49
48
48
47
47
46
46
45
45
45
44
44
44
45
45
45
45
44
45
45
45
45
45
45
46
46
45
45
45
45
45
45
45
45
45
44
44
44
44
44
44
44
44
43
43
43
43
42
42
42
41
41
41
41
41
41
40
40
39
39
39
39
38
38
38
38
38
37
37
37
37
37
37
37
37
37
37
37
37
36
36
37
37
37
37
38
38
38
39
39
39
40
41
41
42
44
45
47
49
52
54
57
59
61
65
69
72
75
78
81
82
83
83
85
86
88
88
88
88
87
86
52
54
57
61
64
66
70
72
75
78
82
84
85
86
88
89
89
88
87
86
83
81
76
62
56
51
47
40
38
30
1
1
1
1
1
1
1
1
1
1
1
1
1
1
1
1
1
1
1
1
1
1
1
1
1
1
1
1
1
1
1
1
1
1
1
1
1
1
1
1
1
1
1
1
1
1
1
1
1
1
1
1
1
1
1
1
