# Vetor de dados - syn_f001872-2-Pre--front--vetorlinha.txt
# Total de elementos: 768
# Formato: um valor por linha
#==================================================

1
1
1
1
1
1
1
1
1
1
1
1
1
1
1
1
1
1
1
1
1
1
1
1
1
1
1
1
1
1
1
1
1
1
1
1
1
1
1
1
1
1
1
1
1
1
1
1
1
1
1
1
1
1
1
1
1
1
1
1
1
1
1
1
1
1
1
1
1
1
1
1
1
1
1
1
1
1
1
1
1
1
1
1
1
1
1
1
1
1
1
1
1
1
1
1
1
1
1
1
1
1
1
1
1
1
1
1
1
1
1
12
22
26
31
35
38
40
42
44
46
48
50
52
52
54
55
56
58
58
59
60
61
62
62
63
63
64
64
64
64
65
65
65
64
65
64
64
63
63
63
67
72
72
73
73
73
73
72
71
71
71
70
69
69
69
67
66
65
63
62
59
55
53
52
52
51
51
50
49
49
49
49
49
49
50
50
50
50
50
50
50
50
49
50
50
50
52
53
53
55
57
60
63
278
285
295
348
350
390
396
400
404
408
411
410
413
476
484
492
502
513
520
523
525
527
478
480
484
487
489
496
501
511
506
501
496
491
484
477
469
435
429
425
420
416
410
335
324
296
283
268
255
212
178
174
171
169
167
166
164
163
161
161
160
158
158
156
156
154
154
152
151
150
149
148
147
146
146
144
144
143
143
142
141
141
141
141
141
141
140
140
139
139
139
139
139
139
139
137
137
137
137
137
135
135
134
134
133
131
130
128
127
126
127
127
127
126
126
126
126
126
126
126
128
127
127
127
127
127
127
127
126
126
125
124
124
124
124
124
124
124
124
124
124
126
126
126
126
126
126
126
127
127
127
128
129
130
130
132
133
134
135
137
137
139
139
139
141
141
143
143
144
145
145
146
147
147
147
147
148
148
148
148
148
149
149
149
148
148
148
148
148
148
148
148
148
148
148
148
148
149
149
148
149
149
150
150
150
150
150
150
150
151
152
152
152
152
152
153
153
153
153
154
154
154
154
154
154
154
154
154
154
154
154
155
154
154
154
154
153
153
153
153
153
153
152
152
152
152
152
152
152
151
151
151
151
151
150
150
150
149
149
149
149
149
149
147
147
147
146
146
145
145
144
144
144
143
142
142
142
142
141
140
140
140
140
139
139
138
138
137
137
136
136
135
135
134
133
133
132
130
130
129
128
128
126
126
126
124
124
123
122
122
121
120
120
119
119
118
118
118
118
117
117
116
116
116
116
116
116
116
116
116
116
116
116
116
116
116
116
116
115
116
115
115
115
115
115
116
116
116
116
117
117
117
118
119
119
119
120
121
121
121
122
123
123
123
124
125
125
125
125
126
127
127
127
127
127
127
127
128
128
128
128
128
128
128
128
128
128
128
127
127
127
127
127
127
126
125
125
125
124
123
123
123
122
121
121
121
120
119
119
118
117
117
116
115
115
115
113
113
113
112
111
111
111
109
109
109
108
107
107
107
106
105
105
105
104
103
103
103
102
102
101
101
101
100
100
100
100
99
98
98
98
98
98
98
98
98
98
100
100
100
100
100
100
100
100
100
100
100
100
100
100
101
101
101
103
103
104
104
106
106
107
108
109
110
111
112
113
114
115
116
117
117
118
119
120
120
120
120
120
119
119
119
118
117
116
114
111
109
108
104
50
49
48
1
1
1
1
1
1
1
1
1
1
1
1
1
1
1
1
1
1
1
1
1
1
1
1
1
1
1
1
1
1
1
1
1
1
1
1
1
1
1
1
1
1
1
1
1
1
1
1
1
1
1
