# Vetor de dados - syn_f003366-2-Pre--front--vetorlinha.txt
# Total de elementos: 768
# Formato: um valor por linha
#==================================================

1
1
1
1
1
1
1
1
1
1
1
1
1
1
1
1
1
1
1
1
1
1
1
1
1
1
1
1
1
1
1
1
1
1
1
1
1
1
1
1
1
1
1
1
1
1
1
1
1
1
1
1
1
1
1
1
1
1
1
1
1
1
1
1
1
1
1
1
1
1
1
1
1
1
1
1
1
1
1
1
1
1
1
1
1
1
1
1
1
1
1
1
1
1
1
1
1
1
1
1
1
1
1
1
1
1
1
1
1
1
1
1
1
1
1
1
1
1
1
1
1
1
1
1
16
25
28
32
36
39
41
43
45
47
49
51
51
53
54
55
57
57
59
59
60
61
61
62
63
63
63
64
64
65
65
65
65
64
64
64
64
63
63
63
65
70
72
72
73
73
72
71
71
71
70
69
69
69
68
67
66
65
63
63
59
58
53
52
51
51
50
49
49
49
49
49
50
50
50
50
50
50
50
49
49
49
49
49
49
49
49
52
55
61
66
70
74
78
80
84
90
100
162
172
265
276
283
290
297
305
315
326
398
407
415
421
429
436
445
453
464
482
500
505
508
511
514
516
517
503
501
507
512
516
519
525
450
450
450
444
439
428
408
401
392
342
341
340
160
159
157
155
154
153
152
151
150
150
149
148
147
145
145
144
142
142
141
140
140
140
139
139
138
137
137
137
137
137
136
136
135
135
134
134
134
133
132
131
129
129
127
125
123
121
120
120
119
119
119
119
119
121
121
121
121
121
121
121
121
121
120
120
120
120
120
119
119
118
118
117
117
116
116
116
115
114
113
113
113
113
115
116
117
118
121
123
124
126
128
129
131
133
133
135
136
137
138
139
140
140
141
142
142
143
143
144
144
144
144
144
145
145
145
145
145
145
145
145
145
145
145
144
143
143
143
142
141
141
141
141
140
140
139
139
139
139
139
138
138
138
138
137
136
136
136
136
137
137
137
137
138
138
138
138
139
139
139
139
139
139
140
140
140
140
140
140
140
140
140
140
140
140
140
140
140
140
140
140
140
140
139
139
139
139
139
139
139
138
138
137
137
137
137
137
137
137
137
136
136
135
135
135
134
134
133
133
133
132
132
131
131
129
129
129
127
127
127
125
125
125
123
123
122
121
121
120
119
119
119
118
117
117
116
116
115
115
114
114
113
113
112
112
111
111
111
110
109
109
109
109
109
109
109
108
108
107
107
107
107
108
107
107
107
108
108
108
107
106
106
106
106
106
106
106
106
105
105
105
106
106
106
106
106
106
106
106
108
108
108
108
110
110
110
110
112
112
112
112
114
114
114
114
115
115
115
116
116
116
116
116
116
116
116
116
116
116
116
116
115
115
114
114
114
114
114
114
112
112
112
111
110
110
110
109
108
108
108
106
106
106
104
104
104
103
102
102
102
101
100
100
100
100
98
98
98
98
96
96
96
96
96
94
94
94
94
94
93
92
92
92
92
92
92
92
92
92
92
92
92
92
92
92
92
92
92
92
92
93
94
94
94
94
94
94
94
94
95
95
95
96
96
96
98
98
99
100
101
102
103
104
105
106
107
108
109
110
111
112
113
113
113
114
114
114
114
113
112
108
106
102
97
47
43
42
38
1
1
1
1
1
1
1
1
1
1
1
1
1
1
1
1
1
1
1
1
1
1
1
1
1
1
1
1
1
1
1
1
1
1
1
1
1
1
1
1
1
1
1
1
1
1
1
1
1
1
1
1
1
1
1
1
1
1
1
1
1
1
1
