# Vetor de dados - syn_f002764-2-Pre--left--vetorlinha.txt
# Total de elementos: 768
# Formato: um valor por linha
#==================================================

1
1
1
1
1
1
1
1
1
1
1
1
1
1
1
1
1
1
1
1
1
1
1
1
1
1
1
1
1
1
1
1
1
1
1
1
1
1
1
1
1
1
1
1
1
1
1
1
1
1
1
1
1
1
1
1
1
1
1
1
1
1
1
1
1
1
1
1
1
1
1
1
1
1
1
1
1
1
1
1
1
1
1
1
1
1
1
1
1
1
1
1
1
1
1
1
1
1
1
1
1
1
1
1
1
1
1
1
1
1
1
1
1
1
1
1
1
1
1
1
1
1
1
1
1
1
1
1
1
18
27
33
37
42
46
48
51
53
55
57
59
61
64
65
66
66
68
68
70
71
72
72
73
74
74
74
74
75
75
75
75
75
76
76
76
76
76
76
77
76
77
78
78
78
78
79
78
79
78
79
78
79
77
76
74
71
66
64
64
63
62
60
60
60
60
58
58
58
58
58
59
60
60
59
58
57
54
49
47
47
46
46
46
45
45
45
45
45
45
45
45
45
44
45
44
45
45
46
46
47
48
164
178
207
210
214
222
231
245
269
270
270
271
270
268
265
264
259
256
255
250
237
233
189
182
177
172
165
154
143
136
104
99
94
91
86
81
75
72
73
73
73
73
74
74
74
75
75
75
75
76
76
76
76
77
77
77
77
76
76
77
77
76
76
76
76
75
75
74
74
74
72
72
71
71
71
69
69
69
69
69
68
68
68
68
67
67
66
66
66
64
64
64
64
63
63
62
62
61
61
61
61
60
60
60
60
60
59
59
59
59
58
58
58
58
57
57
57
57
57
57
57
57
57
58
58
59
59
59
60
60
60
61
62
63
64
64
65
66
67
67
69
69
70
70
71
71
73
74
74
74
74
74
75
75
76
76
76
77
77
76
77
77
77
78
78
78
77
77
78
78
78
78
78
78
79
79
79
78
78
78
78
78
78
79
79
79
78
78
79
79
79
80
79
79
79
80
79
79
79
78
78
78
78
77
77
77
77
76
76
76
76
75
74
74
73
73
72
71
71
70
70
70
70
69
69
69
68
67
67
67
67
67
67
67
67
66
66
66
66
66
66
66
66
66
66
66
66
66
66
65
64
64
64
64
64
64
63
63
63
63
63
63
63
61
61
61
61
61
60
60
60
59
59
59
58
58
58
57
56
56
56
56
55
54
54
53
53
53
52
51
51
50
50
49
49
49
48
48
48
47
47
47
47
47
47
46
46
46
46
47
47
47
47
48
48
49
49
49
50
49
50
50
50
50
50
50
50
49
49
49
48
48
47
47
47
47
46
46
45
46
45
45
44
45
44
44
43
43
44
44
44
44
45
44
44
45
45
45
45
46
46
46
46
45
46
46
46
46
46
46
46
46
46
46
45
45
45
45
44
44
44
44
44
44
42
42
42
42
42
40
40
40
40
39
39
39
38
38
38
37
37
37
37
36
36
36
36
36
35
35
35
36
35
35
35
36
36
37
36
37
38
39
40
42
44
46
48
52
54
56
60
63
66
68
69
72
74
78
82
83
83
84
83
83
82
47
50
53
55
58
62
67
71
73
76
79
82
85
87
87
86
85
84
83
80
67
59
50
43
37
34
30
1
1
1
1
1
1
1
1
1
1
1
1
1
1
1
1
1
1
1
1
1
1
1
1
1
1
1
1
1
1
1
1
1
1
1
1
1
1
1
1
1
1
1
1
1
1
1
1
1
1
1
1
1
1
1
1
1
1
1
1
1
1
1
1
1
