# Vetor de dados - syn_f002489-1-Pre--left--vetorlinha.txt
# Total de elementos: 768
# Formato: um valor por linha
#==================================================

1
1
1
1
1
1
1
1
1
1
1
1
1
1
1
1
1
1
1
1
1
1
1
1
1
1
1
1
1
1
1
1
1
1
1
1
1
1
1
1
1
1
1
1
1
1
1
1
1
1
1
1
1
1
1
1
1
1
1
1
1
1
1
1
1
1
1
1
1
1
1
1
1
1
1
1
1
1
1
1
1
1
1
1
1
1
1
1
1
1
1
1
1
1
1
1
1
1
1
1
1
1
1
1
1
1
1
1
1
1
1
1
1
16
25
32
36
41
45
48
51
53
55
57
59
61
63
66
68
68
70
70
72
72
74
74
75
76
77
77
77
78
78
78
78
78
78
78
78
78
79
79
79
79
79
79
80
81
81
81
82
83
84
84
84
83
83
82
79
78
75
74
73
73
72
71
71
69
69
69
68
67
67
66
67
67
67
67
67
67
66
66
65
63
62
62
60
58
57
56
55
54
53
54
53
54
54
55
56
56
57
58
59
59
60
67
75
190
209
230
235
240
246
255
262
276
287
300
300
300
300
299
297
295
293
286
285
284
267
264
225
220
216
212
207
202
197
191
184
178
173
168
159
153
143
134
129
125
120
115
113
114
115
116
117
117
118
119
119
120
120
121
121
121
122
122
122
122
122
122
122
122
123
123
123
124
124
123
123
123
123
122
122
121
121
120
120
119
119
117
116
115
113
112
111
110
109
110
110
111
110
110
111
111
111
111
111
112
112
112
112
112
112
112
111
112
111
111
112
112
111
111
112
112
111
111
111
112
112
111
111
111
111
111
110
110
110
109
109
110
110
109
108
108
108
108
109
109
110
110
111
111
113
114
114
116
116
117
118
119
120
120
121
122
122
123
124
125
125
125
126
127
127
127
127
128
128
128
128
128
129
129
129
128
128
129
129
128
128
128
127
127
126
126
125
125
124
124
123
121
120
120
119
118
117
117
115
114
113
112
110
109
108
105
104
104
103
103
102
102
103
102
102
101
100
100
99
99
98
99
98
97
97
96
95
94
93
92
91
91
90
90
90
89
89
87
87
87
87
86
86
86
86
86
85
85
84
84
83
83
83
83
83
82
82
82
80
80
80
80
79
79
79
79
78
78
78
77
76
76
76
76
75
75
75
75
73
73
73
73
72
72
72
72
71
70
70
70
69
69
69
67
67
67
67
66
66
65
64
64
64
63
63
63
62
61
61
60
60
59
59
59
58
58
58
57
57
57
56
56
57
56
56
56
55
56
55
55
56
55
55
55
55
55
55
55
54
55
54
54
54
54
53
54
53
53
52
53
52
52
51
51
50
49
50
49
48
48
47
47
47
47
47
47
46
46
46
46
46
46
46
46
46
45
46
46
46
46
46
46
46
46
45
45
45
45
45
45
45
44
44
44
44
44
44
43
43
43
43
43
42
41
41
41
41
40
40
39
39
39
39
39
39
38
38
38
38
38
38
37
37
37
37
37
37
37
36
36
36
37
37
38
38
39
39
40
41
41
43
45
46
49
51
53
55
58
61
67
71
74
75
76
78
80
81
82
82
83
84
84
84
85
85
85
85
45
47
49
50
52
56
58
61
64
68
71
75
77
80
81
83
84
86
86
87
88
88
88
85
86
83
72
64
58
51
45
39
37
1
1
1
1
1
1
1
1
1
1
1
1
1
1
1
1
1
1
1
1
1
1
1
1
1
1
1
1
1
1
1
1
1
1
1
1
1
1
1
1
1
1
1
1
1
1
1
1
1
1
