# Vetor de dados - syn_f001251-2-Pre--front--vetorlinha.txt
# Total de elementos: 768
# Formato: um valor por linha
#==================================================

1
1
1
1
1
1
1
1
1
1
1
1
1
1
1
1
1
1
1
1
1
1
1
1
1
1
1
1
1
1
1
1
1
1
1
1
1
1
1
1
1
1
1
1
1
1
1
1
1
1
1
1
1
1
1
1
1
1
1
1
1
1
1
1
1
1
1
1
1
1
1
1
1
1
1
1
1
1
1
1
1
1
1
1
1
1
1
1
1
1
1
1
1
1
1
1
1
1
1
1
1
1
1
1
1
1
1
1
1
1
1
1
1
1
1
1
1
1
1
1
1
1
1
9
21
25
28
32
35
37
39
41
43
45
45
47
48
49
50
52
52
53
54
54
54
56
56
56
56
56
56
57
57
57
56
56
56
56
55
56
58
61
63
64
64
63
63
62
62
61
60
60
59
59
57
56
55
53
51
49
45
45
44
43
43
43
42
41
40
40
40
41
40
40
40
40
40
40
40
40
40
40
40
40
40
41
43
45
48
51
54
56
60
67
76
93
116
129
139
260
273
394
424
437
451
467
512
532
537
545
552
568
580
574
563
562
562
561
559
543
536
471
467
461
456
450
369
353
287
198
183
172
164
159
155
152
150
147
145
144
142
141
140
139
139
137
136
135
135
134
133
132
130
128
126
125
123
121
120
118
117
115
114
112
112
111
109
109
108
107
106
105
104
103
102
101
100
99
99
97
97
98
98
99
99
100
99
99
99
99
98
98
97
97
96
96
96
96
94
94
94
94
92
92
92
90
90
90
88
88
88
87
87
87
86
86
86
86
85
85
85
85
85
85
84
84
85
85
85
87
86
87
88
89
90
91
92
93
94
95
96
98
99
100
101
102
102
104
104
104
105
106
106
107
107
108
108
108
108
108
110
110
110
110
110
110
110
110
111
111
112
112
113
113
113
114
115
115
115
116
117
117
118
118
119
119
120
121
121
121
122
123
123
123
125
125
125
125
125
125
127
127
127
127
127
127
127
127
129
129
128
128
127
127
127
127
127
127
127
127
127
127
127
127
127
127
127
127
127
125
125
125
125
125
125
125
125
125
125
125
125
125
124
123
123
123
123
123
123
122
121
121
120
120
120
118
118
118
117
116
116
116
116
116
116
114
114
114
114
114
113
112
112
111
110
110
109
109
108
107
107
106
105
105
104
104
103
102
102
102
102
101
100
100
100
100
100
100
99
99
99
99
98
99
99
99
99
99
99
99
99
99
98
97
97
97
97
97
97
97
97
97
97
98
98
98
99
99
99
100
100
100
100
102
102
102
102
102
104
104
104
104
106
106
106
106
107
108
108
108
108
108
108
108
110
110
110
110
110
110
110
110
110
110
110
109
109
109
108
108
108
108
108
108
107
106
106
106
106
106
105
104
104
104
104
103
103
102
101
101
101
100
99
99
99
99
97
97
97
97
95
95
95
95
93
93
93
93
91
91
91
91
89
89
89
89
87
87
87
87
87
85
85
85
85
85
84
84
84
84
84
84
85
85
85
85
86
86
86
86
86
86
86
86
86
85
85
85
85
87
87
87
89
89
89
91
91
93
93
95
96
97
99
100
101
102
103
103
104
105
105
106
106
105
105
104
104
104
103
102
101
98
97
94
91
87
36
1
1
1
1
1
1
1
1
1
1
1
1
1
1
1
1
1
1
1
1
1
1
1
1
1
1
1
1
1
1
1
1
1
1
1
1
1
1
1
1
1
1
1
1
1
1
1
1
1
1
1
1
1
1
1
1
1
1
1
1
1
