# Vetor de dados - syn_f003237-2-Pre--front--vetorlinha.txt
# Total de elementos: 768
# Formato: um valor por linha
#==================================================

1
1
1
1
1
1
1
1
1
1
1
1
1
1
1
1
1
1
1
1
1
1
1
1
1
1
1
1
1
1
1
1
1
1
1
1
1
1
1
1
1
1
1
1
1
1
1
1
1
1
1
1
1
1
1
1
1
1
1
1
1
1
1
1
1
1
1
1
1
1
1
1
1
1
1
1
1
1
1
1
1
1
1
1
1
1
1
1
1
1
1
1
1
1
1
1
1
1
1
1
1
1
1
1
1
1
1
1
1
1
1
1
1
1
1
1
1
1
1
1
1
1
1
1
1
1
1
1
1
1
1
1
1
9
21
25
29
33
36
38
40
42
44
46
47
48
50
51
52
53
54
55
56
57
57
58
58
59
59
59
60
60
60
60
60
60
60
59
59
59
59
61
66
68
68
68
68
68
66
66
66
65
64
64
64
62
62
60
60
58
56
51
50
50
50
50
50
49
48
47
46
46
44
44
43
43
43
43
43
43
42
42
42
42
42
43
44
44
46
47
50
53
57
61
64
76
98
111
150
260
272
289
393
406
415
426
442
476
511
516
521
526
539
560
559
556
542
533
535
534
520
516
517
517
449
443
435
362
347
307
285
236
224
210
195
171
160
155
152
149
148
146
146
145
144
143
143
141
141
139
139
138
137
135
134
132
130
129
127
126
125
123
122
120
119
118
117
115
115
114
113
112
112
111
110
110
110
108
108
106
106
104
104
102
101
99
98
97
96
96
96
95
95
94
94
94
94
95
95
95
95
95
95
94
94
94
93
93
92
92
91
90
90
89
89
89
88
87
87
88
88
88
88
89
89
90
90
92
92
93
93
93
95
95
96
97
98
99
100
102
102
104
104
105
106
107
108
108
109
109
110
111
111
111
112
112
113
113
113
113
113
113
113
114
113
113
113
113
113
113
113
113
113
114
113
112
113
113
113
113
113
113
114
114
115
115
115
116
117
117
117
117
119
119
119
119
119
119
119
120
120
120
121
121
121
121
121
121
121
121
121
121
121
120
120
120
120
121
121
121
121
121
121
121
120
120
120
119
119
119
119
119
119
119
119
119
119
119
118
118
118
118
118
118
118
117
116
115
114
114
112
112
111
110
110
109
108
108
107
107
106
106
105
104
104
104
102
102
102
101
101
100
99
99
99
97
97
97
96
95
95
95
95
94
94
94
94
92
92
92
92
92
93
93
93
93
93
93
93
93
93
93
93
93
93
93
93
93
94
94
94
94
94
95
95
95
95
96
96
97
97
98
98
99
99
100
100
101
101
102
102
103
103
104
105
105
105
105
105
105
105
105
107
107
107
107
107
107
106
105
105
105
105
105
105
105
105
105
103
103
103
103
103
101
101
101
101
101
99
99
99
99
98
97
97
97
96
95
95
95
95
94
93
93
93
92
92
91
91
90
90
90
89
88
88
88
87
86
86
86
85
85
84
84
83
83
82
82
81
81
81
81
81
81
81
81
81
81
81
81
81
81
81
81
81
81
81
81
82
82
80
82
82
82
83
84
84
85
86
86
87
88
89
90
92
93
94
95
96
97
98
100
100
102
101
101
102
102
102
101
100
99
95
92
88
41
1
1
1
1
1
1
1
1
1
1
1
1
1
1
1
1
1
1
1
1
1
1
1
1
1
1
1
1
1
1
1
1
1
1
1
1
1
1
1
1
1
1
1
1
1
1
1
1
1
1
1
1
1
1
1
1
1
1
1
1
1
1
1
1
1
1
1
1
1
1
1
1
