# Vetor de dados - syn_f004798-0-Pre--left--vetorlinha.txt
# Total de elementos: 768
# Formato: um valor por linha
#==================================================

1
1
1
1
1
1
1
1
1
1
1
1
1
1
1
1
1
1
1
1
1
1
1
1
1
1
1
1
1
1
1
1
1
1
1
1
1
1
1
1
1
1
1
1
1
1
1
1
1
1
1
1
1
1
1
1
1
1
1
1
1
1
1
1
1
1
1
1
1
1
1
1
1
1
1
1
1
1
1
1
1
1
1
1
1
1
1
1
1
1
1
1
1
1
1
1
1
1
1
1
1
1
1
1
1
1
1
1
1
1
1
1
1
1
1
1
1
1
1
1
1
1
1
1
1
1
12
23
31
35
39
43
46
49
51
53
55
57
59
61
62
64
65
66
67
68
68
70
70
71
71
72
72
72
72
72
73
73
73
74
74
74
75
74
75
75
76
76
76
77
78
77
78
79
78
78
77
77
75
72
71
69
68
67
67
66
65
64
63
62
62
62
61
60
60
60
60
59
59
59
60
59
57
55
41
41
42
41
42
41
42
42
42
43
42
43
43
43
42
43
43
43
44
45
44
45
46
51
56
60
156
166
175
183
193
200
224
230
236
244
252
258
270
278
291
292
292
291
291
289
287
284
277
276
258
178
172
166
158
151
100
92
84
76
77
77
78
78
79
79
80
79
80
80
81
81
80
81
81
81
80
81
81
81
80
81
81
80
80
81
81
80
80
80
80
79
78
78
77
76
75
74
74
74
74
74
73
73
74
73
73
73
73
74
74
74
73
73
73
73
73
73
73
73
72
72
72
73
72
72
72
71
71
71
71
70
70
70
70
70
71
71
71
71
71
71
71
71
72
73
74
75
76
77
78
80
81
82
83
84
85
86
86
87
87
89
89
90
90
91
91
91
91
91
92
92
92
93
92
92
93
92
92
93
92
92
92
93
92
92
92
92
92
92
92
91
91
91
91
90
90
90
90
89
89
88
88
88
87
87
87
88
88
87
87
88
88
87
87
87
87
86
86
85
86
85
85
84
84
83
83
83
82
81
81
80
80
79
79
78
77
77
76
76
75
75
74
73
73
72
72
72
71
71
71
70
70
69
69
68
68
68
68
68
68
67
67
67
67
66
66
66
66
66
65
65
65
64
64
64
63
63
63
62
62
62
62
61
61
61
60
60
60
60
59
59
59
58
58
58
57
57
56
55
55
55
54
54
54
53
53
53
52
52
52
52
51
51
51
51
51
50
50
50
50
50
49
49
49
49
49
50
50
49
49
49
49
50
49
49
49
50
49
49
50
49
49
49
49
49
49
48
48
48
48
47
48
47
47
47
47
46
45
45
44
44
44
44
44
43
43
43
43
42
42
42
42
43
43
42
42
43
43
43
43
43
43
42
43
43
43
43
43
43
43
42
42
42
42
42
42
42
41
41
41
41
41
41
40
40
39
39
39
38
38
38
38
38
38
38
37
37
37
37
37
37
37
36
36
36
36
36
36
36
35
35
35
35
35
35
36
36
36
36
37
38
38
39
40
42
43
45
48
50
52
56
57
59
61
62
64
68
73
74
77
79
82
85
87
87
87
87
88
87
80
50
52
54
56
58
60
63
66
69
73
77
78
81
85
87
88
90
91
92
91
90
89
85
72
61
56
49
44
40
1
1
1
1
1
1
1
1
1
1
1
1
1
1
1
1
1
1
1
1
1
1
1
1
1
1
1
1
1
1
1
1
1
1
1
1
1
1
1
1
1
1
1
1
1
1
1
1
1
1
1
1
1
1
1
1
1
1
1
1
1
1
1
1
