# Vetor de dados - syn_f002405-0-Pre--front--vetorcoluna.txt
# Total de elementos: 1024
# Formato: um valor por linha
#==================================================

1
1
1
1
1
1
1
1
1
1
1
1
1
1
1
1
1
1
1
1
1
1
1
1
1
1
1
1
1
1
1
1
1
1
1
1
1
1
1
1
1
1
1
1
1
1
1
1
1
1
1
1
1
1
1
1
1
1
1
1
1
1
1
1
1
1
1
1
1
1
1
1
1
1
1
1
1
1
1
1
1
1
1
1
1
1
1
1
1
1
1
1
1
1
1
1
1
1
1
1
1
1
1
1
1
1
1
1
1
1
1
1
1
1
1
1
1
1
1
1
1
1
1
1
1
1
1
1
1
1
1
1
1
1
1
1
1
1
1
1
1
1
1
1
1
1
1
1
1
1
1
1
1
1
1
1
1
1
1
1
1
1
1
1
1
1
1
1
1
1
1
1
1
1
1
1
1
1
1
1
1
1
1
1
1
1
1
1
1
1
1
1
1
1
1
1
1
1
1
1
1
1
1
1
1
1
1
1
1
1
1
1
1
1
1
1
1
1
1
1
1
1
1
1
1
1
1
1
1
1
1
1
1
1
20
21
21
21
20
20
20
21
21
21
21
21
21
21
21
21
22
22
22
22
22
22
23
23
23
23
23
24
24
24
24
25
25
25
25
26
26
26
26
27
27
27
27
27
27
27
27
27
27
27
27
27
27
27
27
27
27
28
28
28
28
28
28
28
28
28
28
28
28
28
28
28
28
28
28
29
29
29
29
29
29
29
29
29
30
30
30
30
30
30
30
30
30
30
30
30
31
31
31
31
31
32
32
33
33
33
33
34
34
34
35
35
35
35
35
36
36
36
35
35
36
36
36
36
36
36
36
36
36
37
37
36
36
36
36
36
36
36
37
37
37
37
37
37
37
36
36
36
37
37
37
37
37
37
38
38
38
38
38
38
39
39
39
39
39
39
40
40
40
40
40
41
41
41
41
41
41
41
42
42
42
42
42
42
42
43
43
43
43
44
44
44
44
44
44
44
44
45
45
45
46
46
46
47
48
50
51
53
54
56
57
58
60
61
266
271
276
281
285
288
293
298
306
393
398
403
407
412
417
421
426
499
499
499
499
499
501
501
502
502
501
501
501
502
503
504
505
505
506
506
505
504
478
544
516
510
507
503
500
495
491
485
480
446
439
434
431
428
426
420
377
368
358
337
326
325
326
325
350
357
363
370
379
390
422
426
428
432
434
438
444
472
481
487
491
494
498
501
503
506
427
460
495
497
499
499
500
501
500
500
499
499
498
499
500
500
500
500
499
499
499
499
497
497
423
418
413
407
402
397
391
324
301
294
288
284
280
276
272
62
60
58
57
55
54
53
51
50
49
47
45
45
44
44
44
43
43
43
42
42
41
41
41
41
40
40
40
40
40
40
39
39
39
39
39
39
39
38
38
38
38
38
38
38
37
37
37
37
37
37
37
37
37
37
37
36
36
36
36
36
36
36
36
36
36
36
36
36
36
36
36
36
37
36
36
36
36
36
36
36
37
37
37
37
37
37
37
37
37
37
37
37
37
36
36
36
36
36
35
35
35
35
35
34
33
33
33
33
33
33
33
33
32
31
31
31
31
31
31
31
31
30
30
29
29
29
29
29
29
29
28
27
27
27
27
27
27
26
25
25
25
25
25
25
25
25
23
23
23
23
23
23
23
22
22
22
22
22
22
22
22
22
22
21
21
21
20
21
21
21
21
21
21
21
21
21
22
21
22
22
22
22
22
22
22
22
22
22
22
22
21
21
20
21
20
21
21
21
19
19
20
21
21
21
21
21
21
21
21
21
21
21
21
20
17
12
12
12
12
12
12
12
12
12
12
12
12
12
12
12
12
12
12
10
1
1
1
1
1
1
1
1
1
1
1
1
1
1
1
1
1
1
1
1
1
1
1
1
1
1
1
1
1
1
1
1
1
1
1
1
1
1
1
1
1
1
1
1
1
1
1
1
1
1
1
1
1
1
1
1
1
1
1
1
1
1
1
1
1
1
1
1
1
1
1
1
1
1
1
1
1
1
1
1
1
1
1
1
1
1
1
1
1
1
1
1
1
1
1
1
1
1
1
1
1
1
1
1
1
1
1
1
1
1
1
1
1
1
1
1
1
1
1
1
1
1
1
1
1
1
1
1
1
1
1
1
1
1
1
1
1
1
1
1
1
1
1
1
1
1
1
1
1
1
1
1
1
1
1
1
1
1
1
1
1
1
1
1
1
1
1
1
1
1
1
1
1
1
1
1
1
1
1
1
1
1
1
1
1
1
1
1
1
1
1
1
1
1
1
1
1
1
1
1
1
1
1
1
1
1
1
1
1
1
1
1
1
1
1
1
