# Vetor de dados - syn_f004475-3-Pre--front--vetorcoluna.txt
# Total de elementos: 1024
# Formato: um valor por linha
#==================================================

1
1
1
1
1
1
1
1
1
1
1
1
1
1
1
1
1
1
1
1
1
1
1
1
1
1
1
1
1
1
1
1
1
1
1
1
1
1
1
1
1
1
1
1
1
1
1
1
1
1
1
1
1
1
1
1
1
1
1
1
1
1
1
1
1
1
1
1
1
1
1
1
1
1
1
1
1
1
1
1
1
1
1
1
1
1
1
1
1
1
1
1
1
1
1
1
1
1
1
1
1
1
1
1
1
1
1
1
1
1
1
1
1
1
1
1
1
1
1
1
1
1
1
1
1
1
1
1
1
1
1
1
1
1
1
1
1
1
1
1
1
1
1
1
1
1
1
1
1
1
1
1
1
1
1
1
1
1
1
1
1
1
1
1
1
1
1
1
1
1
1
1
1
1
1
1
1
1
1
1
1
1
1
1
1
1
1
1
1
1
1
1
1
1
1
1
1
1
1
1
1
1
1
1
1
1
1
1
1
1
1
1
1
8
8
8
8
8
8
8
8
8
8
8
8
8
8
9
9
10
10
10
10
10
10
17
18
18
19
19
19
19
19
20
20
19
19
19
19
18
20
19
19
19
19
21
21
21
21
20
21
21
21
21
22
21
21
21
21
21
20
19
18
20
19
19
19
19
19
19
19
19
19
19
19
19
19
19
19
21
21
21
22
22
22
22
24
24
24
24
24
24
25
26
26
26
26
26
28
28
28
28
28
28
29
30
30
30
31
31
31
31
31
31
33
33
33
33
33
33
33
33
34
34
35
35
35
35
35
35
35
35
35
36
36
36
36
35
35
35
35
35
35
35
35
35
35
35
35
35
35
34
34
34
33
33
33
33
33
33
33
33
32
32
32
32
32
32
32
32
32
32
32
32
32
32
33
33
33
33
33
33
33
33
34
35
35
35
35
35
35
35
35
35
35
35
35
35
35
35
35
35
35
35
35
35
36
36
36
36
36
36
36
36
36
36
37
37
37
37
38
39
39
40
40
40
41
42
44
46
48
51
54
56
57
58
61
62
63
63
65
66
68
70
72
75
267
270
273
276
278
281
283
286
385
389
393
397
400
405
410
488
488
488
488
487
489
490
490
490
489
489
489
490
490
492
492
492
491
557
557
488
483
479
475
471
467
463
458
451
406
402
398
385
371
354
335
329
324
319
314
310
302
297
295
295
296
310
316
322
326
330
334
338
349
362
387
393
395
397
449
453
457
462
466
470
475
414
418
482
484
487
489
489
489
489
488
487
487
487
487
487
487
487
486
486
485
484
484
407
402
397
393
389
386
381
286
283
281
279
276
274
272
269
71
67
63
61
58
57
56
54
52
50
49
46
46
45
44
43
42
42
42
40
40
40
38
38
38
37
37
37
36
36
36
35
35
35
36
36
36
36
36
35
35
35
35
35
35
35
35
35
35
35
35
35
35
35
35
35
35
33
33
33
33
33
33
33
33
32
32
32
32
32
32
32
32
33
32
32
32
32
32
32
32
33
33
33
33
33
34
34
35
35
35
35
35
35
35
35
35
35
35
35
35
35
35
35
35
35
36
36
36
35
35
35
35
35
35
35
35
34
34
34
34
34
34
32
32
32
32
32
32
31
31
31
31
30
30
30
30
28
28
28
28
28
27
27
27
27
26
26
25
25
25
25
24
24
24
24
24
22
22
22
22
22
21
21
21
21
21
21
21
21
21
21
21
21
21
21
22
21
22
21
22
21
22
21
21
22
21
21
21
21
21
21
21
19
19
19
20
20
19
19
19
20
21
21
21
22
22
22
22
22
22
22
22
21
20
13
13
13
13
13
13
13
13
13
13
14
14
14
14
14
14
14
14
14
13
13
1
1
1
1
1
1
1
1
1
1
1
1
1
1
1
1
1
1
1
1
1
1
1
1
1
1
1
1
1
1
1
1
1
1
1
1
1
1
1
1
1
1
1
1
1
1
1
1
1
1
1
1
1
1
1
1
1
1
1
1
1
1
1
1
1
1
1
1
1
1
1
1
1
1
1
1
1
1
1
1
1
1
1
1
1
1
1
1
1
1
1
1
1
1
1
1
1
1
1
1
1
1
1
1
1
1
1
1
1
1
1
1
1
1
1
1
1
1
1
1
1
1
1
1
1
1
1
1
1
1
1
1
1
1
1
1
1
1
1
1
1
1
1
1
1
1
1
1
1
1
1
1
1
1
1
1
1
1
1
1
1
1
1
1
1
1
1
1
1
1
1
1
1
1
1
1
1
1
1
1
1
1
1
1
1
1
1
1
1
1
1
1
1
1
1
1
1
1
1
1
1
1
1
1
1
1
1
1
1
1
1
1
1
1
