# Vetor de dados - syn_f002903-2-Pre--front--vetorlinha.txt
# Total de elementos: 768
# Formato: um valor por linha
#==================================================

1
1
1
1
1
1
1
1
1
1
1
1
1
1
1
1
1
1
1
1
1
1
1
1
1
1
1
1
1
1
1
1
1
1
1
1
1
1
1
1
1
1
1
1
1
1
1
1
1
1
1
1
1
1
1
1
1
1
1
1
1
1
1
1
1
1
1
1
1
1
1
1
1
1
1
1
1
1
1
1
1
1
1
1
1
1
1
1
1
1
1
1
1
1
1
1
1
1
1
1
1
1
1
1
1
1
1
1
1
1
1
1
1
1
1
1
1
1
1
1
1
1
1
1
1
1
1
1
1
1
20
25
29
33
36
39
41
43
45
47
49
51
51
53
54
55
57
57
59
59
59
61
61
61
63
63
63
63
63
63
63
63
63
63
63
63
63
63
63
63
68
70
71
71
71
70
70
70
69
68
68
68
67
66
65
64
63
61
61
59
55
53
53
52
52
52
50
50
50
48
48
46
45
44
43
43
43
43
43
41
41
41
41
42
41
43
45
263
272
283
332
335
337
381
387
395
410
467
467
467
467
476
484
494
503
508
510
512
462
463
464
467
469
476
481
492
490
485
482
478
472
464
457
428
418
406
400
395
390
300
267
258
246
187
156
154
152
151
150
149
148
148
147
147
146
145
145
143
143
141
141
140
139
139
137
137
135
135
134
133
132
132
132
131
130
130
130
128
128
128
126
126
126
125
124
123
121
121
119
119
118
117
116
116
115
115
115
115
115
115
114
114
113
113
112
111
111
110
109
109
109
108
108
108
108
108
108
108
108
108
108
108
107
106
106
106
106
107
107
107
107
109
110
111
112
113
114
116
117
119
119
121
123
123
125
125
127
127
127
129
129
130
130
131
131
131
131
131
131
131
132
132
132
132
132
132
132
132
132
132
132
132
132
132
133
134
134
134
134
134
134
136
136
136
136
136
137
138
138
138
139
140
140
141
142
142
142
143
144
144
144
144
144
145
146
146
146
146
146
148
148
148
148
148
148
148
148
148
148
148
148
148
148
148
148
148
148
148
147
146
146
146
146
146
146
146
146
146
145
144
144
144
144
144
143
142
142
142
142
141
140
140
140
139
138
137
137
137
135
135
135
133
133
132
131
131
129
129
128
127
126
125
125
124
123
122
121
121
119
119
119
118
117
117
117
115
115
115
114
113
113
113
112
111
111
110
110
110
110
109
109
108
108
108
108
108
108
108
108
108
108
108
107
107
106
106
106
106
106
106
106
106
107
107
107
108
108
108
108
109
110
110
110
110
111
112
112
112
112
112
114
114
114
114
114
114
115
115
116
116
116
116
116
116
116
116
116
116
115
115
115
115
115
115
115
115
114
113
113
113
113
113
111
111
111
111
111
110
109
109
109
108
107
107
107
105
105
105
105
104
103
103
103
103
101
101
101
100
100
99
99
99
98
98
97
97
97
96
96
95
95
94
94
94
94
94
93
93
92
92
92
92
92
92
92
92
92
93
93
93
93
95
95
95
95
95
95
95
95
95
95
95
95
96
96
96
97
98
98
99
99
101
102
103
104
106
107
108
109
109
110
111
112
112
112
113
113
113
113
113
112
111
110
108
105
103
98
95
93
86
38
1
1
1
1
1
1
1
1
1
1
1
1
1
1
1
1
1
1
1
1
1
1
1
1
1
1
1
1
1
1
1
1
1
1
1
1
1
1
1
1
1
1
1
1
1
1
1
1
1
1
1
1
1
1
1
1
1
1
1
1
1
1
1
1
1
1
1
