# Vetor de dados - syn_f003262-2-Pre--front--vetorlinha.txt
# Total de elementos: 768
# Formato: um valor por linha
#==================================================

1
1
1
1
1
1
1
1
1
1
1
1
1
1
1
1
1
1
1
1
1
1
1
1
1
1
1
1
1
1
1
1
1
1
1
1
1
1
1
1
1
1
1
1
1
1
1
1
1
1
1
1
1
1
1
1
1
1
1
1
1
1
1
1
1
1
1
1
1
1
1
1
1
1
1
1
1
1
1
1
1
1
1
1
1
1
1
1
1
1
1
1
1
1
1
1
1
1
1
1
1
1
1
1
1
1
1
1
1
1
1
1
1
1
1
1
1
1
1
1
1
1
1
1
1
1
1
1
1
1
1
1
1
1
1
1
1
1
1
1
1
1
1
1
8
19
26
28
32
36
38
40
42
44
46
48
49
50
52
52
54
55
56
56
57
58
58
59
60
60
60
60
60
60
61
60
60
60
60
60
60
60
60
60
66
68
68
69
69
68
68
67
67
67
65
65
65
64
63
61
60
59
58
55
50
49
49
49
47
47
47
46
46
45
45
45
44
43
43
43
43
43
43
43
43
43
43
42
43
43
46
48
51
54
56
59
216
256
267
293
302
311
409
450
455
461
467
474
480
483
480
473
472
479
486
491
496
507
514
470
466
461
456
451
442
433
399
398
378
367
352
343
245
227
191
155
145
140
137
136
134
133
133
131
131
130
129
128
128
127
126
126
125
125
124
123
123
122
122
121
120
118
117
115
114
113
111
110
110
108
108
106
105
104
103
102
101
100
98
98
96
96
96
95
95
95
95
95
95
95
96
95
95
94
94
94
94
94
94
94
94
92
92
92
92
92
92
91
91
91
91
90
90
89
89
88
88
87
87
87
88
88
90
91
91
93
95
96
97
99
101
101
103
104
105
105
106
107
107
108
109
109
109
110
110
111
111
111
111
111
113
113
113
113
113
112
112
113
113
113
113
113
113
113
114
114
114
115
115
115
115
115
116
117
117
117
117
117
118
119
119
120
120
121
121
122
122
122
123
123
124
124
124
125
125
126
126
126
127
127
127
127
127
127
127
127
127
127
127
127
127
127
127
127
127
128
128
128
127
128
127
127
127
127
127
127
127
127
127
127
127
126
126
126
126
126
125
125
124
124
124
123
122
122
121
120
120
120
118
118
118
116
116
116
114
114
114
112
112
112
110
110
110
108
108
108
106
106
106
104
104
104
102
102
102
100
100
100
99
98
98
98
98
98
98
98
98
98
98
98
98
98
98
98
98
96
96
96
96
96
96
96
96
97
98
98
98
98
99
100
100
101
101
101
102
103
103
104
104
104
105
106
106
106
106
107
107
108
108
108
108
108
108
108
108
108
108
108
108
108
108
108
107
107
107
106
106
106
105
104
104
104
104
103
102
102
102
101
100
100
100
98
98
98
98
97
96
96
96
94
94
94
93
92
92
92
91
90
90
90
89
88
88
88
87
86
86
86
86
85
84
84
84
84
84
84
83
83
82
83
83
83
83
83
85
85
85
84
84
84
84
84
85
85
85
86
87
88
88
89
90
92
93
94
95
97
98
99
99
99
101
100
101
101
102
102
100
100
100
100
97
95
92
89
85
37
1
1
1
1
1
1
1
1
1
1
1
1
1
1
1
1
1
1
1
1
1
1
1
1
1
1
1
1
1
1
1
1
1
1
1
1
1
1
1
1
1
1
1
1
1
1
1
1
1
1
1
1
1
1
1
1
1
1
1
1
1
1
1
1
1
1
1
1
1
1
1
1
1
1
1
1
1
1
1
1
1
1
