# Vetor de dados - syn_f002831-1-Pre--front--vetorcoluna.txt
# Total de elementos: 1024
# Formato: um valor por linha
#==================================================

1
1
1
1
1
1
1
1
1
1
1
1
1
1
1
1
1
1
1
1
1
1
1
1
1
1
1
1
1
1
1
1
1
1
1
1
1
1
1
1
1
1
1
1
1
1
1
1
1
1
1
1
1
1
1
1
1
1
1
1
1
1
1
1
1
1
1
1
1
1
1
1
1
1
1
1
1
1
1
1
1
1
1
1
1
1
1
1
1
1
1
1
1
1
1
1
1
1
1
1
1
1
1
1
1
1
1
1
1
1
1
1
1
1
1
1
1
1
1
1
1
1
1
1
1
1
1
1
1
1
1
1
1
1
1
1
1
1
1
1
1
1
1
1
1
1
1
1
1
1
1
1
1
1
1
1
1
1
1
1
1
1
1
1
1
1
1
1
1
1
1
1
1
1
1
1
1
1
1
1
1
1
1
1
1
1
1
1
1
1
1
1
1
1
1
1
1
1
1
1
1
1
1
1
1
1
1
1
1
1
1
1
1
1
1
1
1
1
1
1
1
8
9
9
9
10
10
10
10
10
10
9
9
9
9
9
9
9
9
9
9
9
9
9
16
18
18
18
19
19
18
18
20
19
19
18
18
19
19
18
18
18
19
19
19
21
20
20
20
21
21
20
21
21
21
19
21
20
19
20
19
18
18
18
18
18
20
19
19
19
19
19
19
19
20
20
21
21
21
21
22
22
23
23
23
23
24
24
24
24
24
25
26
26
26
26
26
27
27
27
27
27
28
28
28
28
28
29
30
30
30
30
30
30
31
31
31
31
31
31
31
31
31
31
32
33
33
33
33
33
33
33
33
33
33
33
33
33
33
33
33
33
33
33
32
32
32
32
31
31
31
31
31
31
31
31
31
31
31
31
31
31
31
31
31
31
31
32
32
32
32
32
32
32
32
32
33
33
33
33
33
32
32
32
32
33
33
33
33
33
33
34
34
34
34
34
35
35
35
35
36
36
36
37
37
37
38
37
37
39
39
39
39
40
40
40
40
41
41
42
43
44
44
46
48
50
52
54
55
56
58
59
60
61
62
61
65
74
276
280
284
287
391
396
400
405
409
414
488
489
490
490
490
490
491
491
491
491
491
491
491
492
493
493
493
494
492
492
489
497
493
488
484
479
475
471
467
459
438
434
429
425
419
411
399
392
378
366
358
349
339
328
313
313
334
341
346
351
356
361
370
384
398
411
417
421
424
428
432
459
467
471
476
479
483
486
491
498
496
497
498
497
496
495
495
494
493
493
493
493
493
493
491
491
492
492
491
490
490
417
413
408
403
399
394
389
287
283
72
66
61
62
61
60
59
58
57
56
55
52
50
49
48
46
45
43
43
42
42
41
40
39
39
39
38
38
38
37
37
36
36
36
36
36
35
35
35
35
34
34
34
34
33
33
33
33
33
32
32
32
32
32
31
31
31
31
31
31
31
31
30
30
30
30
30
30
30
30
30
29
29
29
29
29
29
29
29
30
30
30
30
30
30
30
30
31
31
31
31
31
31
32
32
32
32
32
32
32
32
32
32
32
32
32
32
32
32
32
32
32
32
31
31
31
31
31
31
31
31
30
30
30
30
30
28
28
28
28
28
27
27
27
27
27
27
26
26
26
26
26
26
24
24
24
24
24
24
24
23
23
22
22
22
22
22
22
21
21
21
21
21
21
21
21
21
21
21
21
20
20
20
22
22
22
21
21
22
21
22
21
22
22
21
22
21
21
21
21
20
21
21
19
19
19
20
18
19
19
20
20
19
19
20
20
21
21
21
21
20
20
20
12
12
12
12
12
12
12
12
12
12
12
12
12
13
13
13
13
13
12
12
12
1
1
1
1
1
1
1
1
1
1
1
1
1
1
1
1
1
1
1
1
1
1
1
1
1
1
1
1
1
1
1
1
1
1
1
1
1
1
1
1
1
1
1
1
1
1
1
1
1
1
1
1
1
1
1
1
1
1
1
1
1
1
1
1
1
1
1
1
1
1
1
1
1
1
1
1
1
1
1
1
1
1
1
1
1
1
1
1
1
1
1
1
1
1
1
1
1
1
1
1
1
1
1
1
1
1
1
1
1
1
1
1
1
1
1
1
1
1
1
1
1
1
1
1
1
1
1
1
1
1
1
1
1
1
1
1
1
1
1
1
1
1
1
1
1
1
1
1
1
1
1
1
1
1
1
1
1
1
1
1
1
1
1
1
1
1
1
1
1
1
1
1
1
1
1
1
1
1
1
1
1
1
1
1
1
1
1
1
1
1
1
1
1
1
1
1
1
1
1
1
1
1
1
1
1
1
1
1
1
1
1
1
1
1
1
1
1
1
1
1
1
1
