# Vetor de dados - syn_f002654-0-Pre--front--vetorlinha.txt
# Total de elementos: 768
# Formato: um valor por linha
#==================================================

1
1
1
1
1
1
1
1
1
1
1
1
1
1
1
1
1
1
1
1
1
1
1
1
1
1
1
1
1
1
1
1
1
1
1
1
1
1
1
1
1
1
1
1
1
1
1
1
1
1
1
1
1
1
1
1
1
1
1
1
1
1
1
1
1
1
1
1
1
1
1
1
1
1
1
1
1
1
1
1
1
1
1
1
1
1
1
1
1
1
1
1
1
1
1
1
1
1
1
1
1
1
1
1
1
1
1
20
24
28
31
35
37
39
41
43
45
47
48
49
50
52
53
54
56
56
56
58
58
59
60
60
60
60
61
61
61
61
61
61
61
61
61
60
60
60
60
64
67
69
69
69
68
68
68
67
66
66
66
64
64
64
62
60
60
58
58
52
48
48
47
47
46
46
45
44
43
43
42
42
42
42
42
42
42
42
41
41
41
41
41
41
41
41
41
41
41
41
42
42
43
44
47
50
54
123
129
136
143
150
157
165
172
179
185
194
203
217
284
354
368
382
396
411
431
455
466
479
492
501
510
519
529
538
555
568
586
597
603
615
615
615
613
594
590
591
568
569
365
363
161
153
150
146
143
141
140
138
136
135
133
131
130
128
126
123
121
119
118
117
116
115
114
113
113
113
112
112
112
112
112
110
110
110
110
110
109
109
108
108
108
108
107
106
106
106
106
106
104
104
104
104
103
103
102
101
101
101
101
101
101
101
101
101
101
101
101
101
101
101
102
103
103
103
103
103
103
103
103
103
103
103
103
103
103
103
103
104
105
104
106
106
106
108
108
110
112
113
114
116
117
118
119
120
122
123
123
124
125
126
127
128
128
128
130
130
130
131
132
132
132
134
134
134
134
134
136
136
136
136
136
136
137
137
137
138
138
138
138
138
138
138
139
139
139
139
139
140
140
140
140
141
141
142
142
142
142
143
144
144
144
145
145
146
146
146
147
147
147
147
147
147
147
147
147
148
148
148
147
147
147
147
147
147
147
145
145
145
145
145
145
144
144
143
143
142
142
142
141
140
140
140
140
138
138
138
138
137
136
136
136
135
135
135
134
133
133
133
132
131
131
129
129
129
128
127
126
126
126
126
125
125
124
124
124
123
123
123
123
123
123
123
122
122
121
121
121
121
121
121
121
121
120
119
119
119
119
119
119
119
119
117
117
117
117
117
117
117
117
117
116
116
116
116
116
116
116
115
115
115
114
114
114
114
114
114
114
114
114
114
114
113
113
113
113
113
113
113
113
113
113
113
113
113
114
114
114
114
114
114
114
114
114
114
114
114
114
114
115
115
115
115
115
115
115
115
116
115
115
116
115
114
114
114
114
114
114
114
114
114
114
114
113
113
113
112
112
112
112
111
111
111
111
110
110
110
109
109
109
109
109
108
108
107
107
107
107
106
106
105
105
105
105
104
104
104
103
103
103
102
102
102
102
102
101
100
100
100
100
100
98
98
98
98
98
97
97
97
96
96
96
96
95
95
95
95
95
95
95
95
95
95
96
96
96
97
97
97
97
97
97
98
98
98
98
99
99
99
99
99
101
101
101
103
103
103
103
105
105
107
107
109
109
111
111
112
113
113
114
114
115
115
117
117
117
117
117
116
116
115
115
115
114
113
111
108
106
105
103
100
45
1
1
1
1
1
1
1
1
1
1
1
1
1
1
1
1
1
1
1
1
1
1
1
1
1
1
1
1
1
1
1
1
1
1
1
1
1
1
1
1
1
1
1
1
1
1
1
