# Vetor de dados - syn_f003237-2-Pre--front--vetorcoluna.txt
# Total de elementos: 1024
# Formato: um valor por linha
#==================================================

1
1
1
1
1
1
1
1
1
1
1
1
1
1
1
1
1
1
1
1
1
1
1
1
1
1
1
1
1
1
1
1
1
1
1
1
1
1
1
1
1
1
1
1
1
1
1
1
1
1
1
1
1
1
1
1
1
1
1
1
1
1
1
1
1
1
1
1
1
1
1
1
1
1
1
1
1
1
1
1
1
1
1
1
1
1
1
1
1
1
1
1
1
1
1
1
1
1
1
1
1
1
1
1
1
1
1
1
1
1
1
1
1
1
1
1
1
1
1
1
1
1
1
1
1
1
1
1
1
1
1
1
1
1
1
1
1
1
1
1
1
1
1
1
1
1
1
1
1
1
1
1
1
1
1
1
1
1
1
1
1
1
1
1
1
1
1
1
1
1
1
1
1
1
1
1
1
1
1
1
1
1
1
1
1
1
1
1
1
1
1
1
1
1
1
1
1
1
1
1
1
1
1
1
1
1
1
1
1
1
1
1
1
1
1
1
1
1
1
1
1
1
1
1
1
1
1
1
1
1
1
1
1
1
1
6
8
8
8
8
8
8
8
8
8
8
8
8
8
8
8
9
9
9
9
14
16
17
17
17
17
17
17
17
18
18
17
17
17
17
17
17
18
18
18
18
18
20
19
19
19
20
19
19
18
20
18
18
17
18
18
18
17
17
17
17
17
17
17
17
18
18
18
18
18
19
19
19
21
21
21
21
21
22
22
22
23
23
24
24
24
24
25
25
26
26
26
27
27
27
28
28
29
29
29
29
29
29
29
29
29
30
31
31
31
31
31
31
31
31
31
31
31
31
31
31
31
31
31
31
31
31
31
30
30
30
30
30
30
30
30
29
29
29
29
29
29
29
29
29
29
29
29
29
29
29
29
29
29
30
30
30
30
30
31
31
31
31
31
31
32
32
32
32
32
32
32
32
32
32
33
33
34
34
34
34
34
34
34
34
34
34
35
35
35
35
35
36
36
37
37
37
38
38
39
39
40
40
42
44
47
50
52
55
56
58
59
60
62
63
64
65
66
67
68
71
72
74
78
82
261
264
268
271
274
277
281
387
392
396
400
405
409
473
474
472
473
474
474
474
474
474
473
474
476
476
477
478
477
550
533
489
485
480
475
470
465
459
414
411
406
400
383
376
370
360
351
345
340
337
332
327
329
333
337
340
344
349
353
363
395
401
406
408
457
461
466
472
478
482
486
489
550
550
475
474
474
473
473
471
471
472
472
472
473
473
473
472
471
471
470
404
400
396
392
388
384
379
282
278
274
269
265
80
77
74
72
70
68
66
63
61
59
58
57
56
54
52
50
48
46
43
41
41
40
39
39
39
38
37
37
36
36
36
35
35
34
34
34
34
34
34
34
34
34
33
33
33
33
33
33
33
33
33
33
32
32
32
32
32
32
32
31
31
31
31
31
31
31
30
30
30
30
30
30
30
30
30
29
29
29
30
30
30
30
30
30
30
31
31
31
31
31
31
32
32
32
32
32
32
32
32
32
32
33
33
33
33
33
33
33
33
31
31
31
31
31
31
31
31
31
29
29
29
29
29
29
29
28
27
27
27
27
27
27
26
26
25
25
25
24
24
24
24
24
23
23
23
23
21
21
21
20
20
20
19
19
19
18
18
18
18
18
18
18
18
18
17
17
17
18
18
18
18
19
20
20
19
19
19
20
20
20
19
19
19
19
19
19
19
19
19
20
20
18
19
19
19
20
20
20
20
20
20
20
19
18
12
10
10
10
10
10
9
8
8
8
8
8
8
8
8
8
8
8
8
8
9
1
1
1
1
1
1
1
1
1
1
1
1
1
1
1
1
1
1
1
1
1
1
1
1
1
1
1
1
1
1
1
1
1
1
1
1
1
1
1
1
1
1
1
1
1
1
1
1
1
1
1
1
1
1
1
1
1
1
1
1
1
1
1
1
1
1
1
1
1
1
1
1
1
1
1
1
1
1
1
1
1
1
1
1
1
1
1
1
1
1
1
1
1
1
1
1
1
1
1
1
1
1
1
1
1
1
1
1
1
1
1
1
1
1
1
1
1
1
1
1
1
1
1
1
1
1
1
1
1
1
1
1
1
1
1
1
1
1
1
1
1
1
1
1
1
1
1
1
1
1
1
1
1
1
1
1
1
1
1
1
1
1
1
1
1
1
1
1
1
1
1
1
1
1
1
1
1
1
1
1
1
1
1
1
1
1
1
1
1
1
1
1
1
1
1
1
1
1
1
1
1
1
1
1
1
1
1
1
1
1
1
1
1
1
1
1
1
1
1
1
1
1
1
1
1
1
1
1
1
1
1
1
1
1
1
1
