# Vetor de dados - syn_f001541-3-Pre--front--vetorcoluna.txt
# Total de elementos: 1024
# Formato: um valor por linha
#==================================================

1
1
1
1
1
1
1
1
1
1
1
1
1
1
1
1
1
1
1
1
1
1
1
1
1
1
1
1
1
1
1
1
1
1
1
1
1
1
1
1
1
1
1
1
1
1
1
1
1
1
1
1
1
1
1
1
1
1
1
1
1
1
1
1
1
1
1
1
1
1
1
1
1
1
1
1
1
1
1
1
1
1
1
1
1
1
1
1
1
1
1
1
1
1
1
1
1
1
1
1
1
1
1
1
1
1
1
1
1
1
1
1
1
1
1
1
1
1
1
1
1
1
1
1
1
1
1
1
1
1
1
1
1
1
1
1
1
1
1
1
1
1
1
1
1
1
1
1
1
1
1
1
1
1
1
1
1
1
1
1
1
1
1
1
1
1
1
1
1
1
1
1
1
1
1
1
1
1
1
1
1
1
1
1
1
1
1
1
1
1
1
1
1
1
1
1
1
1
1
1
1
1
1
1
1
1
1
1
1
1
1
1
1
1
1
1
1
1
1
1
1
1
1
1
1
1
1
1
1
1
1
1
1
1
1
1
1
1
1
1
1
1
1
1
1
1
1
1
16
17
18
17
18
18
18
19
19
18
18
18
18
18
17
17
18
18
18
18
18
18
18
20
20
19
19
19
20
20
19
19
19
19
20
20
20
20
20
20
20
20
20
21
21
21
21
21
21
21
21
21
21
21
22
22
23
23
23
24
24
25
25
26
26
26
26
26
27
27
28
28
29
29
30
30
30
31
31
32
32
32
32
33
33
33
34
34
34
34
35
35
35
35
35
35
35
35
35
35
35
36
37
37
37
37
37
37
36
36
36
36
36
36
36
35
35
35
35
35
34
34
34
34
33
33
32
32
32
32
32
32
32
32
32
32
32
32
33
33
33
33
33
33
33
35
35
35
35
35
35
35
36
36
36
36
37
37
37
37
38
38
38
38
38
38
38
38
38
38
39
39
39
38
38
38
38
38
38
39
39
39
39
39
39
39
40
40
41
42
42
42
45
48
67
68
68
68
73
75
78
79
278
280
283
285
287
289
291
294
296
298
390
392
395
398
403
406
410
414
486
488
489
489
489
489
490
492
492
493
493
493
493
492
495
497
497
499
499
500
574
574
502
498
496
493
490
487
483
480
475
431
428
426
423
420
416
406
385
376
370
366
362
361
366
369
373
381
389
408
419
422
424
426
429
431
480
484
488
492
495
499
502
505
507
579
578
501
501
499
498
496
495
496
497
496
497
496
496
494
493
492
493
492
491
421
417
414
410
407
403
400
397
394
303
301
298
295
293
290
289
286
283
281
83
82
80
78
76
73
70
66
62
59
54
48
46
45
44
43
42
42
41
41
41
40
39
39
39
39
38
39
39
39
39
39
38
38
38
38
39
39
38
38
38
38
38
37
36
36
36
36
36
36
36
36
35
34
34
34
34
34
33
33
33
33
33
33
33
32
32
32
32
32
32
32
32
32
32
32
32
32
33
34
34
34
34
35
35
35
36
36
36
36
36
36
36
36
36
36
36
36
36
36
36
36
36
36
36
36
36
36
36
36
36
36
35
34
34
34
34
34
34
33
33
33
32
32
31
31
31
31
31
30
30
30
29
28
28
28
28
28
27
26
26
26
26
25
25
24
24
24
24
24
22
22
22
22
22
22
21
21
21
20
20
20
20
20
21
21
21
20
21
21
21
21
21
21
21
21
21
21
21
21
21
19
19
19
19
20
18
18
19
19
19
20
19
19
19
20
20
19
19
19
18
18
17
16
10
10
10
10
9
9
9
9
9
9
9
8
8
8
8
8
8
8
8
8
8
5
1
1
1
1
1
1
1
1
1
1
1
1
1
1
1
1
1
1
1
1
1
1
1
1
1
1
1
1
1
1
1
1
1
1
1
1
1
1
1
1
1
1
1
1
1
1
1
1
1
1
1
1
1
1
1
1
1
1
1
1
1
1
1
1
1
1
1
1
1
1
1
1
1
1
1
1
1
1
1
1
1
1
1
1
1
1
1
1
1
1
1
1
1
1
1
1
1
1
1
1
1
1
1
1
1
1
1
1
1
1
1
1
1
1
1
1
1
1
1
1
1
1
1
1
1
1
1
1
1
1
1
1
1
1
1
1
1
1
1
1
1
1
1
1
1
1
1
1
1
1
1
1
1
1
1
1
1
1
1
1
1
1
1
1
1
1
1
1
1
1
1
1
1
1
1
1
1
1
1
1
1
1
1
1
1
1
1
1
1
1
1
1
1
1
1
1
1
1
1
1
1
1
1
1
1
1
1
1
1
1
1
1
1
1
1
1
1
1
1
1
1
1
1
1
1
1
