# Vetor de dados - syn_f000220-2-Pre--front--vetorlinha.txt
# Total de elementos: 768
# Formato: um valor por linha
#==================================================

1
1
1
1
1
1
1
1
1
1
1
1
1
1
1
1
1
1
1
1
1
1
1
1
1
1
1
1
1
1
1
1
1
1
1
1
1
1
1
1
1
1
1
1
1
1
1
1
1
1
1
1
1
1
1
1
1
1
1
1
1
1
1
1
1
1
1
1
1
1
1
1
1
1
1
1
1
1
1
1
1
1
1
1
1
1
1
1
1
1
1
1
1
1
1
1
1
1
1
1
1
1
1
1
1
1
1
1
1
1
1
1
1
1
1
1
1
1
1
1
1
1
1
1
1
1
1
1
1
1
1
1
1
1
1
1
1
1
1
1
16
24
28
32
36
38
40
42
44
47
49
50
51
53
54
55
57
57
59
59
61
61
61
63
63
63
63
63
64
64
65
64
64
65
63
63
63
63
63
65
69
72
72
73
73
72
72
72
71
71
70
70
69
69
68
67
65
65
64
62
60
56
55
53
53
53
52
51
51
51
51
51
51
51
51
50
50
50
49
49
48
48
49
49
49
55
62
235
247
255
260
265
312
323
417
429
442
482
489
494
498
501
502
502
499
493
490
498
504
510
514
525
532
494
491
488
485
482
477
470
444
441
436
428
420
415
351
341
332
321
307
291
273
253
240
223
189
181
155
151
148
147
145
144
144
142
142
142
140
140
139
138
137
137
137
135
135
135
135
134
134
133
133
133
133
133
133
132
132
131
131
130
129
129
128
127
127
126
125
123
123
121
119
118
118
116
115
116
116
116
118
118
118
118
118
118
118
118
118
118
118
117
117
117
117
117
117
117
117
117
117
117
117
116
115
115
114
114
114
114
112
112
113
113
115
115
117
118
119
121
122
124
125
126
126
128
128
130
130
130
131
132
132
133
133
133
133
134
135
135
135
135
135
135
135
135
135
135
135
135
135
135
135
135
135
135
135
135
135
135
135
137
137
137
137
137
137
138
139
139
139
139
139
141
141
141
141
141
141
142
142
142
142
142
143
143
143
143
144
144
142
142
142
142
142
142
142
142
142
142
141
141
140
140
140
140
140
140
140
139
139
139
138
138
138
138
138
138
138
138
138
137
137
136
136
136
136
136
135
135
134
134
134
134
132
132
132
132
132
130
130
130
130
129
128
128
128
127
126
126
124
124
124
123
122
122
122
120
120
120
119
118
118
117
116
116
115
114
113
112
112
111
111
111
110
109
109
109
109
109
109
109
109
109
109
109
109
109
109
109
109
110
110
110
110
110
112
112
112
114
114
115
116
116
117
118
118
119
120
120
121
121
122
122
122
123
123
123
123
123
124
124
125
125
125
125
125
124
124
124
123
123
123
123
123
122
122
122
120
120
120
119
118
118
117
116
116
116
114
114
113
112
112
111
110
110
108
108
108
107
106
106
104
104
104
104
102
102
102
100
100
100
99
98
98
98
97
96
96
96
96
95
95
95
95
95
95
95
95
95
96
96
96
97
98
98
98
98
98
98
98
98
98
98
98
98
99
99
100
100
101
102
103
104
105
106
107
109
110
111
113
113
114
116
116
117
117
117
117
116
116
115
112
109
107
106
103
96
44
1
1
1
1
1
1
1
1
1
1
1
1
1
1
1
1
1
1
1
1
1
1
1
1
1
1
1
1
1
1
1
1
1
1
1
1
1
1
1
1
1
1
1
1
1
1
1
1
1
1
1
1
1
1
1
1
1
1
1
1
1
1
1
1
1
1
1
1
1
1
1
1
1
1
1
1
1
1
1
