# Vetor de dados - syn_f002625-1-Pre--front--vetorcoluna.txt
# Total de elementos: 1024
# Formato: um valor por linha
#==================================================

1
1
1
1
1
1
1
1
1
1
1
1
1
1
1
1
1
1
1
1
1
1
1
1
1
1
1
1
1
1
1
1
1
1
1
1
1
1
1
1
1
1
1
1
1
1
1
1
1
1
1
1
1
1
1
1
1
1
1
1
1
1
1
1
1
1
1
1
1
1
1
1
1
1
1
1
1
1
1
1
1
1
1
1
1
1
1
1
1
1
1
1
1
1
1
1
1
1
1
1
1
1
1
1
1
1
1
1
1
1
1
1
1
1
1
1
1
1
1
1
1
1
1
1
1
1
1
1
1
1
1
1
1
1
1
1
1
1
1
1
1
1
1
1
1
1
1
1
1
1
1
1
1
1
1
1
1
1
1
1
1
1
1
1
1
1
1
1
1
1
1
1
1
1
1
1
1
1
1
1
1
1
1
1
1
1
1
1
1
1
1
1
1
1
1
1
1
1
1
1
1
1
1
1
1
1
1
1
1
1
1
1
1
1
1
1
1
1
1
1
1
1
1
1
1
1
1
1
1
24
24
24
24
24
24
24
24
24
24
24
24
24
25
25
25
25
25
25
25
25
25
25
26
26
26
26
26
27
27
27
27
27
27
28
28
28
28
28
28
28
28
28
28
28
28
29
29
29
29
29
29
29
29
29
29
29
29
29
29
29
29
29
29
29
30
30
30
30
30
30
30
30
30
30
30
30
30
30
30
30
30
30
31
31
31
31
31
31
31
31
31
31
31
31
31
31
31
31
31
31
31
32
32
32
32
32
32
32
32
32
33
33
33
33
33
33
33
34
34
33
33
33
33
33
33
33
33
32
32
32
32
32
31
31
31
30
30
30
30
30
30
30
30
30
30
29
29
29
29
29
29
29
29
29
29
29
29
29
29
29
29
29
29
29
30
30
30
30
30
30
30
30
30
30
30
30
31
31
31
31
31
31
32
32
33
33
33
34
34
34
34
34
36
36
36
36
37
38
38
39
39
39
40
41
42
42
43
44
45
45
46
47
49
52
53
55
57
59
60
61
62
63
65
67
68
69
70
72
75
282
289
294
299
304
398
404
411
417
422
426
430
502
503
502
504
505
505
505
504
503
503
504
504
506
506
507
507
507
507
583
514
510
504
499
494
490
484
478
439
433
429
424
419
394
378
370
364
357
354
349
344
339
335
340
345
350
353
356
360
364
370
378
387
412
418
421
424
428
472
478
483
488
494
500
506
510
432
506
506
507
506
506
505
503
503
502
502
503
503
504
504
503
502
502
500
499
427
423
419
414
409
404
398
301
295
290
284
278
74
72
70
68
66
64
63
60
59
58
57
56
55
54
51
49
48
46
45
44
42
41
41
40
40
38
38
37
37
36
36
35
35
35
34
34
34
34
33
32
32
32
32
32
32
31
31
31
31
31
31
31
31
30
30
30
30
30
30
30
30
30
30
30
30
29
29
29
29
29
29
29
29
29
29
29
29
29
29
29
29
29
30
30
30
30
30
30
30
30
30
31
31
31
31
31
31
31
31
32
32
33
33
33
33
33
33
33
33
33
33
33
33
33
33
33
33
33
33
33
33
32
32
32
32
32
32
32
30
30
30
30
30
29
29
29
29
29
29
28
28
28
28
27
26
26
26
26
26
25
25
25
25
25
25
23
23
23
23
23
23
23
22
22
22
22
22
21
21
21
20
20
20
20
20
20
20
18
18
19
19
19
19
18
18
18
18
20
18
19
20
21
21
21
21
21
21
21
21
21
21
21
21
19
20
20
20
20
19
19
19
20
20
21
19
20
21
21
19
20
20
20
20
20
20
19
18
10
10
10
10
10
10
10
10
9
9
9
9
9
9
8
8
8
8
8
8
8
8
6
1
1
1
1
1
1
1
1
1
1
1
1
1
1
1
1
1
1
1
1
1
1
1
1
1
1
1
1
1
1
1
1
1
1
1
1
1
1
1
1
1
1
1
1
1
1
1
1
1
1
1
1
1
1
1
1
1
1
1
1
1
1
1
1
1
1
1
1
1
1
1
1
1
1
1
1
1
1
1
1
1
1
1
1
1
1
1
1
1
1
1
1
1
1
1
1
1
1
1
1
1
1
1
1
1
1
1
1
1
1
1
1
1
1
1
1
1
1
1
1
1
1
1
1
1
1
1
1
1
1
1
1
1
1
1
1
1
1
1
1
1
1
1
1
1
1
1
1
1
1
1
1
1
1
1
1
1
1
1
1
1
1
1
1
1
1
1
1
1
1
1
1
1
1
1
1
1
1
1
1
1
1
1
1
1
1
1
1
1
1
1
1
1
1
1
1
1
1
1
1
1
1
1
1
1
1
