# Vetor de dados - syn_f004062-3-Pre--front--vetorcoluna.txt
# Total de elementos: 1024
# Formato: um valor por linha
#==================================================

1
1
1
1
1
1
1
1
1
1
1
1
1
1
1
1
1
1
1
1
1
1
1
1
1
1
1
1
1
1
1
1
1
1
1
1
1
1
1
1
1
1
1
1
1
1
1
1
1
1
1
1
1
1
1
1
1
1
1
1
1
1
1
1
1
1
1
1
1
1
1
1
1
1
1
1
1
1
1
1
1
1
1
1
1
1
1
1
1
1
1
1
1
1
1
1
1
1
1
1
1
1
1
1
1
1
1
1
1
1
1
1
1
1
1
1
1
1
1
1
1
1
1
1
1
1
1
1
1
1
1
1
1
1
1
1
1
1
1
1
1
1
1
1
1
1
1
1
1
1
1
1
1
1
1
1
1
1
1
1
1
1
1
1
1
1
1
1
1
1
1
1
1
1
1
1
1
1
1
1
1
1
1
1
1
1
1
1
1
1
1
1
1
1
1
1
1
1
1
1
1
1
1
1
1
1
1
1
1
1
1
1
1
1
1
1
1
1
1
1
1
1
1
1
1
1
1
1
1
1
1
1
1
1
1
1
1
1
1
1
1
1
1
1
1
1
1
1
1
1
1
21
21
21
20
20
20
20
20
21
21
21
21
21
21
21
21
21
21
22
22
22
22
22
22
23
23
23
23
23
23
24
24
24
25
25
25
25
26
26
26
26
26
26
26
26
26
26
26
26
26
26
26
26
26
26
26
26
26
26
26
27
27
27
27
27
27
27
27
27
27
27
28
29
29
29
29
30
30
30
30
31
32
32
32
32
32
33
33
33
33
33
33
34
34
34
34
34
34
34
35
35
35
35
35
35
35
36
36
35
35
35
35
35
35
35
34
34
34
34
34
34
33
33
33
33
33
33
33
33
33
33
33
33
33
33
33
33
33
34
34
34
34
34
34
34
35
35
35
35
35
35
35
35
36
36
36
36
36
36
36
36
36
36
36
37
37
36
36
36
36
36
36
36
36
38
38
38
38
38
39
40
40
41
41
42
42
44
45
48
53
57
60
63
65
66
68
66
68
70
74
76
278
281
283
286
289
292
296
309
392
395
398
402
405
409
414
489
490
490
490
490
492
493
493
492
493
492
493
494
495
496
497
497
497
495
492
491
550
537
507
503
499
496
493
488
484
475
432
427
423
418
412
399
387
372
364
356
350
339
332
322
337
345
353
358
363
372
391
409
416
421
424
429
474
479
485
490
494
498
502
504
430
493
495
498
498
499
499
498
497
497
496
495
493
493
494
495
494
494
494
494
492
493
493
415
411
408
404
400
397
394
391
298
293
290
287
283
280
277
274
83
80
77
73
70
68
66
65
63
62
60
58
55
51
48
46
44
43
41
41
40
39
39
37
37
37
37
36
35
35
35
35
35
35
35
35
35
35
35
35
35
36
35
35
35
35
35
35
35
35
35
35
35
34
34
34
33
33
33
33
33
33
33
32
32
32
32
33
33
33
33
33
33
34
34
34
34
34
34
35
35
35
36
36
36
36
36
36
36
36
36
36
36
36
36
36
36
36
35
34
34
34
34
34
34
33
33
33
33
33
33
32
31
31
31
31
31
31
30
29
29
29
29
29
28
28
27
27
27
27
27
26
26
26
25
25
25
24
24
24
24
24
23
23
23
23
23
22
22
21
21
21
20
20
20
20
20
20
20
20
20
19
19
19
20
19
19
20
21
20
21
21
20
20
21
19
20
20
20
19
19
19
19
19
19
18
18
18
18
19
20
18
19
19
19
19
20
20
19
19
18
16
9
9
9
9
9
9
9
9
8
8
8
8
8
8
8
8
8
8
8
8
8
1
1
1
1
1
1
1
1
1
1
1
1
1
1
1
1
1
1
1
1
1
1
1
1
1
1
1
1
1
1
1
1
1
1
1
1
1
1
1
1
1
1
1
1
1
1
1
1
1
1
1
1
1
1
1
1
1
1
1
1
1
1
1
1
1
1
1
1
1
1
1
1
1
1
1
1
1
1
1
1
1
1
1
1
1
1
1
1
1
1
1
1
1
1
1
1
1
1
1
1
1
1
1
1
1
1
1
1
1
1
1
1
1
1
1
1
1
1
1
1
1
1
1
1
1
1
1
1
1
1
1
1
1
1
1
1
1
1
1
1
1
1
1
1
1
1
1
1
1
1
1
1
1
1
1
1
1
1
1
1
1
1
1
1
1
1
1
1
1
1
1
1
1
1
1
1
1
1
1
1
1
1
1
1
1
1
1
1
1
1
1
1
1
1
1
1
1
1
1
1
1
1
1
1
1
1
1
1
1
1
1
1
1
1
1
1
1
1
1
1
1
1
1
1
1
1
1
1
1
1
