# Vetor de dados - syn_f004436-1-Pre--front--vetorcoluna.txt
# Total de elementos: 1024
# Formato: um valor por linha
#==================================================

1
1
1
1
1
1
1
1
1
1
1
1
1
1
1
1
1
1
1
1
1
1
1
1
1
1
1
1
1
1
1
1
1
1
1
1
1
1
1
1
1
1
1
1
1
1
1
1
1
1
1
1
1
1
1
1
1
1
1
1
1
1
1
1
1
1
1
1
1
1
1
1
1
1
1
1
1
1
1
1
1
1
1
1
1
1
1
1
1
1
1
1
1
1
1
1
1
1
1
1
1
1
1
1
1
1
1
1
1
1
1
1
1
1
1
1
1
1
1
1
1
1
1
1
1
1
1
1
1
1
1
1
1
1
1
1
1
1
1
1
1
1
1
1
1
1
1
1
1
1
1
1
1
1
1
1
1
1
1
1
1
1
1
1
1
1
1
1
1
1
1
1
1
1
1
1
1
1
1
1
1
1
1
1
1
1
1
1
1
1
1
1
1
1
1
1
1
1
1
1
1
1
1
1
1
1
1
1
1
1
1
1
1
1
1
1
1
1
1
1
1
1
1
1
1
1
1
1
1
1
1
1
1
1
1
1
1
1
1
1
1
1
1
1
1
1
1
1
1
1
1
1
1
1
1
1
1
1
1
1
1
1
1
1
1
1
1
1
1
1
1
1
1
1
1
1
1
1
1
1
1
1
1
1
1
1
46
46
47
47
47
47
47
47
47
47
47
47
47
47
47
47
48
48
48
48
48
48
48
48
48
48
48
49
49
49
49
49
49
49
49
49
49
49
49
49
49
49
49
49
49
48
48
48
48
48
48
48
48
48
48
48
48
47
47
47
47
47
46
46
46
46
46
46
45
45
45
45
44
44
44
44
43
43
43
43
42
42
42
42
42
42
42
41
41
41
41
41
41
41
41
41
41
41
41
42
42
42
42
42
43
43
43
43
43
43
44
44
44
44
44
44
45
45
46
46
46
46
46
47
47
47
47
47
47
47
47
47
47
48
48
48
49
49
49
49
49
49
49
50
50
50
50
50
50
50
51
52
53
52
54
55
56
58
61
61
290
293
296
299
304
307
311
316
401
406
410
413
417
421
425
430
435
506
507
508
508
507
508
510
510
511
511
510
510
511
513
514
515
516
517
518
517
517
515
514
490
448
443
513
510
506
503
500
497
494
491
488
482
445
441
439
437
436
433
430
419
402
393
387
381
372
368
378
382
386
393
404
430
435
438
440
443
446
450
456
490
494
498
501
505
508
512
515
519
523
526
476
488
519
520
520
521
520
520
519
518
517
516
514
515
514
515
514
514
513
512
511
512
512
512
434
428
424
420
415
411
407
404
399
317
313
309
305
301
298
294
290
286
63
62
62
62
62
60
58
56
55
54
54
53
53
53
52
52
52
51
51
51
50
49
49
49
49
49
49
48
48
47
47
47
47
47
47
46
46
46
46
46
46
45
45
44
44
44
43
43
43
43
43
42
43
43
43
43
42
42
42
42
41
41
41
41
40
40
40
40
39
39
39
40
40
39
39
39
39
39
40
40
40
40
40
40
41
41
41
41
41
42
42
42
42
42
43
43
43
43
43
43
43
43
43
43
44
44
44
44
44
44
44
44
44
44
44
44
44
44
44
44
44
44
44
44
44
44
44
44
44
44
44
43
43
43
43
43
43
43
43
43
43
43
42
42
42
42
42
42
42
42
42
42
42
42
42
42
41
41
41
41
41
41
41
41
41
41
1
1
1
1
1
1
1
1
1
1
1
1
1
1
1
1
38
38
38
37
37
1
1
1
1
1
1
1
1
1
1
1
1
1
1
1
1
1
1
35
35
1
1
1
1
1
1
1
1
1
1
1
1
1
1
1
1
1
1
1
1
1
1
1
1
1
1
1
1
1
1
1
1
1
1
1
1
1
1
1
1
1
1
1
1
1
1
1
1
1
1
1
1
1
1
1
1
1
1
1
1
1
1
1
1
1
1
1
1
1
1
1
1
1
1
1
1
1
1
1
1
1
1
1
1
1
1
1
1
1
1
1
1
1
1
1
1
1
1
1
1
1
1
1
1
1
1
1
1
1
1
1
1
1
1
1
1
1
1
1
1
1
1
1
1
1
1
1
1
1
1
1
1
1
1
1
1
1
1
1
1
1
1
1
1
1
1
1
1
1
1
1
1
1
1
1
1
1
1
1
1
1
1
1
1
1
1
1
1
1
1
1
1
1
1
1
1
1
1
1
1
1
1
1
1
1
1
1
1
1
1
1
1
1
1
1
1
1
1
1
1
1
1
1
1
1
1
1
1
1
1
1
1
1
1
1
1
1
1
1
1
1
1
1
1
1
1
1
1
1
1
1
1
1
1
1
1
1
1
