# Vetor de dados - syn_f003211-3-Pre--front--vetorlinha.txt
# Total de elementos: 768
# Formato: um valor por linha
#==================================================

1
1
1
1
1
1
1
1
1
1
1
1
1
1
1
1
1
1
1
1
1
1
1
1
1
1
1
1
1
1
1
1
1
1
1
1
1
1
1
1
1
1
1
1
1
1
1
1
1
1
1
1
1
1
1
1
1
1
1
1
1
1
1
1
1
1
1
1
1
1
1
1
1
1
1
1
1
1
1
1
1
1
1
1
1
1
1
1
1
1
1
1
1
1
1
1
1
1
1
1
1
1
1
1
1
1
1
1
1
1
12
22
27
30
34
38
40
42
44
46
48
50
51
52
53
55
55
57
59
59
59
61
61
61
63
63
63
63
63
63
64
64
64
63
63
63
63
63
63
63
65
69
71
72
72
72
72
71
70
70
70
68
68
68
67
66
64
64
62
62
59
56
54
53
53
53
52
52
52
51
50
49
47
47
46
46
46
46
46
46
46
45
45
44
44
44
44
45
45
49
52
57
61
110
117
131
161
193
279
290
301
312
324
342
363
378
389
400
414
460
497
504
507
511
516
520
525
527
519
522
529
532
534
536
538
540
475
475
474
473
471
470
472
472
463
434
426
415
390
388
386
382
358
359
358
359
153
151
150
149
148
147
147
146
145
145
143
143
142
141
140
139
138
137
136
136
134
134
132
132
131
129
129
127
125
125
123
122
121
120
118
116
114
112
110
108
106
105
105
106
105
105
105
105
105
105
106
105
105
104
104
104
104
104
104
103
102
102
102
101
101
101
101
101
101
101
101
101
101
103
103
103
103
105
105
105
105
107
107
107
108
108
108
109
110
110
110
111
112
112
112
114
114
115
116
117
118
119
120
121
122
124
124
125
126
127
128
128
128
130
130
130
130
130
131
131
131
131
131
131
131
131
131
132
132
132
132
132
133
133
133
133
133
134
134
135
135
135
136
136
137
137
138
138
139
139
140
140
141
142
142
143
144
144
145
146
146
146
147
147
148
148
148
149
149
150
150
150
151
151
151
151
151
151
151
151
151
151
150
150
150
150
150
150
150
150
150
149
149
149
149
149
149
149
148
148
148
148
148
148
148
147
147
146
146
146
146
145
145
144
144
144
144
143
142
142
142
142
142
140
140
140
140
140
139
138
138
137
137
136
136
135
135
134
133
133
133
131
131
130
129
128
127
126
125
124
124
123
123
121
121
121
119
119
118
117
117
117
117
115
115
115
115
115
114
114
114
114
114
112
112
112
112
112
112
112
112
112
112
111
111
111
111
111
111
111
111
111
111
111
111
111
112
113
113
113
114
114
115
116
116
116
117
118
118
119
119
120
121
121
121
121
123
123
123
123
123
123
123
125
125
125
125
125
125
125
125
125
125
125
125
124
124
124
123
123
123
123
123
123
123
121
121
121
121
120
119
119
119
119
118
117
117
117
115
115
115
114
113
113
112
111
111
111
110
109
109
109
108
107
107
107
106
105
105
105
104
103
103
103
102
102
101
101
100
100
100
99
98
98
98
97
97
96
96
96
96
96
95
95
95
94
94
94
94
96
96
96
96
96
96
96
96
96
96
96
96
96
96
97
97
97
97
99
99
99
101
101
101
103
103
104
105
107
109
109
111
111
112
113
115
115
117
118
118
118
116
115
115
113
113
110
109
107
104
101
98
95
89
45
1
1
1
1
1
1
1
1
1
1
1
1
1
1
1
1
1
1
1
1
1
1
1
1
1
1
1
1
1
1
1
1
1
1
1
1
1
1
1
1
1
1
1
1
1
1
1
1
