# Vetor de dados - syn_f001808-3-Pre--left--vetorlinha.txt
# Total de elementos: 768
# Formato: um valor por linha
#==================================================

1
1
1
1
1
1
1
1
1
1
1
1
1
1
1
1
1
1
1
1
1
1
1
1
1
1
1
1
1
1
1
1
1
1
1
1
1
1
1
1
1
1
1
1
1
1
1
1
1
1
1
1
1
1
1
1
1
1
1
1
1
1
1
1
1
1
1
1
1
1
1
1
1
1
1
1
1
1
1
1
1
1
1
1
1
1
1
1
1
1
1
1
1
1
1
1
1
1
1
1
1
1
1
1
1
1
1
1
1
1
1
1
1
1
1
1
1
1
1
1
1
1
1
1
1
1
1
1
1
1
1
1
12
24
31
36
40
44
48
50
54
56
58
60
62
64
65
67
68
69
71
71
73
73
74
75
76
76
76
77
77
77
77
77
77
77
78
78
78
78
78
78
79
79
79
79
80
80
80
81
81
82
82
82
81
79
79
76
74
73
71
71
70
70
69
68
67
67
67
66
66
65
65
64
64
64
64
64
65
64
62
61
60
55
49
48
48
48
48
48
48
48
48
48
49
50
51
51
51
52
53
53
56
62
72
81
89
152
159
165
170
176
184
191
198
202
207
211
215
220
226
232
238
243
253
261
268
280
281
281
281
280
278
275
273
265
264
244
192
186
180
174
167
109
99
92
92
93
93
94
95
96
96
96
96
96
97
97
97
97
97
97
97
95
95
95
95
94
94
94
94
92
92
92
92
90
90
89
89
87
86
85
83
83
83
82
83
83
83
84
83
84
83
83
82
83
83
82
81
81
80
79
78
78
77
77
76
76
76
76
76
76
75
75
75
75
75
75
75
75
75
75
76
76
76
77
78
78
79
81
81
82
83
83
84
86
87
88
88
90
91
92
93
94
95
96
97
98
99
99
100
101
102
102
103
103
104
105
105
106
106
106
106
107
107
107
107
107
107
107
106
106
106
106
106
106
106
105
105
105
105
104
104
104
103
102
102
101
100
99
99
98
97
96
95
95
94
95
94
94
93
94
93
92
92
91
90
89
88
88
87
86
86
85
84
84
85
85
85
84
84
84
85
85
85
86
86
86
86
86
87
87
87
87
86
86
86
86
87
87
87
87
86
86
86
86
86
85
85
84
84
84
83
83
83
83
81
81
81
80
80
79
79
78
78
78
77
76
76
76
75
74
74
74
73
72
72
72
70
70
69
69
68
67
67
66
66
66
65
65
63
63
62
62
61
60
60
59
58
58
58
57
57
57
57
58
58
58
59
59
59
60
60
61
60
60
61
60
60
59
59
59
58
58
58
58
57
58
57
56
56
56
56
55
55
55
55
54
54
54
54
54
54
54
54
54
54
54
53
53
53
53
54
54
54
54
54
55
55
55
55
55
54
54
54
54
54
54
54
52
52
52
52
52
52
52
51
50
50
50
49
49
48
48
47
47
47
46
45
45
44
44
44
43
42
42
41
41
41
40
40
40
40
39
38
38
38
38
37
37
37
37
37
38
39
40
41
44
46
47
50
53
55
57
61
64
67
70
72
73
75
77
78
79
81
83
83
83
84
84
83
82
53
56
59
62
65
69
72
75
78
83
85
87
90
90
90
89
87
86
84
80
70
60
54
49
46
42
41
1
1
1
1
1
1
1
1
1
1
1
1
1
1
1
1
1
1
1
1
1
1
1
1
1
1
1
1
1
1
1
1
1
1
1
1
1
1
1
1
1
1
1
1
1
1
1
1
1
1
1
1
1
1
1
1
1
1
1
1
1
1
1
1
1
1
1
1
1
