# Vetor de dados - syn_f003874-3-Pre--front--vetorcoluna.txt
# Total de elementos: 1024
# Formato: um valor por linha
#==================================================

1
1
1
1
1
1
1
1
1
1
1
1
1
1
1
1
1
1
1
1
1
1
1
1
1
1
1
1
1
1
1
1
1
1
1
1
1
1
1
1
1
1
1
1
1
1
1
1
1
1
1
1
1
1
1
1
1
1
1
1
1
1
1
1
1
1
1
1
1
1
1
1
1
1
1
1
1
1
1
1
1
1
1
1
1
1
1
1
1
1
1
1
1
1
1
1
1
1
1
1
1
1
1
1
1
1
1
1
1
1
1
1
1
1
1
1
1
1
1
1
1
1
1
1
1
1
1
1
1
1
1
1
1
1
1
1
1
1
1
1
1
1
1
1
1
1
1
1
1
1
1
1
1
1
1
1
1
1
1
1
1
1
1
1
1
1
1
1
1
1
1
1
1
1
1
1
1
1
1
1
1
1
1
1
1
1
1
1
1
1
1
1
1
1
1
1
1
1
1
1
1
1
1
1
8
8
8
8
8
8
8
8
8
9
9
9
9
9
9
10
10
10
10
10
10
16
17
18
18
19
19
19
20
20
20
19
19
20
20
19
19
19
20
20
19
19
21
21
21
21
22
22
22
22
22
22
22
22
22
21
22
21
21
21
21
20
21
20
20
21
21
21
21
21
21
22
23
23
23
23
23
23
24
24
24
24
25
25
25
26
26
26
26
26
26
26
28
28
28
28
28
28
28
29
30
30
30
30
30
31
31
31
31
32
33
33
33
33
33
33
33
33
34
34
34
35
35
35
35
36
36
36
36
36
36
36
36
36
36
36
36
36
37
37
37
37
38
38
38
38
38
38
38
38
38
38
38
37
37
37
37
36
36
36
37
37
37
37
37
37
37
37
37
38
38
38
38
38
38
38
39
39
39
39
39
40
40
41
41
41
41
41
41
41
42
42
42
43
43
43
43
44
44
44
44
44
44
44
44
45
45
44
44
44
44
44
45
45
45
45
46
46
46
46
47
47
47
47
49
49
49
49
50
50
52
53
53
54
51
53
57
61
61
63
65
69
71
75
77
79
293
296
298
301
304
306
309
312
315
320
418
422
426
430
434
438
443
516
517
519
519
520
521
522
523
523
523
523
522
521
521
523
524
526
527
527
529
529
528
528
520
515
513
509
505
501
497
492
482
451
447
444
442
439
437
434
430
419
404
388
381
375
368
358
363
369
373
378
383
391
404
424
431
437
438
440
441
444
447
493
497
503
507
512
517
522
527
530
604
604
605
528
528
527
526
526
524
523
521
523
523
523
524
523
523
522
520
520
520
518
443
439
434
430
426
422
419
415
411
320
315
311
307
305
302
299
296
294
88
86
85
83
81
78
77
74
70
68
66
63
61
51
48
50
49
49
48
47
47
45
45
44
44
44
43
42
42
42
42
42
42
42
42
42
42
42
42
42
42
42
42
42
42
42
42
42
42
41
41
41
41
41
41
41
41
40
40
40
40
40
39
39
38
38
38
38
38
37
37
37
37
37
37
37
36
36
36
36
36
37
37
37
37
37
37
37
37
37
37
38
38
38
38
38
38
38
38
38
38
38
38
39
39
39
39
39
39
39
39
39
39
39
39
38
38
38
38
38
38
38
38
38
38
38
38
37
37
37
37
37
37
37
37
37
37
36
36
36
36
36
36
36
36
35
35
35
35
35
35
35
35
35
35
34
34
34
34
34
34
34
34
34
34
34
33
33
33
33
33
33
33
33
33
33
33
33
32
32
32
32
32
31
31
31
31
30
30
30
30
30
29
29
29
29
29
29
28
28
28
28
28
28
28
28
27
27
27
27
27
27
27
27
26
26
26
26
26
26
26
1
1
1
1
1
1
1
1
1
1
1
1
1
1
1
1
1
1
1
1
1
1
1
1
1
1
1
1
1
1
1
1
1
1
1
1
1
1
1
1
1
1
1
1
1
1
1
1
1
1
1
1
1
1
1
1
1
1
1
1
1
1
1
1
1
1
1
1
1
1
1
1
1
1
1
1
1
1
1
1
1
1
1
1
1
1
1
1
1
1
1
1
1
1
1
1
1
1
1
1
1
1
1
1
1
1
1
1
1
1
1
1
1
1
1
1
1
1
1
1
1
1
1
1
1
1
1
1
1
1
1
1
1
1
1
1
1
1
1
1
1
1
1
1
1
1
1
1
1
1
1
1
1
1
1
1
1
1
1
1
1
1
1
1
1
1
1
1
1
1
1
1
1
1
1
1
1
1
1
1
1
1
1
1
1
1
1
1
1
1
1
1
1
1
1
1
1
1
1
1
1
1
1
1
1
1
1
1
1
1
1
1
1
1
1
1
1
1
1
1
1
1
1
1
1
