# Vetor de dados - syn_f000282-3-Pre--left--vetorlinha.txt
# Total de elementos: 768
# Formato: um valor por linha
#==================================================

1
1
1
1
1
1
1
1
1
1
1
1
1
1
1
1
1
1
1
1
1
1
1
1
1
1
1
1
1
1
1
1
1
1
1
1
1
1
1
1
1
1
1
1
1
1
1
1
1
1
1
1
1
1
1
1
1
1
1
1
1
1
1
1
1
1
1
1
1
1
1
1
1
1
1
1
1
1
1
1
1
1
1
1
1
1
1
1
1
1
1
1
1
1
1
1
1
1
1
1
1
1
1
1
1
1
1
1
1
1
1
1
1
1
1
1
1
1
1
1
1
22
29
34
39
43
45
48
51
53
55
57
59
61
62
64
64
66
66
68
68
69
70
70
71
71
72
72
72
72
72
72
73
74
74
73
73
74
74
74
74
75
76
76
77
78
78
78
79
79
77
77
75
73
70
70
68
67
66
65
64
64
63
62
61
61
61
61
60
60
60
60
60
60
60
59
59
57
54
51
48
47
47
46
46
46
46
47
46
47
47
47
48
48
49
50
183
221
226
233
243
254
291
293
293
292
292
291
290
288
286
279
278
278
274
259
257
247
213
208
200
193
189
183
176
169
161
156
149
96
88
84
79
79
79
80
80
81
81
81
81
82
83
83
83
83
83
84
84
84
85
85
84
85
85
85
84
85
85
84
84
84
84
84
84
82
82
82
81
81
80
80
78
78
77
76
75
74
74
73
73
72
72
71
71
71
71
69
69
68
67
67
66
64
64
63
61
60
60
58
58
56
56
56
55
55
55
55
55
54
54
54
54
54
54
54
54
55
55
55
55
55
56
56
56
57
57
57
57
57
58
58
59
60
60
61
61
62
62
63
64
66
67
68
69
69
70
71
73
73
74
75
76
77
77
78
79
80
80
80
81
82
82
82
83
84
84
84
85
85
86
86
86
86
86
86
86
86
86
86
86
86
86
86
86
85
85
85
86
85
85
86
86
85
86
85
85
85
85
85
84
85
84
83
83
82
81
81
80
79
77
76
75
75
75
75
74
74
74
74
74
74
73
74
74
74
74
74
74
74
74
74
74
74
75
74
74
74
74
74
74
74
74
74
74
73
73
73
73
73
73
72
72
72
72
71
71
71
70
70
70
70
69
69
69
69
68
67
67
67
67
66
65
65
65
64
63
63
63
63
61
61
61
61
60
59
59
58
58
58
57
56
57
56
56
55
55
55
54
54
54
54
54
53
53
53
53
53
53
54
54
55
54
55
56
56
57
57
58
58
59
58
59
58
59
59
58
59
59
59
59
58
58
58
57
58
57
56
56
56
56
55
55
54
54
54
54
53
53
52
52
52
52
52
52
52
51
51
51
51
51
51
51
50
50
50
50
50
50
51
50
50
50
50
50
50
50
50
49
49
49
48
48
48
48
47
47
47
47
46
46
46
45
45
44
44
44
44
44
42
42
42
41
41
41
41
39
39
39
38
38
38
38
36
36
36
36
36
35
35
35
35
35
34
33
34
34
34
35
35
36
37
39
40
42
43
45
48
50
52
54
56
58
59
60
62
66
69
71
74
76
77
79
82
83
83
83
83
83
70
48
50
52
54
55
58
61
63
66
69
72
73
76
80
82
84
85
86
85
85
84
81
76
60
54
49
47
45
41
39
1
1
1
1
1
1
1
1
1
1
1
1
1
1
1
1
1
1
1
1
1
1
1
1
1
1
1
1
1
1
1
1
1
1
1
1
1
1
1
1
1
1
1
1
1
1
1
1
1
1
1
1
1
1
1
1
1
1
