# Vetor de dados - syn_f004089-3-Pre--front--vetorlinha.txt
# Total de elementos: 768
# Formato: um valor por linha
#==================================================

1
1
1
1
1
1
1
1
1
1
1
1
1
1
1
1
1
1
1
1
1
1
1
1
1
1
1
1
1
1
1
1
1
1
1
1
1
1
1
1
1
1
1
1
1
1
1
1
1
1
1
1
1
1
1
1
1
1
1
1
1
1
1
1
1
1
1
1
1
1
1
1
1
1
1
1
1
1
1
1
1
1
1
1
1
1
1
1
1
1
1
1
1
1
1
1
1
1
1
1
1
1
1
1
1
1
1
1
1
1
1
1
1
1
1
1
1
1
1
1
1
1
1
1
1
1
1
1
8
19
25
29
33
36
38
40
42
44
46
48
48
50
52
52
54
55
56
56
57
58
58
60
60
60
60
60
60
60
60
60
60
60
60
60
60
60
63
67
68
68
68
68
68
68
67
66
66
65
65
64
64
62
61
60
59
57
52
52
52
52
51
51
50
50
49
48
47
46
45
45
45
45
45
45
44
44
45
45
45
47
48
51
55
58
61
64
67
72
82
88
106
168
269
277
285
295
308
325
338
348
405
417
425
434
442
454
463
481
500
503
507
510
513
515
518
506
503
508
513
517
521
529
468
467
468
458
441
411
369
363
340
340
339
147
145
144
143
142
142
140
140
140
140
139
138
138
137
136
136
135
134
133
133
132
132
130
130
129
128
128
127
126
126
124
124
124
123
122
121
121
121
119
119
117
117
116
114
112
110
108
106
105
104
103
103
103
103
103
104
104
105
106
106
106
106
106
106
106
106
106
106
106
106
106
106
105
105
105
105
105
104
105
104
104
104
104
104
104
102
102
102
101
101
101
100
99
100
100
100
102
102
104
106
107
108
110
112
113
115
116
118
119
120
121
122
123
124
125
126
126
127
128
128
128
129
129
129
129
130
130
130
130
130
130
130
130
130
130
130
130
130
130
131
132
132
132
132
132
134
134
134
135
136
136
137
138
138
139
140
140
141
142
142
142
142
144
144
144
144
145
145
146
146
147
147
147
147
148
148
148
149
149
149
149
149
149
149
149
149
149
149
149
149
149
149
148
147
147
147
147
147
147
146
145
145
145
145
143
143
143
143
142
141
141
141
141
139
139
139
138
137
137
137
136
135
135
135
133
133
133
132
131
130
130
128
128
126
126
124
124
122
122
120
120
119
118
117
116
115
114
114
113
112
112
112
112
111
110
110
110
110
110
110
110
110
110
109
108
108
108
108
108
108
108
108
108
108
108
108
109
109
109
109
109
110
110
111
111
111
113
113
113
115
115
115
115
117
117
117
117
119
119
119
119
121
121
121
121
121
121
121
121
122
122
122
122
122
122
122
122
122
122
122
122
122
120
120
120
120
120
120
119
119
118
118
118
117
117
117
116
115
115
115
114
113
113
113
112
111
111
110
110
109
108
108
108
107
106
106
106
104
104
104
104
102
102
102
100
100
100
99
98
98
98
97
96
96
96
95
94
94
94
94
94
94
94
93
93
93
93
93
93
93
93
95
94
94
94
94
94
94
94
95
95
96
97
97
97
98
99
99
100
101
103
104
105
106
108
108
108
110
110
110
110
111
112
111
110
110
110
110
109
109
109
105
102
101
99
94
91
1
1
1
1
1
1
1
1
1
1
1
1
1
1
1
1
1
1
1
1
1
1
1
1
1
1
1
1
1
1
1
1
1
1
1
1
1
1
1
1
1
1
1
1
1
1
1
1
1
1
1
1
1
1
1
1
1
1
1
1
1
1
1
1
1
1
1
1
