# Vetor de dados - syn_f001180-0-Pre--left--vetorlinha.txt
# Total de elementos: 768
# Formato: um valor por linha
#==================================================

1
1
1
1
1
1
1
1
1
1
1
1
1
1
1
1
1
1
1
1
1
1
1
1
1
1
1
1
1
1
1
1
1
1
1
1
1
1
1
1
1
1
1
1
1
1
1
1
1
1
1
1
1
1
1
1
1
1
1
1
1
1
1
1
1
1
1
1
1
1
1
1
1
1
1
1
1
1
1
1
1
1
1
1
1
1
1
1
1
1
1
1
1
1
1
1
1
1
1
1
1
1
1
1
1
1
1
1
1
1
1
1
1
1
1
1
1
1
1
1
1
1
1
1
1
1
17
26
32
37
41
44
47
50
52
54
56
58
60
62
63
65
67
67
69
69
71
71
72
73
74
74
74
75
75
75
75
75
75
75
75
76
76
77
78
79
79
79
80
81
81
81
82
82
81
81
79
78
76
74
73
72
72
71
70
69
69
67
66
66
65
65
64
63
63
61
61
61
61
61
60
60
59
59
58
56
52
45
45
44
44
44
44
44
44
45
44
45
46
46
47
47
47
47
48
49
50
50
53
57
61
66
71
76
82
88
139
143
149
154
158
163
167
172
180
186
193
207
213
217
219
224
228
233
238
243
247
255
260
265
274
276
277
276
275
273
270
90
90
90
91
91
91
92
92
91
91
92
92
92
91
91
91
91
90
89
89
88
87
87
87
86
85
84
83
83
81
81
80
80
78
78
78
77
77
76
76
76
76
76
76
76
75
75
76
76
76
76
76
76
76
75
76
76
75
75
75
75
75
74
74
74
74
75
75
74
74
74
73
73
74
74
73
73
73
73
73
73
73
74
74
75
76
76
77
77
78
79
80
81
81
82
82
83
83
84
85
85
86
87
87
88
89
89
90
90
91
92
92
93
93
94
94
95
95
95
96
96
97
97
97
97
98
98
98
98
99
99
99
99
99
98
98
98
98
99
99
97
97
97
96
96
96
95
94
93
93
92
91
91
91
90
90
90
89
89
90
89
89
88
88
87
87
87
87
86
85
84
83
83
82
81
81
80
80
79
78
78
77
77
76
76
76
75
75
73
73
73
72
72
71
70
70
70
70
70
69
68
68
68
67
67
67
66
66
66
66
65
65
64
64
63
63
63
62
62
62
61
60
60
60
59
59
59
57
57
57
56
56
56
55
55
54
53
53
53
53
52
52
52
51
51
51
51
50
51
51
51
51
50
51
51
51
51
51
51
50
51
51
51
52
52
52
53
53
53
54
54
54
54
54
54
53
53
54
53
53
53
52
51
52
51
50
50
49
48
48
48
47
46
46
45
45
44
44
43
43
44
43
43
43
43
42
42
43
43
42
42
42
42
42
42
41
41
41
41
41
41
40
40
40
40
40
40
39
38
38
38
38
38
38
38
38
36
36
36
36
36
36
35
35
35
35
34
33
33
33
33
33
33
33
31
31
31
31
31
31
30
30
29
29
29
29
29
29
29
29
28
28
29
29
29
30
30
30
30
31
32
33
34
35
35
37
39
41
44
46
49
52
54
57
61
65
69
71
73
75
76
78
80
80
80
80
81
81
80
73
45
48
50
52
56
60
64
69
71
74
77
80
82
83
84
85
85
85
83
82
81
79
70
58
51
47
46
42
33
1
1
1
1
1
1
1
1
1
1
1
1
1
1
1
1
1
1
1
1
1
1
1
1
1
1
1
1
1
1
1
1
1
1
1
1
1
1
1
1
1
1
1
1
1
1
1
1
1
1
1
1
1
1
1
1
1
1
1
1
1
1
