# Vetor de dados - syn_f003005-3-Pre--front--vetorcoluna.txt
# Total de elementos: 1024
# Formato: um valor por linha
#==================================================

1
1
1
1
1
1
1
1
1
1
1
1
1
1
1
1
1
1
1
1
1
1
1
1
1
1
1
1
1
1
1
1
1
1
1
1
1
1
1
1
1
1
1
1
1
1
1
1
1
1
1
1
1
1
1
1
1
1
1
1
1
1
1
1
1
1
1
1
1
1
1
1
1
1
1
1
1
1
1
1
1
1
1
1
1
1
1
1
1
1
1
1
1
1
1
1
1
1
1
1
1
1
1
1
1
1
1
1
1
1
1
1
1
1
1
1
1
1
1
1
1
1
1
1
1
1
1
1
1
1
1
1
1
1
1
1
1
1
1
1
1
1
1
1
1
1
1
1
1
1
1
1
1
1
1
1
1
1
1
1
1
1
1
1
1
1
1
1
1
1
1
1
1
1
1
1
1
1
1
1
1
1
1
1
1
1
1
1
1
1
1
1
1
1
1
1
1
1
1
1
1
1
1
1
1
1
1
1
1
1
1
1
1
1
1
1
1
1
1
1
16
16
16
16
16
16
17
18
19
19
19
19
21
21
21
21
21
20
21
21
20
20
19
21
21
21
21
21
22
22
22
23
22
22
22
23
23
23
22
23
23
22
23
23
23
24
24
24
25
25
25
25
25
25
26
26
26
26
26
27
27
27
27
27
27
28
28
28
28
28
29
29
29
29
29
30
30
30
30
30
31
31
31
31
32
32
32
32
33
33
33
33
34
34
34
34
35
35
35
35
35
36
36
36
36
36
36
36
36
36
36
37
37
37
37
37
37
37
37
37
37
37
37
37
37
37
37
37
38
38
38
38
38
37
37
37
37
37
37
37
37
37
37
37
37
36
36
36
36
36
36
35
36
36
36
36
36
36
36
36
36
37
37
37
37
37
37
38
38
38
38
38
38
39
39
39
39
39
39
39
39
39
40
40
40
40
40
40
40
40
40
40
40
40
40
40
40
40
41
41
41
41
41
41
41
41
42
42
42
43
43
43
43
43
44
44
44
44
45
46
46
46
47
48
49
49
51
52
55
59
63
65
67
69
71
73
74
314
427
431
435
438
442
446
450
453
527
529
530
529
528
528
529
530
531
531
531
530
529
531
532
534
535
536
536
537
538
538
538
490
544
541
539
535
531
528
524
521
517
511
455
452
450
447
445
439
416
409
403
395
388
382
377
374
377
382
388
394
401
408
415
440
444
448
449
451
510
515
519
522
527
533
537
540
542
543
545
548
494
535
536
537
537
536
535
534
533
532
531
532
532
532
532
531
531
530
530
530
530
529
453
451
447
443
439
435
431
428
424
331
315
76
74
72
69
66
64
62
59
57
55
54
52
50
50
49
49
48
48
46
46
46
45
44
44
43
43
42
41
41
40
40
40
39
39
39
39
39
39
39
38
39
38
39
39
39
39
39
39
39
39
39
39
39
39
39
39
39
38
38
38
38
38
38
38
38
37
37
37
37
37
37
36
36
36
36
36
36
35
35
35
35
36
36
36
36
36
36
36
37
37
37
37
37
37
38
38
38
38
38
38
38
38
38
38
38
38
38
38
38
38
38
37
37
37
37
37
37
37
37
37
37
36
36
36
36
36
36
35
35
35
35
35
35
34
34
34
34
34
33
33
33
32
31
31
31
30
30
30
30
29
29
29
29
28
28
28
28
27
26
26
26
25
25
25
25
24
24
24
24
24
23
22
22
21
21
21
21
20
20
20
20
19
19
20
18
19
20
20
20
21
21
21
22
21
21
22
21
21
22
22
21
21
21
19
20
20
20
19
19
19
20
20
19
20
21
21
21
21
21
21
21
19
19
19
19
18
17
12
12
9
9
9
10
10
10
9
9
9
9
9
8
8
8
8
8
8
8
8
8
8
1
1
1
1
1
1
1
1
1
1
1
1
1
1
1
1
1
1
1
1
1
1
1
1
1
1
1
1
1
1
1
1
1
1
1
1
1
1
1
1
1
1
1
1
1
1
1
1
1
1
1
1
1
1
1
1
1
1
1
1
1
1
1
1
1
1
1
1
1
1
1
1
1
1
1
1
1
1
1
1
1
1
1
1
1
1
1
1
1
1
1
1
1
1
1
1
1
1
1
1
1
1
1
1
1
1
1
1
1
1
1
1
1
1
1
1
1
1
1
1
1
1
1
1
1
1
1
1
1
1
1
1
1
1
1
1
1
1
1
1
1
1
1
1
1
1
1
1
1
1
1
1
1
1
1
1
1
1
1
1
1
1
1
1
1
1
1
1
1
1
1
1
1
1
1
1
1
1
1
1
1
1
1
1
1
1
1
1
1
1
1
1
1
1
1
1
1
1
1
1
1
1
1
