# Vetor de dados - syn_f004190-0-Pre--front--vetorcoluna.txt
# Total de elementos: 1024
# Formato: um valor por linha
#==================================================

1
1
1
1
1
1
1
1
1
1
1
1
1
1
1
1
1
1
1
1
1
1
1
1
1
1
1
1
1
1
1
1
1
1
1
1
1
1
1
1
1
1
1
1
1
1
1
1
1
1
1
1
1
1
1
1
1
1
1
1
1
1
1
1
1
1
1
1
1
1
1
1
1
1
1
1
1
1
1
1
1
1
1
1
1
1
1
1
1
1
1
1
1
1
1
1
1
1
1
1
1
1
1
1
1
1
1
1
1
1
1
1
1
1
1
1
1
1
1
1
1
1
1
1
1
1
1
1
1
1
1
1
1
1
1
1
1
1
1
1
1
1
1
1
1
1
1
1
1
1
1
1
1
1
1
1
1
1
1
1
1
1
1
1
1
1
1
1
1
1
1
1
1
1
1
1
1
1
1
1
1
1
1
1
1
1
1
1
1
1
1
1
1
1
1
1
1
1
1
1
1
1
1
1
1
1
1
1
1
1
1
1
1
1
1
1
1
1
1
1
1
1
1
1
1
1
1
1
1
1
1
1
1
1
1
1
1
1
1
1
1
1
1
1
1
1
1
18
18
18
17
17
17
17
17
17
17
17
17
20
24
24
25
25
25
25
25
24
24
24
24
23
23
23
23
22
22
22
22
22
22
22
22
21
21
21
20
20
20
20
18
17
16
16
14
14
13
14
14
14
14
14
16
16
16
16
16
16
17
18
18
18
18
18
20
20
20
19
19
19
21
21
21
21
21
22
22
22
22
23
23
23
23
23
24
24
24
24
25
25
25
25
25
26
26
26
26
26
26
26
27
27
27
28
28
28
28
28
29
29
29
29
29
29
29
29
29
29
29
29
29
29
29
29
29
29
29
29
29
29
28
28
28
28
28
28
28
27
27
27
27
27
27
26
26
26
26
26
26
26
26
27
27
27
27
27
27
27
27
27
27
27
27
27
27
27
27
27
27
27
28
28
28
28
28
28
28
28
29
29
29
29
30
30
30
31
31
31
32
33
33
33
34
35
35
35
37
37
38
40
41
42
45
46
48
49
51
52
53
55
55
56
58
59
60
62
64
65
72
278
374
380
386
392
398
403
408
474
476
476
475
475
476
477
477
476
475
474
473
474
475
476
477
477
550
551
550
481
476
472
468
464
460
454
410
406
402
398
392
372
351
342
335
329
322
323
329
334
340
344
348
356
390
399
401
405
409
451
456
461
465
468
472
554
554
553
551
477
475
474
473
472
473
474
475
475
476
475
475
474
474
473
472
407
402
397
392
387
381
375
368
288
281
70
64
60
57
55
54
52
52
51
51
50
48
46
45
43
42
39
38
37
36
35
35
34
33
33
32
31
31
31
30
29
29
29
29
28
28
28
28
28
28
28
28
28
28
28
28
28
28
28
28
28
28
28
27
27
27
27
27
27
27
27
27
26
26
26
26
26
26
26
26
25
25
25
25
26
27
27
27
27
27
28
28
28
28
28
28
28
28
28
28
28
28
28
28
28
28
28
28
28
28
28
28
28
28
28
28
28
27
26
26
26
26
26
26
26
25
25
25
25
25
25
25
24
23
23
23
23
22
22
22
22
22
21
21
21
20
20
20
20
20
19
19
18
18
18
18
18
18
18
18
18
17
16
16
16
16
16
16
16
16
16
16
16
16
16
16
16
16
14
16
16
17
18
17
18
18
18
17
18
18
18
18
18
17
17
17
17
17
17
18
17
17
17
18
18
18
17
17
17
17
17
17
16
9
9
9
9
9
9
8
8
8
8
8
8
8
8
8
8
8
8
8
8
1
1
1
1
1
1
1
1
1
1
1
1
1
1
1
1
1
1
1
1
1
1
1
1
1
1
1
1
1
1
1
1
1
1
1
1
1
1
1
1
1
1
1
1
1
1
1
1
1
1
1
1
1
1
1
1
1
1
1
1
1
1
1
1
1
1
1
1
1
1
1
1
1
1
1
1
1
1
1
1
1
1
1
1
1
1
1
1
1
1
1
1
1
1
1
1
1
1
1
1
1
1
1
1
1
1
1
1
1
1
1
1
1
1
1
1
1
1
1
1
1
1
1
1
1
1
1
1
1
1
1
1
1
1
1
1
1
1
1
1
1
1
1
1
1
1
1
1
1
1
1
1
1
1
1
1
1
1
1
1
1
1
1
1
1
1
1
1
1
1
1
1
1
1
1
1
1
1
1
1
1
1
1
1
1
1
1
1
1
1
1
1
1
1
1
1
1
1
1
1
1
1
1
1
1
1
1
1
1
1
1
1
1
1
1
1
1
1
1
1
1
1
1
1
1
1
1
1
1
1
1
1
1
1
1
1
1
1
