# Vetor de dados - syn_f000708-3-Pre--front--vetorcoluna.txt
# Total de elementos: 1024
# Formato: um valor por linha
#==================================================

1
1
1
1
1
1
1
1
1
1
1
1
1
1
1
1
1
1
1
1
1
1
1
1
1
1
1
1
1
1
1
1
1
1
1
1
1
1
1
1
1
1
1
1
1
1
1
1
1
1
1
1
1
1
1
1
1
1
1
1
1
1
1
1
1
1
1
1
1
1
1
1
1
1
1
1
1
1
1
1
1
1
1
1
1
1
1
1
1
1
1
1
1
1
1
1
1
1
1
1
1
1
1
1
1
1
1
1
1
1
1
1
1
1
1
1
1
1
1
1
1
1
1
1
1
1
1
1
1
1
1
1
1
1
1
1
1
1
1
1
1
1
1
1
1
1
1
1
1
1
1
1
1
1
1
1
1
1
1
1
1
1
1
1
1
1
1
1
1
1
1
1
1
1
1
1
1
1
1
1
1
1
1
1
1
1
1
1
1
1
1
1
1
1
1
1
1
1
1
1
1
1
1
1
1
1
1
1
1
1
1
1
1
1
1
1
1
1
1
1
1
1
1
1
1
15
15
15
15
16
18
19
19
20
21
21
21
21
22
22
21
21
21
21
20
21
21
21
21
21
21
22
22
22
22
23
23
23
23
24
24
23
23
24
24
23
24
23
24
23
23
24
24
24
25
25
25
25
25
25
25
26
26
26
26
26
26
26
27
28
28
29
29
29
29
30
30
31
32
32
32
32
33
34
34
34
35
35
36
36
37
37
38
38
39
39
40
40
40
40
41
41
41
41
42
43
43
43
43
43
43
43
43
43
43
43
43
43
43
43
43
43
44
44
44
44
44
44
44
43
43
43
43
43
43
42
41
41
41
41
41
41
41
41
41
41
41
41
41
41
41
41
41
41
41
42
42
42
43
43
43
43
43
43
43
45
45
45
45
45
45
45
45
45
45
46
46
46
46
46
46
46
46
46
46
46
47
46
46
46
46
46
46
46
46
45
45
46
46
46
46
46
46
46
46
46
47
47
47
47
47
48
48
48
48
48
49
51
54
58
61
64
65
56
59
60
72
295
296
299
302
306
309
404
407
409
412
415
417
420
424
426
429
504
504
503
503
503
505
506
507
508
507
507
507
506
507
508
511
512
514
514
516
516
517
517
517
515
519
517
513
510
509
506
503
500
496
494
490
487
483
439
434
433
431
428
425
396
385
378
375
375
379
383
392
403
422
427
429
432
434
480
485
489
492
496
499
501
504
507
509
511
513
516
518
520
548
476
508
510
511
512
513
512
512
510
510
508
507
506
506
507
507
507
508
507
505
505
506
506
506
425
421
418
415
411
408
405
402
398
306
302
300
298
296
294
75
66
66
64
67
69
67
65
63
57
49
48
50
50
50
50
49
49
49
48
48
47
47
47
47
46
46
46
46
46
46
45
45
45
45
45
45
45
45
45
45
45
45
45
45
45
45
45
45
45
45
45
44
44
44
44
44
44
44
44
43
42
42
42
42
42
42
42
42
42
42
41
41
41
41
41
41
41
41
41
41
41
41
41
41
41
42
43
43
43
43
43
43
43
44
44
44
44
44
44
44
44
44
44
43
44
44
44
44
44
44
44
44
44
44
43
43
43
43
43
43
43
43
42
42
42
42
41
41
40
40
40
39
39
39
39
38
37
37
37
37
36
35
35
35
34
33
33
33
32
31
31
31
30
30
30
28
28
28
27
27
27
27
27
26
26
26
26
26
26
26
26
25
25
25
25
25
24
24
24
23
23
23
23
22
23
23
23
22
22
22
23
21
21
21
21
21
20
20
20
21
21
21
21
20
21
21
21
22
22
21
21
21
21
21
20
20
19
17
1
1
1
1
1
1
1
1
1
1
1
1
1
1
1
1
1
1
1
1
1
1
1
1
1
1
1
1
1
1
1
1
1
1
1
1
1
1
1
1
1
1
1
1
1
1
1
1
1
1
1
1
1
1
1
1
1
1
1
1
1
1
1
1
1
1
1
1
1
1
1
1
1
1
1
1
1
1
1
1
1
1
1
1
1
1
1
1
1
1
1
1
1
1
1
1
1
1
1
1
1
1
1
1
1
1
1
1
1
1
1
1
1
1
1
1
1
1
1
1
1
1
1
1
1
1
1
1
1
1
1
1
1
1
1
1
1
1
1
1
1
1
1
1
1
1
1
1
1
1
1
1
1
1
1
1
1
1
1
1
1
1
1
1
1
1
1
1
1
1
1
1
1
1
1
1
1
1
1
1
1
1
1
1
1
1
1
1
1
1
1
1
1
1
1
1
1
1
1
1
1
1
1
1
1
1
1
1
1
1
1
1
1
1
1
1
1
1
1
1
1
1
1
1
1
1
1
1
1
