# Vetor de dados - syn_f004696-3-Pre--left--vetorlinha.txt
# Total de elementos: 768
# Formato: um valor por linha
#==================================================

1
1
1
1
1
1
1
1
1
1
1
1
1
1
1
1
1
1
1
1
1
1
1
1
1
1
1
1
1
1
1
1
1
1
1
1
1
1
1
1
1
1
1
1
1
1
1
1
1
1
1
1
1
1
1
1
1
1
1
1
1
1
1
1
1
1
1
1
1
1
1
1
1
1
1
1
1
1
1
1
1
1
1
1
1
1
1
1
1
1
1
1
1
1
1
1
1
1
1
1
1
1
1
1
1
1
1
1
1
1
1
1
1
1
1
19
27
34
38
42
46
49
52
54
56
58
60
62
63
65
67
68
69
69
71
71
73
73
74
74
76
76
76
76
76
77
77
77
77
77
77
77
77
78
78
78
78
79
80
79
80
81
81
82
81
81
80
79
77
74
72
71
71
70
69
67
67
66
66
65
63
62
63
62
62
62
62
62
62
61
60
59
58
55
53
51
49
48
48
48
47
47
47
47
46
47
46
47
46
47
47
47
48
48
48
49
49
49
50
50
51
51
56
60
66
166
171
176
183
189
197
203
211
215
221
225
230
237
245
251
260
270
279
290
290
290
289
288
286
283
280
272
272
253
196
191
185
178
169
153
120
109
103
96
90
84
85
85
86
86
87
87
87
88
88
88
88
89
89
89
90
90
90
90
90
91
91
91
90
90
90
89
89
89
87
87
86
84
84
83
81
80
79
77
77
75
75
75
74
75
75
75
76
75
75
75
75
76
75
74
75
75
74
73
73
73
72
72
72
71
71
71
70
70
70
70
70
70
69
69
70
70
70
70
70
70
70
71
71
71
71
72
72
73
73
74
74
74
75
76
77
78
78
80
80
81
82
82
84
84
84
85
85
87
87
87
88
89
89
90
90
91
92
92
92
92
93
94
94
94
94
95
95
95
95
95
95
95
95
96
95
95
95
95
94
94
94
93
93
92
92
91
90
89
89
89
88
88
88
89
89
89
88
88
88
88
88
88
88
87
87
86
85
84
84
83
82
81
80
78
78
77
77
77
76
76
77
77
77
76
76
76
76
76
77
77
77
77
77
78
78
78
77
77
78
78
78
78
78
77
77
78
78
78
77
77
77
77
77
76
75
75
75
75
75
75
75
73
73
73
73
73
72
71
71
71
70
70
70
69
68
68
68
66
66
66
66
64
64
64
63
62
62
62
61
60
60
59
59
59
58
58
58
57
56
56
55
55
55
54
54
54
54
53
54
54
54
54
55
55
56
56
56
56
57
57
57
57
57
57
57
57
57
57
56
56
56
56
55
54
55
54
53
53
53
52
52
51
50
50
51
51
50
50
50
50
50
50
51
51
52
52
52
52
52
52
52
53
53
53
53
53
53
53
53
53
53
53
53
53
53
52
52
52
52
52
52
52
51
50
50
50
50
50
49
49
48
47
47
47
47
46
45
45
44
44
44
44
42
42
42
41
41
41
40
40
40
39
39
39
39
39
38
38
38
38
38
38
38
39
39
39
40
39
39
40
41
41
42
43
44
45
46
48
50
52
54
56
58
61
68
72
73
76
78
81
84
86
88
89
89
89
89
88
88
87
52
54
57
60
63
66
70
73
76
78
81
84
87
91
92
92
91
90
88
87
85
78
65
56
49
41
38
31
1
1
1
1
1
1
1
1
1
1
1
1
1
1
1
1
1
1
1
1
1
1
1
1
1
1
1
1
1
1
1
1
1
1
1
1
1
1
1
1
1
1
1
1
1
1
1
1
1
1
1
1
1
1
