# Vetor de dados - syn_f002484-0-Pre--front--vetorcoluna.txt
# Total de elementos: 1024
# Formato: um valor por linha
#==================================================

1
1
1
1
1
1
1
1
1
1
1
1
1
1
1
1
1
1
1
1
1
1
1
1
1
1
1
1
1
1
1
1
1
1
1
1
1
1
1
1
1
1
1
1
1
1
1
1
1
1
1
1
1
1
1
1
1
1
1
1
1
1
1
1
1
1
1
1
1
1
1
1
1
1
1
1
1
1
1
1
1
1
1
1
1
1
1
1
1
1
1
1
1
1
1
1
1
1
1
1
1
1
1
1
1
1
1
1
1
1
1
1
1
1
1
1
1
1
1
1
1
1
1
1
1
1
1
1
1
1
1
1
1
1
1
1
1
1
1
1
1
1
1
1
1
1
1
1
1
1
1
1
1
1
1
1
1
1
1
1
1
1
1
1
1
1
1
1
1
1
1
1
1
1
1
1
1
1
1
1
1
1
1
1
1
1
1
1
1
1
1
1
1
1
1
1
1
1
1
1
1
1
1
1
1
1
1
1
1
1
1
1
1
1
1
1
1
1
1
1
1
1
1
1
1
1
1
1
1
1
1
1
1
1
1
1
1
1
1
1
4
8
8
8
8
9
9
9
9
9
9
9
9
9
9
9
9
9
10
10
10
12
17
18
18
19
20
20
20
20
19
19
19
18
18
18
18
20
19
19
19
19
19
19
21
21
21
21
20
21
21
21
20
21
20
19
19
20
20
19
19
19
19
20
20
20
20
20
20
21
21
21
21
21
22
22
22
22
22
23
23
23
23
23
23
24
24
24
24
25
25
25
25
25
26
26
26
26
27
27
28
28
28
28
28
29
29
29
29
29
29
30
30
30
30
30
30
31
32
32
32
32
32
32
32
32
32
32
33
33
32
32
32
32
32
32
32
32
33
32
32
32
32
32
32
32
32
33
32
32
32
32
32
32
33
33
33
33
32
32
33
33
33
33
33
33
33
34
34
34
33
33
33
33
34
34
34
34
34
34
34
34
34
34
34
34
34
34
34
34
34
35
35
35
35
35
35
36
36
37
37
37
37
39
39
40
41
42
44
45
47
48
49
50
51
52
53
54
252
256
260
264
269
274
280
288
352
358
363
369
374
438
438
438
439
439
440
440
442
442
442
441
441
441
443
444
445
446
446
520
522
522
522
458
453
449
445
439
436
432
427
421
402
395
392
388
385
345
339
334
302
300
331
337
349
380
385
388
392
399
423
429
433
437
440
444
448
453
458
461
524
524
523
522
521
446
446
444
444
442
443
444
443
443
442
442
441
441
442
442
441
440
376
370
365
360
354
349
292
286
276
271
267
263
58
57
56
55
53
53
51
50
48
47
47
46
45
43
42
42
41
41
40
40
40
39
38
38
38
37
37
38
37
37
37
36
36
36
35
36
36
36
36
36
36
36
36
36
36
36
36
36
36
36
36
36
36
36
36
36
36
36
36
36
36
36
36
36
36
36
36
36
35
35
35
35
35
35
35
35
35
35
35
35
35
35
35
35
35
35
35
35
35
35
35
35
35
35
35
35
35
35
35
35
35
35
35
35
35
35
35
35
35
35
35
35
35
35
35
35
35
35
35
35
34
34
34
34
34
34
34
34
34
34
33
33
33
33
33
33
33
33
32
32
32
32
32
32
32
32
31
31
31
31
31
31
31
31
31
31
32
32
32
32
33
33
34
34
35
35
36
36
36
36
37
37
37
37
37
37
37
37
37
38
38
38
38
39
39
39
40
40
40
40
40
1
1
1
1
1
1
1
1
1
1
1
1
1
1
1
1
1
1
1
1
1
1
1
1
1
1
1
1
1
1
1
1
1
1
1
1
1
1
1
1
1
1
1
1
1
1
1
1
1
1
1
1
1
1
1
1
1
1
1
1
1
1
1
1
1
1
1
1
1
1
1
1
1
1
1
1
1
1
1
1
1
1
1
1
1
1
1
1
1
1
1
1
1
1
1
1
1
1
1
1
1
1
1
1
1
1
1
1
1
1
1
1
1
1
1
1
1
1
1
1
1
1
1
1
1
1
1
1
1
1
1
1
1
1
1
1
1
1
1
1
1
1
1
1
1
1
1
1
1
1
1
1
1
1
1
1
1
1
1
1
1
1
1
1
1
1
1
1
1
1
1
1
1
1
1
1
1
1
1
1
1
1
1
1
1
1
1
1
1
1
1
1
1
1
1
1
1
1
1
1
1
1
1
1
1
1
1
1
1
1
1
1
1
1
1
1
1
1
1
1
1
1
1
1
1
1
1
1
1
1
1
1
1
1
1
1
1
1
1
1
1
1
1
1
1
1
1
1
1
1
1
1
1
1
1
1
1
1
1
1
1
1
1
1
1
1
1
1
1
