# Vetor de dados - syn_f003874-2-Pre--left--vetorlinha.txt
# Total de elementos: 768
# Formato: um valor por linha
#==================================================

1
1
1
1
1
1
1
1
1
1
1
1
1
1
1
1
1
1
1
1
1
1
1
1
1
1
1
1
1
1
1
1
1
1
1
1
1
1
1
1
1
1
1
1
1
1
1
1
1
1
1
1
1
1
1
1
1
1
1
1
1
1
1
1
1
1
1
1
1
1
1
1
1
1
1
1
1
1
1
1
1
1
1
1
1
1
1
1
1
1
1
1
1
1
1
1
1
1
1
1
1
1
1
1
1
1
19
28
34
39
44
48
51
54
56
58
60
62
64
66
69
71
72
73
74
75
76
77
79
79
80
81
81
82
82
83
83
83
83
83
84
84
84
84
83
83
84
84
84
84
84
85
85
86
86
86
86
87
87
87
86
86
84
83
80
78
77
76
75
75
73
72
72
72
72
71
70
70
70
70
70
70
70
69
69
69
68
67
67
65
62
59
57
54
54
53
54
53
54
54
54
54
55
56
56
57
57
58
59
59
59
60
60
60
60
64
68
72
79
86
96
105
114
124
162
170
176
182
187
191
196
202
208
214
220
227
235
241
245
249
252
255
259
263
268
274
278
282
289
295
300
305
315
317
317
316
315
314
311
308
298
127
118
109
109
110
110
110
110
111
111
111
111
111
112
112
112
112
112
113
113
114
114
113
113
113
113
113
113
113
112
112
111
111
110
110
108
107
106
106
105
104
105
105
106
106
107
106
106
107
107
108
108
107
108
108
108
109
108
108
107
108
107
106
105
105
105
105
104
104
104
104
103
103
103
102
102
101
100
100
100
99
98
98
98
98
98
98
97
99
100
100
102
102
103
104
104
106
106
107
107
108
109
110
110
111
113
113
114
114
114
115
115
115
116
116
116
116
117
117
117
117
118
118
118
118
118
118
119
119
119
119
119
119
120
119
119
119
119
119
118
118
118
118
117
117
117
116
116
116
114
114
113
113
112
111
110
109
108
107
106
105
105
105
105
104
104
103
103
102
102
101
101
100
99
99
98
97
98
97
97
97
96
94
93
92
92
91
91
90
89
88
88
87
86
86
86
86
87
87
87
87
86
86
86
86
86
86
85
85
85
85
85
85
85
85
84
84
84
84
83
83
83
83
82
82
82
82
82
81
81
80
80
79
79
79
78
78
78
77
77
76
76
75
75
75
74
73
72
72
72
71
71
70
69
69
68
68
66
66
65
65
63
63
62
62
62
60
60
59
59
58
57
57
57
56
56
56
56
54
55
55
56
55
55
56
56
56
56
56
57
56
56
55
56
55
55
55
55
54
55
54
53
54
53
52
53
52
52
51
50
50
49
50
49
49
48
48
47
47
47
47
47
47
47
48
48
47
47
47
48
48
48
48
48
48
48
49
49
49
49
49
48
48
48
48
48
48
48
48
48
48
48
48
47
46
46
46
46
46
46
45
45
44
44
44
44
43
43
43
42
42
41
41
41
41
40
39
39
39
39
39
38
37
37
37
37
37
36
36
35
36
36
36
36
36
36
36
37
37
38
39
39
40
41
41
43
45
47
49
52
55
58
61
65
71
74
75
77
78
81
82
83
86
87
89
89
91
92
93
93
92
92
46
48
49
52
55
58
63
66
70
73
77
79
80
84
86
87
89
90
93
93
92
90
88
84
75
69
64
60
52
47
43
1
1
1
1
1
1
1
1
1
1
1
1
1
1
1
1
1
1
1
1
1
1
1
1
1
1
1
1
1
1
1
1
1
1
1
1
1
1
1
1
1
1
1
1
