# Vetor de dados - syn_f002523-2-Pre--front--vetorcoluna.txt
# Total de elementos: 1024
# Formato: um valor por linha
#==================================================

1
1
1
1
1
1
1
1
1
1
1
1
1
1
1
1
1
1
1
1
1
1
1
1
1
1
1
1
1
1
1
1
1
1
1
1
1
1
1
1
1
1
1
1
1
1
1
1
1
1
1
1
1
1
1
1
1
1
1
1
1
1
1
1
1
1
1
1
1
1
1
1
1
1
1
1
1
1
1
1
1
1
1
1
1
1
1
1
1
1
1
1
1
1
1
1
1
1
1
1
1
1
1
1
1
1
1
1
1
1
1
1
1
1
1
1
1
1
1
1
1
1
1
1
1
1
1
1
1
1
1
1
1
1
1
1
1
1
1
1
1
1
1
1
1
1
1
1
1
1
1
1
1
1
1
1
1
1
1
1
1
1
1
1
1
1
1
1
1
1
1
1
1
1
1
1
1
1
1
1
1
1
1
1
1
1
1
1
1
1
1
1
1
1
1
1
1
1
1
1
1
1
1
1
1
1
1
1
1
1
1
1
1
1
1
1
1
1
1
1
12
13
14
14
14
16
14
14
14
14
14
14
14
14
14
14
14
14
14
14
14
14
20
21
21
22
22
22
22
22
22
22
21
21
21
20
20
20
20
19
19
19
20
20
20
21
21
21
22
22
21
22
22
21
22
21
21
21
21
20
21
21
20
20
20
20
20
20
21
21
21
21
21
21
23
23
23
23
24
24
24
24
25
25
25
26
26
26
26
27
27
28
28
29
29
29
29
30
30
30
30
30
31
31
31
31
31
32
33
33
33
33
33
33
33
33
33
34
35
35
35
35
35
35
35
35
35
35
35
35
35
36
36
36
36
35
35
35
35
35
35
35
35
34
34
34
33
33
33
32
32
32
32
32
33
32
32
32
32
32
32
32
33
32
33
33
33
33
34
34
34
34
35
35
35
35
35
35
35
36
36
36
36
36
36
36
35
35
35
35
36
36
36
36
36
36
36
37
37
37
37
37
38
38
38
38
39
40
40
41
41
41
42
42
43
44
44
45
45
46
48
49
50
52
54
56
57
59
61
62
63
64
66
68
69
71
287
289
292
295
393
397
400
402
405
408
412
415
478
481
481
481
481
483
483
484
483
483
482
482
483
485
487
487
488
488
489
489
558
558
558
521
501
498
495
493
490
486
483
479
475
470
415
411
408
403
391
378
351
343
336
324
325
336
346
354
364
375
382
396
404
407
411
414
419
470
474
478
481
484
487
490
492
494
518
483
485
486
488
488
488
488
487
486
486
484
483
483
483
484
484
483
483
482
483
482
480
480
480
412
409
405
402
400
396
393
289
286
283
74
72
70
67
65
64
63
62
61
60
59
58
56
55
53
52
49
48
47
47
46
45
45
44
42
42
41
41
41
40
39
38
38
38
38
37
37
37
37
37
36
36
36
36
36
36
37
36
36
36
36
36
36
36
35
35
35
35
35
35
34
33
33
33
33
32
32
32
32
32
31
31
31
31
31
31
31
32
31
31
31
31
31
32
32
32
33
33
34
34
34
35
35
35
35
35
35
36
36
36
36
36
36
36
35
36
36
36
36
36
36
36
36
36
35
35
35
35
35
35
34
34
34
34
34
33
33
33
33
32
32
32
32
31
30
30
30
30
29
29
29
29
29
29
28
28
28
28
28
28
28
28
28
28
28
27
27
27
27
27
27
27
27
27
27
27
27
27
27
27
26
26
26
26
26
26
26
26
26
25
25
25
25
25
25
24
24
24
24
24
24
24
24
23
23
23
23
23
23
23
23
23
23
23
23
23
22
22
22
22
22
23
23
23
1
1
1
1
1
1
1
1
1
1
1
1
1
1
1
1
1
1
1
1
1
1
1
1
1
1
1
1
1
1
1
1
1
1
1
1
1
1
1
1
1
1
1
1
1
1
1
1
1
1
1
1
1
1
1
1
1
1
1
1
1
1
1
1
1
1
1
1
1
1
1
1
1
1
1
1
1
1
1
1
1
1
1
1
1
1
1
1
1
1
1
1
1
1
1
1
1
1
1
1
1
1
1
1
1
1
1
1
1
1
1
1
1
1
1
1
1
1
1
1
1
1
1
1
1
1
1
1
1
1
1
1
1
1
1
1
1
1
1
1
1
1
1
1
1
1
1
1
1
1
1
1
1
1
1
1
1
1
1
1
1
1
1
1
1
1
1
1
1
1
1
1
1
1
1
1
1
1
1
1
1
1
1
1
1
1
1
1
1
1
1
1
1
1
1
1
1
1
1
1
1
1
1
1
1
1
1
1
1
1
1
1
1
1
1
1
1
1
1
1
1
1
1
1
1
1
1
1
1
1
1
1
1
1
1
1
1
1
1
1
1
