# Vetor de dados - syn_f003672-3-Pre--front--vetorcoluna.txt
# Total de elementos: 1024
# Formato: um valor por linha
#==================================================

1
1
1
1
1
1
1
1
1
1
1
1
1
1
1
1
1
1
1
1
1
1
1
1
1
1
1
1
1
1
1
1
1
1
1
1
1
1
1
1
1
1
1
1
1
1
1
1
1
1
1
1
1
1
1
1
1
1
1
1
1
1
1
1
1
1
1
1
1
1
1
1
1
1
1
1
1
1
1
1
1
1
1
1
1
1
1
1
1
1
1
1
1
1
1
1
1
1
1
1
1
1
1
1
1
1
1
1
1
1
1
1
1
1
1
1
1
1
1
1
1
1
1
1
1
1
1
1
1
1
1
1
1
1
1
1
1
1
1
1
1
1
1
1
1
1
1
1
1
1
1
1
1
1
1
1
1
1
1
1
1
1
1
1
1
1
1
1
1
1
1
1
1
1
1
1
1
1
1
1
1
1
1
1
1
1
1
1
1
1
1
1
1
1
1
1
1
1
1
1
1
1
1
1
1
1
1
1
1
1
1
1
1
1
1
1
1
1
1
1
1
4
8
8
8
8
8
8
8
8
8
8
8
8
9
9
9
9
9
9
12
12
12
12
12
16
17
18
19
19
19
20
20
20
19
19
21
20
19
19
20
20
20
19
21
21
21
21
22
22
23
22
22
22
23
23
23
23
22
23
22
23
22
23
22
22
22
22
23
23
23
23
22
22
23
24
24
24
24
24
25
25
25
25
25
25
26
26
27
27
28
28
28
28
28
29
29
30
30
31
31
31
31
32
32
32
32
32
33
34
34
34
34
35
35
35
35
35
35
35
35
36
36
36
36
36
37
37
37
37
37
37
38
37
38
38
38
38
38
38
39
38
38
38
38
38
38
38
38
37
37
37
37
37
37
37
37
36
36
36
36
36
35
35
35
36
36
36
36
36
36
37
36
36
36
36
36
37
37
37
37
37
37
38
38
38
38
38
38
38
39
39
39
39
39
39
39
38
38
39
39
39
39
39
40
40
39
40
40
41
41
41
42
42
42
43
44
44
44
45
46
46
47
47
50
53
58
64
69
72
77
80
82
298
301
304
306
313
410
413
416
420
423
427
432
504
504
505
506
505
505
506
508
508
508
507
507
506
506
507
509
509
509
511
511
511
510
508
505
576
519
514
511
507
505
502
499
496
492
487
481
437
433
431
427
422
402
376
367
359
350
337
326
321
321
354
359
364
369
377
422
427
429
433
480
486
491
494
498
501
504
508
511
513
515
516
467
481
499
504
506
508
508
508
507
507
506
506
505
505
506
506
506
506
506
505
505
505
504
430
426
422
419
415
412
409
405
402
312
304
301
297
294
291
75
68
65
62
60
57
54
51
49
48
47
45
45
44
44
43
43
42
42
41
41
40
40
40
40
40
40
40
40
40
40
40
40
40
39
39
39
39
39
39
39
39
39
39
39
39
39
39
39
39
39
38
38
38
37
37
37
37
36
36
36
36
36
36
35
35
35
35
35
35
35
35
35
34
34
34
35
35
35
35
36
36
37
37
37
37
38
38
38
38
38
38
38
38
38
38
37
37
37
37
37
37
37
37
36
36
36
36
36
36
36
35
35
34
34
34
34
34
34
33
33
33
32
32
31
31
31
31
31
29
29
29
29
29
28
27
27
27
27
27
27
27
26
26
26
26
26
26
26
26
25
25
25
25
25
25
25
25
25
25
25
24
24
24
24
24
23
23
23
23
22
22
22
22
21
21
21
20
20
21
21
21
19
19
20
20
20
20
18
18
19
19
19
19
20
19
19
19
19
20
20
20
20
20
20
19
18
16
1
1
1
1
1
1
1
1
1
1
1
1
1
1
1
1
1
1
1
1
1
1
1
1
1
1
1
1
1
1
1
1
1
1
1
1
1
1
1
1
1
1
1
1
1
1
1
1
1
1
1
1
1
1
1
1
1
1
1
1
1
1
1
1
1
1
1
1
1
1
1
1
1
1
1
1
1
1
1
1
1
1
1
1
1
1
1
1
1
1
1
1
1
1
1
1
1
1
1
1
1
1
1
1
1
1
1
1
1
1
1
1
1
1
1
1
1
1
1
1
1
1
1
1
1
1
1
1
1
1
1
1
1
1
1
1
1
1
1
1
1
1
1
1
1
1
1
1
1
1
1
1
1
1
1
1
1
1
1
1
1
1
1
1
1
1
1
1
1
1
1
1
1
1
1
1
1
1
1
1
1
1
1
1
1
1
1
1
1
1
1
1
1
1
1
1
1
1
1
1
1
1
1
1
1
1
1
1
1
1
1
1
1
1
1
1
1
1
1
1
1
1
1
1
1
1
1
1
1
1
1
1
1
1
1
1
1
1
1
1
1
1
