# Vetor de dados - syn_f000000-0-Pre--front--vetorlinha.txt
# Total de elementos: 768
# Formato: um valor por linha
#==================================================

1
1
1
1
1
1
1
1
1
1
1
1
1
1
1
1
1
1
1
1
1
1
1
1
1
1
1
1
1
1
1
1
1
1
1
1
1
1
1
1
1
1
1
1
1
1
1
1
1
1
1
1
1
1
1
1
1
1
1
1
1
1
1
1
1
1
1
1
1
1
1
1
1
1
1
1
1
1
1
1
1
1
1
1
1
1
1
1
1
1
1
1
1
1
1
1
1
1
1
1
1
1
1
1
1
1
1
1
1
1
1
1
1
1
1
1
1
1
1
1
14
23
27
31
35
37
39
41
43
45
47
49
49
51
51
53
54
55
56
57
57
58
59
59
59
59
59
59
60
59
59
59
59
59
59
59
59
60
65
66
67
67
67
67
67
66
66
65
64
64
63
62
61
60
59
58
55
52
48
48
48
48
46
46
45
44
44
44
44
44
44
44
44
44
44
44
44
44
44
44
44
44
44
45
45
45
45
46
51
54
58
104
113
236
259
300
312
324
337
377
382
385
390
396
404
466
466
464
468
482
505
509
511
514
515
456
456
456
455
460
461
466
461
455
450
413
405
396
370
361
356
353
350
251
183
153
148
146
144
143
142
140
138
137
136
134
132
131
129
126
124
122
121
119
118
117
115
115
115
114
114
113
113
113
113
112
112
111
111
111
110
110
109
109
108
107
107
107
106
105
105
105
105
104
103
103
103
103
102
102
103
103
103
104
104
104
104
105
104
104
104
104
104
104
104
104
104
104
104
104
104
104
104
105
105
105
106
106
106
106
106
106
106
106
107
107
107
107
109
109
110
110
111
112
113
113
113
114
115
116
116
118
118
119
120
120
121
122
122
123
124
124
124
124
124
125
125
126
126
126
126
126
126
125
125
125
125
125
125
125
126
126
126
126
126
128
128
128
129
130
130
130
130
131
132
132
132
132
133
133
133
134
135
135
135
135
135
136
136
135
136
137
135
135
136
136
136
136
136
136
135
135
135
135
135
135
134
134
134
134
134
134
134
132
132
132
132
132
132
131
131
131
131
131
130
129
129
129
129
128
128
127
127
126
126
126
126
125
124
124
124
124
124
123
122
122
122
122
122
122
121
121
120
120
119
119
118
118
117
116
116
116
115
114
114
114
112
112
112
111
110
110
109
109
108
108
107
107
107
106
106
105
105
105
105
105
105
104
104
104
103
103
103
103
103
103
103
104
104
104
104
104
104
104
104
104
104
104
104
104
104
104
104
104
104
104
104
104
104
105
106
106
106
106
107
107
107
108
108
109
109
109
109
109
110
110
111
111
111
111
111
111
111
111
111
111
111
111
111
111
111
110
110
110
110
110
110
109
109
109
109
109
109
108
108
108
107
107
107
107
107
107
106
106
105
105
105
105
104
104
104
103
103
103
102
102
102
101
101
101
100
100
100
99
99
98
98
98
97
97
96
96
96
95
95
94
94
94
93
92
92
92
92
91
91
90
90
90
89
89
89
89
89
89
89
89
89
89
89
89
89
89
89
89
89
89
89
89
90
91
92
92
93
94
94
95
96
97
98
99
101
102
103
105
106
108
108
109
110
110
111
112
111
112
112
112
111
111
110
108
105
104
102
99
95
45
44
44
42
40
1
1
1
1
1
1
1
1
1
1
1
1
1
1
1
1
1
1
1
1
1
1
1
1
1
1
1
1
1
1
1
1
1
1
1
1
1
1
1
1
1
1
1
1
1
1
1
1
1
1
1
1
1
1
1
1
1
1
