# Vetor de dados - syn_f000985-3-Pre--front--vetorlinha.txt
# Total de elementos: 768
# Formato: um valor por linha
#==================================================

1
1
1
1
1
1
1
1
1
1
1
1
1
1
1
1
1
1
1
1
1
1
1
1
1
1
1
1
1
1
1
1
1
1
1
1
1
1
1
1
1
1
1
1
1
1
1
1
1
1
1
1
1
1
1
1
1
1
1
1
1
1
1
1
1
1
1
1
1
1
1
1
1
1
1
1
1
1
1
1
1
1
1
1
1
1
1
1
1
1
1
1
1
1
1
1
1
1
12
23
27
31
35
38
40
43
44
47
49
51
51
53
55
55
57
57
59
60
61
61
63
63
63
65
65
65
65
65
66
67
66
66
66
66
66
66
65
65
65
65
67
72
74
74
75
75
74
74
74
74
74
72
72
72
72
70
70
69
67
66
66
64
61
56
56
55
54
54
53
52
52
52
50
50
50
50
50
50
50
50
50
50
50
50
51
51
51
52
53
55
58
63
68
72
75
78
81
152
422
435
447
463
478
490
501
511
520
530
542
554
571
603
610
615
634
655
654
653
652
647
631
622
622
607
602
604
604
604
603
537
533
465
458
449
439
429
418
406
395
382
370
357
349
334
308
291
279
267
251
206
180
174
170
168
165
164
163
162
161
161
160
159
159
159
159
158
158
158
157
156
156
156
155
155
155
154
153
152
152
151
150
150
149
148
148
146
146
145
145
143
142
142
140
139
138
137
135
133
133
131
131
132
132
132
133
133
133
133
133
133
133
134
134
134
134
134
133
133
133
133
133
133
134
134
134
134
135
135
136
136
136
135
135
135
135
135
135
135
134
133
133
133
132
132
132
132
132
133
135
136
137
139
140
142
144
145
146
148
149
150
151
152
153
154
155
155
157
157
157
158
159
159
159
159
159
159
159
160
160
160
160
160
159
159
159
158
158
158
157
156
156
156
156
156
156
156
156
156
156
156
157
158
158
158
159
160
160
161
161
162
163
163
164
165
165
166
167
167
167
169
169
169
169
169
170
170
170
170
170
171
171
171
172
172
172
172
172
171
170
170
170
170
170
170
170
170
170
169
168
168
168
168
168
168
168
167
166
166
166
165
164
164
164
164
164
163
162
162
162
161
160
160
160
159
158
158
158
157
157
156
155
154
153
152
151
150
150
148
148
146
146
144
144
143
142
141
140
139
139
137
137
137
137
135
135
135
135
133
133
133
133
131
131
131
131
129
129
129
129
128
127
127
127
127
127
127
127
127
127
127
127
127
126
126
126
126
126
126
126
125
125
125
125
125
125
124
124
124
124
124
124
125
125
125
125
125
125
125
126
127
127
127
128
128
129
129
129
130
130
131
131
132
132
132
132
133
133
134
134
134
134
134
134
134
135
134
136
135
136
136
136
134
134
134
134
134
134
134
134
134
134
134
132
132
132
132
131
130
130
130
129
129
128
128
128
127
126
126
126
125
125
124
124
123
123
122
122
121
121
120
120
119
119
118
118
117
117
116
116
116
115
114
114
114
114
112
112
112
112
111
111
110
110
110
109
109
109
108
108
108
108
108
108
108
108
108
108
108
107
108
108
107
107
107
107
107
108
109
109
109
109
109
109
109
110
110
111
111
112
112
112
113
114
114
116
116
118
118
120
120
121
122
122
124
124
125
126
127
128
128
128
129
129
129
129
129
128
128
125
124
124
122
120
119
115
115
112
49
47
42
1
1
1
1
1
1
1
1
1
1
1
1
1
1
1
1
1
1
1
1
1
1
1
1
1
1
1
1
1
1
1
1
1
1
1
1
1
1
