# Vetor de dados - syn_f003676-3-Pre--front--vetorlinha.txt
# Total de elementos: 768
# Formato: um valor por linha
#==================================================

1
1
1
1
1
1
1
1
1
1
1
1
1
1
1
1
1
1
1
1
1
1
1
1
1
1
1
1
1
1
1
1
1
1
1
1
1
1
1
1
1
1
1
1
1
1
1
1
1
1
1
1
1
1
1
1
1
1
1
1
1
1
1
1
1
1
1
1
1
1
1
1
1
1
1
1
1
1
1
1
1
1
1
1
1
1
1
1
1
1
1
1
1
1
1
1
1
1
1
1
1
1
1
1
1
1
1
1
1
1
1
1
1
1
1
1
1
1
1
8
19
25
29
33
37
39
41
43
45
47
48
50
51
52
53
54
56
56
57
58
58
59
60
60
61
61
61
61
61
61
61
61
61
61
61
61
60
60
61
66
68
68
68
68
68
68
67
66
66
64
64
64
62
62
60
58
58
56
51
50
49
48
48
46
46
45
44
42
42
42
42
42
42
42
42
41
40
40
40
40
40
40
40
40
40
41
41
45
50
54
59
66
77
91
103
145
184
199
210
384
407
426
456
479
487
495
505
517
531
560
589
601
601
599
600
598
593
577
555
553
556
557
557
556
473
396
384
373
362
350
333
289
230
203
188
173
166
162
160
158
156
154
154
153
152
151
151
151
149
149
149
149
147
147
145
144
143
141
139
138
137
135
134
133
132
131
130
129
128
128
126
126
124
124
122
122
120
120
118
118
117
116
115
114
113
111
109
107
106
104
103
102
101
101
102
103
103
104
105
105
106
106
106
106
106
106
107
108
108
108
109
109
109
109
109
110
110
110
108
108
108
107
106
105
103
102
101
99
99
99
99
100
103
107
110
114
117
119
120
122
124
126
128
129
130
132
132
132
134
134
135
136
136
136
136
136
136
136
136
136
137
137
137
137
137
137
137
137
137
137
137
137
137
137
137
137
137
138
138
138
138
138
138
138
138
138
138
139
140
140
140
141
141
142
142
143
143
143
143
143
144
145
145
145
145
145
145
145
145
146
146
146
146
146
146
146
146
146
146
146
146
146
146
146
146
146
146
146
145
145
145
145
145
145
144
144
144
144
144
143
143
143
143
143
142
141
141
141
141
141
139
139
139
139
137
137
137
136
135
135
135
133
133
133
133
131
131
131
129
129
129
127
127
126
125
125
123
122
121
120
120
118
118
118
116
116
114
114
114
112
112
112
110
110
109
109
109
109
107
107
107
107
107
107
107
107
107
107
107
106
106
105
105
105
105
105
105
105
105
104
104
103
103
103
103
103
103
103
103
103
103
103
104
104
104
104
104
104
106
106
106
106
107
108
108
108
109
110
110
110
110
111
112
112
112
112
112
112
112
112
113
113
113
113
112
112
112
112
112
112
112
112
112
111
110
110
110
110
109
108
108
108
108
107
106
106
106
105
104
104
103
102
102
101
101
100
100
99
98
98
98
97
97
96
96
96
95
95
94
94
94
93
93
92
92
91
91
91
91
90
89
89
89
89
89
88
87
87
87
87
87
87
87
87
87
88
88
88
89
89
89
91
91
91
91
91
91
92
92
94
94
95
96
97
98
98
99
100
101
102
103
104
106
106
107
108
109
110
111
111
111
111
112
111
111
112
112
111
110
110
109
108
107
105
104
101
96
45
44
42
41
35
1
1
1
1
1
1
1
1
1
1
1
1
1
1
1
1
1
1
1
1
1
1
1
1
1
1
1
1
1
1
1
1
1
1
1
1
1
1
1
1
1
1
1
1
1
1
1
1
1
1
1
1
1
1
1
1
