# Vetor de dados - syn_f001346-3-Pre--left--vetorlinha.txt
# Total de elementos: 768
# Formato: um valor por linha
#==================================================

1
1
1
1
1
1
1
1
1
1
1
1
1
1
1
1
1
1
1
1
1
1
1
1
1
1
1
1
1
1
1
1
1
1
1
1
1
1
1
1
1
1
1
1
1
1
1
1
1
1
1
1
1
1
1
1
1
1
1
1
1
1
1
1
1
1
1
1
1
1
1
1
1
1
1
1
1
1
1
1
1
1
1
1
1
1
1
1
1
1
1
1
1
1
1
1
1
1
1
1
1
1
1
1
1
1
1
1
1
1
1
1
1
1
1
1
1
1
1
1
1
1
1
1
1
1
1
1
1
1
1
1
1
1
1
1
1
1
1
1
1
1
1
1
1
1
1
1
1
1
1
1
1
1
2
20
28
34
38
43
45
49
51
53
55
57
59
61
63
65
66
67
68
69
70
71
72
72
73
73
73
74
74
74
75
75
75
75
75
75
75
75
74
75
75
76
76
76
77
77
78
78
78
78
78
77
76
75
71
68
66
66
65
65
64
62
62
62
62
60
60
60
61
61
61
61
61
62
61
60
58
57
56
55
54
54
53
54
54
53
54
54
55
55
55
55
56
56
57
57
57
59
60
64
69
78
88
94
102
141
147
152
158
161
164
167
171
174
177
182
186
191
196
202
206
209
212
216
220
224
228
232
236
243
248
252
257
265
267
267
267
266
263
260
251
99
100
100
100
100
99
99
99
99
100
100
100
100
100
100
100
100
99
99
99
99
98
98
97
97
96
94
93
92
90
91
91
90
91
90
89
88
88
88
88
86
86
85
85
84
84
83
83
82
82
81
81
80
79
79
79
78
78
78
78
78
78
78
78
78
79
80
80
80
80
81
81
82
82
84
84
84
85
85
86
87
88
90
91
92
93
94
96
97
97
99
99
100
102
102
103
103
103
104
105
105
106
106
106
106
107
108
108
109
109
109
109
109
109
108
108
108
108
108
107
107
107
106
106
105
105
104
103
103
102
100
99
98
98
96
95
92
91
89
89
88
88
87
86
85
84
83
82
81
80
79
78
77
77
76
76
76
76
75
75
75
75
75
75
75
76
76
75
75
75
75
76
76
76
76
75
75
75
76
76
76
75
75
75
74
74
73
73
73
73
73
71
71
71
71
70
69
69
68
68
67
66
66
65
65
64
63
63
63
61
61
61
59
59
58
58
57
56
56
55
55
55
54
54
53
53
52
52
52
52
51
51
51
51
50
51
50
51
50
51
51
51
51
51
51
50
51
50
51
50
51
50
50
50
50
49
49
49
48
48
49
48
48
47
47
47
47
47
46
46
47
47
46
47
47
47
47
48
48
48
48
48
49
49
49
48
48
48
48
48
48
47
46
46
46
46
46
46
44
44
44
44
43
43
42
41
41
41
39
39
39
38
38
38
36
36
35
35
35
36
35
35
35
36
35
35
36
37
37
38
38
39
41
43
46
49
52
55
57
60
63
65
68
71
73
75
77
79
80
80
80
80
79
80
41
43
45
48
50
51
54
58
62
65
70
73
78
79
81
82
83
84
83
83
81
80
78
75
60
54
47
43
39
37
1
1
1
1
1
1
1
1
1
1
1
1
1
1
1
1
1
1
1
1
1
1
1
1
1
1
1
1
1
1
1
1
1
1
1
1
1
1
1
1
1
1
1
1
1
1
1
1
1
1
1
1
1
1
1
1
1
1
1
1
1
1
1
1
1
1
1
1
1
1
1
1
1
1
1
1
1
1
1
1
1
1
1
1
1
1
1
1
1
