# Vetor de dados - syn_f000579-2-Pre--left--vetorlinha.txt
# Total de elementos: 768
# Formato: um valor por linha
#==================================================

1
1
1
1
1
1
1
1
1
1
1
1
1
1
1
1
1
1
1
1
1
1
1
1
1
1
1
1
1
1
1
1
1
1
1
1
1
1
1
1
1
1
1
1
1
1
1
1
1
1
1
1
1
1
1
1
1
1
1
1
1
1
1
1
1
1
1
1
1
1
1
1
1
1
1
1
1
1
1
1
1
1
1
1
1
1
1
1
1
1
1
1
1
1
1
1
1
1
1
1
1
1
1
1
1
1
1
1
1
1
1
1
1
1
1
1
1
1
1
1
1
1
1
1
1
1
1
1
1
1
1
1
1
1
1
1
1
1
1
1
1
1
1
1
1
20
27
33
38
41
45
48
50
53
55
56
59
59
62
64
65
66
66
68
68
70
70
71
71
72
73
73
73
73
73
73
74
74
74
74
74
74
75
75
75
76
77
78
78
78
79
79
78
78
77
76
73
72
70
70
69
69
68
67
66
65
65
64
63
63
62
61
61
61
61
61
60
60
59
58
57
56
52
46
43
42
42
42
41
42
41
42
42
42
42
43
43
43
44
44
44
45
45
46
47
51
159
169
179
199
204
207
212
219
226
233
246
263
265
265
265
264
262
260
258
250
250
247
230
178
173
168
164
157
138
92
86
80
74
68
69
70
70
71
71
71
72
72
72
73
73
74
74
74
75
75
75
75
75
75
75
76
76
76
76
76
76
76
75
74
74
74
74
73
73
72
72
71
70
71
71
70
70
69
69
69
68
68
68
67
67
67
67
67
67
66
66
66
66
65
65
65
65
65
66
66
66
66
66
66
67
67
67
67
67
68
68
68
68
68
69
70
70
71
71
72
73
73
73
74
75
76
76
77
77
78
78
79
79
80
80
81
81
81
83
83
83
83
85
85
85
85
85
85
86
86
86
86
86
86
86
86
86
86
86
86
86
86
86
85
84
84
83
83
83
82
82
81
80
79
79
77
77
76
74
74
73
72
72
72
72
71
70
69
68
69
68
68
67
67
66
66
66
65
65
64
64
64
65
65
65
64
64
64
64
64
64
64
65
65
65
65
65
65
65
65
65
65
65
65
65
65
65
64
65
64
64
64
64
63
63
63
63
63
62
61
61
61
61
60
59
59
58
58
58
57
56
56
55
55
54
53
53
53
52
52
51
50
50
49
49
48
48
48
47
47
46
46
45
45
44
44
44
45
45
45
46
46
47
47
48
48
48
48
49
49
50
49
50
49
49
49
49
49
48
47
47
47
46
46
45
44
44
43
43
43
42
42
41
41
41
41
41
42
42
41
42
42
42
42
42
42
43
42
42
42
42
42
42
42
42
42
41
41
41
41
41
40
40
40
40
39
39
38
38
38
38
37
37
37
37
36
36
36
35
35
35
34
34
34
33
33
33
33
32
32
32
32
31
31
31
31
31
30
30
30
30
31
31
30
31
31
32
33
34
35
37
39
41
43
45
47
50
51
53
55
58
60
61
67
70
73
75
75
75
78
78
78
78
78
77
73
59
61
64
68
75
77
79
80
81
82
82
81
81
80
80
79
78
74
57
49
45
42
38
1
1
1
1
1
1
1
1
1
1
1
1
1
1
1
1
1
1
1
1
1
1
1
1
1
1
1
1
1
1
1
1
1
1
1
1
1
1
1
1
1
1
1
1
1
1
1
1
1
1
1
1
1
1
1
1
1
1
1
1
1
1
1
1
1
1
1
1
1
1
1
1
1
1
1
1
1
1
1
1
1
1
1
