# Vetor de dados - syn_f003335-0-Pre--front--vetorlinha.txt
# Total de elementos: 768
# Formato: um valor por linha
#==================================================

1
1
1
1
1
1
1
1
1
1
1
1
1
1
1
1
1
1
1
1
1
1
1
1
1
1
1
1
1
1
1
1
1
1
1
1
1
1
1
1
1
1
1
1
1
1
1
1
1
1
1
1
1
1
1
1
1
1
1
1
1
1
1
1
1
1
1
1
1
1
1
1
1
1
1
1
1
1
1
1
1
1
1
1
1
1
1
1
1
1
1
1
1
1
1
1
1
1
1
1
1
1
1
1
1
1
1
1
1
1
1
1
1
1
1
1
1
1
1
1
1
1
1
1
1
1
1
1
1
1
1
1
1
1
1
1
16
23
27
31
35
38
40
42
44
46
48
49
51
51
53
55
55
57
57
57
59
59
60
61
61
61
61
61
61
61
61
61
61
61
61
61
61
61
60
62
67
68
69
69
69
68
68
67
67
66
66
65
64
63
62
61
59
58
57
51
48
48
48
48
47
46
46
44
44
43
42
42
42
42
42
42
42
42
42
42
41
41
41
41
41
41
41
41
41
40
43
44
46
49
52
56
70
80
91
106
115
139
148
156
164
172
182
248
258
266
276
287
352
361
370
380
398
404
410
418
426
436
447
464
476
489
498
511
514
517
521
525
527
528
514
521
528
377
351
346
344
343
341
340
126
124
123
121
119
117
115
114
112
111
109
108
107
107
107
106
106
106
106
105
105
105
105
104
103
103
103
102
102
102
102
100
100
99
99
100
100
100
100
100
100
100
100
100
100
100
100
100
100
100
100
100
99
99
99
98
98
98
97
97
97
97
97
95
95
95
95
95
94
94
94
94
94
94
96
96
97
98
99
99
101
101
103
103
105
105
106
105
106
107
108
109
111
112
113
115
115
117
117
119
119
120
121
122
122
123
124
124
125
126
126
126
127
127
128
128
129
129
129
129
129
129
129
129
129
129
129
129
129
130
130
130
130
130
130
130
131
131
131
131
132
132
132
132
132
133
133
132
132
132
132
133
133
133
133
133
133
133
133
133
133
133
133
132
131
131
131
131
131
131
131
131
130
129
129
129
129
129
128
128
128
128
127
127
126
126
126
125
125
124
124
123
123
122
121
121
121
120
120
119
118
118
118
118
116
116
116
116
114
114
114
112
112
112
111
110
110
110
108
108
108
106
106
106
104
104
104
104
102
102
102
102
102
101
100
100
100
100
99
98
98
98
98
98
97
97
97
97
97
97
97
97
97
97
97
96
96
95
95
95
95
95
94
94
94
94
94
94
94
94
94
94
95
95
95
95
95
95
96
97
97
97
97
97
97
97
99
99
99
99
99
99
99
99
99
99
99
99
99
99
99
99
99
99
99
99
98
98
98
98
97
97
97
97
97
96
96
96
96
95
95
95
95
95
94
94
94
94
93
93
93
92
92
92
92
91
90
90
90
90
90
89
88
88
88
88
87
86
86
86
86
85
85
85
84
84
84
83
83
83
83
83
83
85
85
85
85
86
86
87
87
86
86
86
86
86
87
87
88
89
89
90
91
91
91
93
93
94
95
97
97
98
99
100
101
102
102
103
104
105
104
104
103
103
102
102
100
98
96
94
90
88
40
38
1
1
1
1
1
1
1
1
1
1
1
1
1
1
1
1
1
1
1
1
1
1
1
1
1
1
1
1
1
1
1
1
1
1
1
1
1
1
1
1
1
1
1
1
1
1
1
1
1
1
1
1
1
1
1
1
1
1
1
1
1
1
1
1
1
1
1
1
1
1
1
1
1
1
