# Vetor de dados - syn_f000698-1-Pre--front--vetorcoluna.txt
# Total de elementos: 1024
# Formato: um valor por linha
#==================================================

1
1
1
1
1
1
1
1
1
1
1
1
1
1
1
1
1
1
1
1
1
1
1
1
1
1
1
1
1
1
1
1
1
1
1
1
1
1
1
1
1
1
1
1
1
1
1
1
1
1
1
1
1
1
1
1
1
1
1
1
1
1
1
1
1
1
1
1
1
1
1
1
1
1
1
1
1
1
1
1
1
1
1
1
1
1
1
1
1
1
1
1
1
1
1
1
1
1
1
1
1
1
1
1
1
1
1
1
1
1
1
1
1
1
1
1
1
1
1
1
1
1
1
1
1
1
1
1
1
1
1
1
1
1
1
1
1
1
1
1
1
1
1
1
1
1
1
1
1
1
1
1
1
1
1
1
1
1
1
1
1
1
1
1
1
1
1
1
1
1
1
1
1
1
1
1
1
1
1
1
1
1
1
1
1
1
1
1
1
1
1
1
1
1
1
1
1
1
1
1
1
1
1
1
1
1
1
1
1
1
1
1
1
1
1
1
1
1
1
1
1
1
1
1
1
1
1
1
1
1
1
1
1
1
1
1
1
1
1
1
1
1
1
1
1
1
1
1
1
1
1
19
19
19
19
19
19
20
20
19
19
19
19
19
19
19
19
19
19
19
19
19
20
20
20
20
20
20
20
20
20
21
21
21
21
21
21
21
21
22
22
22
22
22
22
22
22
22
22
22
22
23
23
23
23
23
23
23
23
23
23
23
23
23
23
23
23
24
24
24
24
25
25
25
25
25
26
26
26
26
27
27
27
27
27
28
28
28
28
28
29
30
30
30
30
30
31
30
30
31
31
31
31
32
32
32
33
33
33
32
33
33
33
33
34
34
34
34
34
34
34
34
34
34
33
33
33
34
33
33
33
32
32
32
32
32
31
32
32
32
32
32
31
31
32
32
32
32
32
31
32
32
32
32
32
32
33
33
32
32
32
33
33
33
33
33
34
34
34
34
34
35
36
36
36
36
37
37
37
37
38
38
38
39
39
40
40
41
41
42
43
44
45
47
49
51
52
54
55
57
59
60
62
66
69
73
253
256
259
262
264
266
269
272
277
285
362
366
371
375
380
386
462
463
462
462
464
465
466
466
465
465
464
465
466
466
467
467
467
536
534
516
473
468
465
463
460
455
452
446
441
401
398
395
392
389
384
375
363
350
342
335
328
329
333
337
342
347
356
362
374
386
390
393
395
397
441
445
448
452
455
459
392
396
399
402
405
466
467
467
467
466
465
464
463
463
463
464
464
464
463
462
461
462
390
385
381
377
372
368
364
287
278
274
270
267
264
261
257
68
64
62
60
58
57
57
55
54
52
51
50
49
48
45
45
44
43
42
42
40
40
39
38
38
37
37
36
36
36
35
34
34
34
34
34
34
34
34
33
33
33
33
33
33
33
33
33
33
32
32
32
32
32
32
32
32
31
31
31
32
32
32
32
32
32
31
31
31
31
32
32
32
32
32
33
33
33
33
33
33
33
33
33
33
34
34
34
34
33
33
33
33
33
33
32
32
32
32
32
32
32
32
31
31
31
31
31
31
31
31
31
30
29
29
29
29
29
29
29
28
28
28
28
28
27
27
26
26
26
26
26
26
25
25
24
24
24
23
23
23
23
23
22
22
22
22
22
21
21
21
20
20
20
20
20
20
20
18
18
18
18
18
18
17
18
18
18
19
20
19
19
20
20
21
19
19
20
20
20
20
20
19
19
18
18
18
19
19
19
19
20
20
19
19
19
19
19
20
19
19
19
18
17
10
10
10
10
9
9
9
9
8
8
8
8
8
8
8
8
8
8
8
8
8
1
1
1
1
1
1
1
1
1
1
1
1
1
1
1
1
1
1
1
1
1
1
1
1
1
1
1
1
1
1
1
1
1
1
1
1
1
1
1
1
1
1
1
1
1
1
1
1
1
1
1
1
1
1
1
1
1
1
1
1
1
1
1
1
1
1
1
1
1
1
1
1
1
1
1
1
1
1
1
1
1
1
1
1
1
1
1
1
1
1
1
1
1
1
1
1
1
1
1
1
1
1
1
1
1
1
1
1
1
1
1
1
1
1
1
1
1
1
1
1
1
1
1
1
1
1
1
1
1
1
1
1
1
1
1
1
1
1
1
1
1
1
1
1
1
1
1
1
1
1
1
1
1
1
1
1
1
1
1
1
1
1
1
1
1
1
1
1
1
1
1
1
1
1
1
1
1
1
1
1
1
1
1
1
1
1
1
1
1
1
1
1
1
1
1
1
1
1
1
1
1
1
1
1
1
1
1
1
1
1
1
1
1
1
1
1
1
1
1
1
1
1
1
1
1
1
1
1
1
1
