# Vetor de dados - syn_f002811-2-Pre--left--vetorlinha.txt
# Total de elementos: 768
# Formato: um valor por linha
#==================================================

1
1
1
1
1
1
1
1
1
1
1
1
1
1
1
1
1
1
1
1
1
1
1
1
1
1
1
1
1
1
1
1
1
1
1
1
1
1
1
1
1
1
1
1
1
1
1
1
1
1
1
1
1
1
1
1
1
1
1
1
1
1
1
1
1
1
1
1
1
1
1
1
1
1
1
1
1
1
1
1
1
1
1
1
1
1
1
1
1
1
1
1
1
1
1
1
1
1
1
1
1
1
1
1
1
1
1
14
23
31
36
41
44
48
49
53
55
57
59
61
62
64
67
68
69
69
71
71
72
73
74
74
76
76
76
76
76
76
76
76
78
78
78
78
79
79
80
80
80
81
82
83
83
83
84
83
83
81
80
78
77
77
76
77
76
75
74
74
73
72
72
71
70
69
68
68
69
69
69
68
68
68
68
67
66
64
62
59
57
56
55
54
54
54
53
54
53
54
54
54
55
55
55
55
56
57
57
58
58
58
59
60
61
61
61
62
66
70
78
92
105
114
162
171
178
184
189
193
198
204
210
215
222
228
235
239
242
245
247
249
252
256
260
264
268
272
276
281
288
294
298
305
312
312
312
311
311
309
306
295
294
201
191
175
127
110
111
110
111
112
112
113
113
113
114
114
113
114
114
114
114
113
113
113
113
113
112
112
112
111
111
111
110
109
109
107
107
105
104
102
101
99
98
97
98
98
97
97
98
97
97
97
97
96
96
96
96
96
96
96
95
95
94
94
94
93
94
94
93
93
93
93
93
94
93
93
93
93
93
93
92
92
92
92
93
93
93
94
94
95
95
96
96
97
97
98
99
100
101
101
102
102
103
105
105
106
107
108
108
108
110
111
111
112
112
112
112
113
113
113
114
114
114
114
114
114
114
115
115
115
115
114
114
114
114
114
113
114
114
114
114
113
113
112
112
112
111
111
111
110
110
108
108
107
107
106
105
104
103
102
100
99
99
99
98
98
98
97
97
96
96
95
95
94
93
93
92
91
90
90
88
87
86
85
86
86
85
85
85
85
84
84
84
84
84
84
84
84
84
84
85
85
85
85
85
85
85
85
84
84
84
84
84
84
84
84
84
83
83
83
83
83
83
83
82
82
82
82
82
82
81
80
80
80
80
80
80
78
78
78
77
77
77
76
75
75
75
74
74
73
72
72
71
71
70
69
69
68
68
67
66
65
65
64
64
63
63
63
61
61
60
60
59
59
59
58
58
58
57
57
57
56
57
57
56
57
57
57
57
57
57
57
57
57
56
56
56
56
55
55
55
55
54
55
54
55
54
54
53
53
53
52
52
52
51
51
51
51
51
51
51
51
50
50
50
50
50
50
51
51
51
52
52
52
51
51
51
51
52
52
52
52
52
51
51
51
51
51
51
50
50
50
50
50
50
49
49
49
48
48
48
47
47
47
46
46
45
45
45
45
44
44
43
43
42
42
42
42
40
40
40
40
39
39
39
38
37
37
37
37
37
36
37
37
37
37
38
37
37
37
38
38
39
39
39
39
40
42
43
46
48
51
53
56
61
66
69
70
71
73
76
76
78
79
82
84
85
85
84
85
85
85
78
45
46
48
51
53
57
62
65
70
73
77
79
81
83
86
87
89
91
90
89
88
87
84
82
79
71
65
58
52
47
39
33
31
1
1
1
1
1
1
1
1
1
1
1
1
1
1
1
1
1
1
1
1
1
1
1
1
1
1
1
1
1
1
1
1
1
1
1
1
1
1
1
1
1
1
