# Vetor de dados - syn_f003868-1-Pre--front--vetorlinha.txt
# Total de elementos: 768
# Formato: um valor por linha
#==================================================

1
1
1
1
1
1
1
1
1
1
1
1
1
1
1
1
1
1
1
1
1
1
1
1
1
1
1
1
1
1
1
1
1
1
1
1
1
1
1
1
1
1
1
1
1
1
1
1
1
1
1
1
1
1
1
1
1
1
1
1
1
1
1
1
1
1
1
1
1
1
1
1
1
1
1
1
1
1
1
1
1
1
1
1
1
1
1
1
1
1
1
1
1
1
1
1
1
1
1
1
1
1
1
1
1
1
1
1
1
1
1
1
1
1
1
1
1
1
1
1
1
1
1
1
1
1
1
1
1
1
1
1
1
1
18
24
28
32
36
38
40
42
44
46
48
50
50
52
53
54
56
56
57
58
58
59
60
60
60
60
62
62
62
62
62
62
61
61
61
60
60
63
68
69
69
69
69
69
69
69
68
67
67
66
66
65
64
63
61
61
60
55
53
52
51
51
50
49
49
49
48
48
48
47
47
47
47
47
47
47
47
46
47
48
49
53
57
61
65
69
73
77
158
167
177
265
279
290
302
320
384
402
415
425
435
447
463
476
486
498
516
532
535
539
544
548
551
558
549
557
559
560
560
560
558
491
467
458
452
442
427
410
301
284
273
231
217
149
145
143
142
141
140
138
138
137
137
135
135
134
133
132
132
131
130
130
129
129
128
127
127
126
125
125
125
125
124
124
124
124
124
122
122
122
122
122
120
120
120
120
118
118
117
116
115
114
114
114
113
113
113
113
113
113
114
114
114
114
114
113
114
114
114
114
114
114
114
114
113
112
112
112
111
111
110
110
109
108
108
108
109
109
110
111
113
114
116
118
118
120
122
122
124
125
126
127
128
129
129
131
131
132
133
133
133
134
135
135
135
135
137
137
137
137
138
138
138
138
138
138
140
140
140
140
140
141
141
141
142
142
143
143
144
144
145
145
145
146
146
146
147
147
147
147
148
148
149
149
149
149
149
149
149
149
149
149
149
149
149
149
149
147
147
147
147
147
147
145
145
145
145
145
145
144
143
143
143
143
143
142
141
141
141
141
141
140
140
139
139
139
138
138
138
137
137
136
136
136
135
135
134
133
133
132
131
131
131
129
129
129
128
127
127
127
126
126
125
125
124
124
124
124
123
122
122
122
122
122
121
120
120
120
120
119
118
118
118
118
116
116
116
116
115
114
114
114
113
113
112
112
112
112
111
111
111
110
110
110
110
110
109
109
109
108
108
108
108
108
108
108
108
108
108
108
108
108
109
109
110
111
111
111
113
113
113
113
115
115
115
115
116
117
117
117
117
118
118
118
118
118
118
118
118
119
119
118
118
118
118
118
118
118
118
118
118
117
117
116
116
116
116
115
114
114
114
114
113
112
112
112
111
110
110
110
108
108
108
108
106
106
106
106
105
104
104
104
103
102
102
102
102
101
100
100
100
99
99
98
98
98
97
97
97
96
96
95
95
95
95
95
95
95
95
95
95
95
95
96
96
96
96
97
97
97
97
97
96
96
96
96
97
97
98
98
99
99
101
101
103
103
105
106
107
108
110
110
112
112
114
114
115
116
116
116
116
115
115
114
113
111
110
108
105
104
100
97
43
1
1
1
1
1
1
1
1
1
1
1
1
1
1
1
1
1
1
1
1
1
1
1
1
1
1
1
1
1
1
1
1
1
1
1
1
1
1
1
1
1
1
1
1
1
1
1
1
1
1
1
1
1
1
1
1
1
1
1
1
1
1
1
1
1
1
1
1
1
1
1
