# Vetor de dados - syn_f001281-3-Pre--front--vetorlinha.txt
# Total de elementos: 768
# Formato: um valor por linha
#==================================================

1
1
1
1
1
1
1
1
1
1
1
1
1
1
1
1
1
1
1
1
1
1
1
1
1
1
1
1
1
1
1
1
1
1
1
1
1
1
1
1
1
1
1
1
1
1
1
1
1
1
1
1
1
1
1
1
1
1
1
1
1
1
1
1
1
1
1
1
1
1
1
1
1
1
1
1
1
1
1
1
1
1
1
1
1
1
1
1
1
1
1
1
1
1
1
1
1
1
1
1
1
1
1
1
1
1
1
1
1
1
13
23
27
31
35
38
40
42
44
46
48
50
51
52
53
55
55
57
59
59
59
61
61
62
63
63
63
63
63
65
65
65
65
65
65
65
64
63
63
63
64
69
72
72
73
73
73
72
72
71
71
70
70
69
69
68
67
66
65
63
63
60
56
54
53
52
51
51
51
51
49
49
49
49
49
48
49
48
48
48
48
48
48
49
49
49
49
51
55
61
130
207
217
227
236
245
255
268
362
382
394
405
414
422
432
447
463
474
484
492
499
505
511
518
527
535
543
556
568
579
598
607
613
623
623
622
621
596
598
597
574
575
576
512
507
502
416
399
377
270
160
157
155
153
152
151
151
150
150
150
150
150
148
148
148
148
147
147
147
147
146
145
145
145
144
144
143
142
142
142
141
141
140
139
139
138
137
137
135
135
133
133
132
130
130
128
127
127
125
126
126
126
126
126
128
128
128
129
129
128
128
128
128
128
128
128
127
127
127
127
128
128
128
128
128
128
128
128
128
128
128
129
129
129
129
129
130
130
131
131
132
134
134
136
138
139
140
142
143
145
147
148
149
151
152
154
154
156
156
158
158
160
160
160
161
162
162
163
163
163
163
163
163
164
164
164
164
164
164
164
164
163
162
162
162
162
162
162
161
161
161
161
160
160
160
160
160
160
160
160
160
160
160
161
161
162
162
162
162
163
163
163
164
164
165
165
165
165
165
165
165
166
166
166
167
167
167
167
167
167
167
168
168
168
167
167
167
167
167
167
167
167
167
167
167
166
166
166
166
165
165
165
165
165
165
164
163
163
163
163
163
162
162
162
161
161
160
160
159
159
158
158
158
157
156
156
156
154
154
154
153
152
152
151
151
150
149
149
147
147
146
145
145
143
143
142
141
141
139
139
139
137
137
137
135
135
135
134
133
133
132
131
131
131
129
129
129
127
127
127
127
125
125
125
125
125
125
125
125
125
124
124
124
124
124
124
124
124
123
123
123
124
124
124
124
124
124
125
125
125
125
126
126
126
127
127
128
129
129
130
130
130
131
132
132
132
133
134
134
134
134
134
135
136
136
136
136
136
136
136
136
136
136
136
136
136
136
136
136
136
136
136
135
134
134
134
134
134
134
133
132
132
132
131
130
130
130
129
128
128
128
127
126
126
126
124
124
124
122
122
122
121
120
120
120
119
118
118
118
117
116
116
115
115
114
113
113
113
113
111
111
111
111
111
109
109
109
109
109
107
107
107
107
107
106
105
105
105
105
104
104
104
104
104
104
104
104
105
105
106
106
107
107
107
107
107
107
107
107
107
109
109
109
110
111
112
112
114
114
116
117
118
119
120
122
123
124
126
126
128
129
130
132
132
131
131
131
131
131
130
129
127
125
124
121
116
111
104
1
1
1
1
1
1
1
1
1
1
1
1
1
1
1
1
1
1
1
1
1
1
1
1
1
1
1
1
1
1
1
1
1
1
1
1
1
1
1
1
1
1
1
1
1
1
1
1
1
1
