# Vetor de dados - syn_f001989-0-Pre--front--vetorcoluna.txt
# Total de elementos: 1024
# Formato: um valor por linha
#==================================================

1
1
1
1
1
1
1
1
1
1
1
1
1
1
1
1
1
1
1
1
1
1
1
1
1
1
1
1
1
1
1
1
1
1
1
1
1
1
1
1
1
1
1
1
1
1
1
1
1
1
1
1
1
1
1
1
1
1
1
1
1
1
1
1
1
1
1
1
1
1
1
1
1
1
1
1
1
1
1
1
1
1
1
1
1
1
1
1
1
1
1
1
1
1
1
1
1
1
1
1
1
1
1
1
1
1
1
1
1
1
1
1
1
1
1
1
1
1
1
1
1
1
1
1
1
1
1
1
1
1
1
1
1
1
1
1
1
1
1
1
1
1
1
1
1
1
1
1
1
1
1
1
1
1
1
1
1
1
1
1
1
1
1
1
1
1
1
1
1
1
1
1
1
1
1
1
1
1
1
1
1
1
1
1
1
1
1
1
1
1
1
1
1
1
1
1
1
1
1
1
1
1
1
1
1
1
1
1
1
1
1
1
1
1
1
1
1
1
1
1
1
1
1
1
1
1
1
1
1
1
12
12
12
12
12
12
12
12
16
17
18
18
18
18
19
19
18
18
18
18
19
18
18
18
18
18
18
18
18
18
18
20
20
19
19
19
19
20
20
19
19
18
17
16
16
16
16
16
16
16
16
16
16
16
17
17
17
17
17
17
18
18
18
18
18
18
19
19
19
19
21
21
21
21
21
22
22
22
22
22
23
23
23
23
23
25
25
25
25
25
25
26
26
26
26
26
27
28
28
28
28
28
28
28
29
29
29
30
30
30
31
31
31
31
31
32
33
32
32
33
33
34
34
34
33
33
33
33
33
33
33
33
32
31
31
31
31
30
30
30
30
30
30
30
31
31
31
31
31
30
30
30
31
31
31
31
31
31
31
32
32
32
32
32
32
32
32
32
33
33
33
32
32
32
33
33
33
33
34
34
34
34
34
34
34
34
34
35
35
35
35
35
35
37
37
37
37
37
38
39
39
40
40
41
41
42
43
44
46
48
49
51
52
53
54
55
56
56
57
58
59
60
62
65
67
72
77
81
269
273
277
281
285
289
377
384
390
395
400
473
473
475
476
475
475
477
477
477
478
478
479
480
480
482
482
482
482
482
549
549
528
490
486
483
480
476
472
468
417
413
409
404
397
374
366
360
355
349
343
337
330
327
334
341
345
350
355
363
369
382
402
407
411
414
468
471
475
479
483
487
492
558
559
560
560
558
482
481
480
479
477
477
477
477
478
476
475
475
476
476
473
473
473
407
402
397
392
387
381
288
283
279
274
269
266
263
77
72
68
66
63
61
60
59
58
56
55
54
53
52
51
50
47
46
45
44
42
42
41
40
39
39
38
37
37
37
35
35
35
35
34
34
34
34
33
33
33
32
32
31
31
31
31
31
31
31
31
31
31
30
30
30
30
30
30
31
31
31
30
30
30
30
30
30
30
30
30
30
30
29
29
29
29
29
29
29
29
30
30
30
30
30
31
32
32
32
32
32
32
32
34
34
34
34
34
34
34
34
34
34
34
33
33
33
33
33
33
33
33
32
31
31
31
31
31
31
30
30
29
29
29
29
29
28
28
28
27
27
27
27
27
26
26
25
25
25
25
25
25
25
25
25
25
23
23
23
23
23
23
23
23
23
23
23
22
22
22
21
21
21
21
21
21
21
21
20
20
20
19
19
19
19
19
19
19
20
19
19
20
21
21
21
21
22
21
21
21
21
22
21
21
21
21
21
19
19
19
19
20
20
21
19
19
20
21
21
21
20
20
20
20
20
19
19
18
12
12
12
12
9
9
9
9
9
9
9
9
9
8
8
8
8
8
8
8
8
8
6
1
1
1
1
1
1
1
1
1
1
1
1
1
1
1
1
1
1
1
1
1
1
1
1
1
1
1
1
1
1
1
1
1
1
1
1
1
1
1
1
1
1
1
1
1
1
1
1
1
1
1
1
1
1
1
1
1
1
1
1
1
1
1
1
1
1
1
1
1
1
1
1
1
1
1
1
1
1
1
1
1
1
1
1
1
1
1
1
1
1
1
1
1
1
1
1
1
1
1
1
1
1
1
1
1
1
1
1
1
1
1
1
1
1
1
1
1
1
1
1
1
1
1
1
1
1
1
1
1
1
1
1
1
1
1
1
1
1
1
1
1
1
1
1
1
1
1
1
1
1
1
1
1
1
1
1
1
1
1
1
1
1
1
1
1
1
1
1
1
1
1
1
1
1
1
1
1
1
1
1
1
1
1
1
1
1
1
1
1
1
1
1
1
1
1
1
1
1
1
1
1
1
1
1
1
1
1
1
1
1
1
1
1
1
1
1
