# Vetor de dados - syn_f001774-0-Pre--front--vetorcoluna.txt
# Total de elementos: 1024
# Formato: um valor por linha
#==================================================

1
1
1
1
1
1
1
1
1
1
1
1
1
1
1
1
1
1
1
1
1
1
1
1
1
1
1
1
1
1
1
1
1
1
1
1
1
1
1
1
1
1
1
1
1
1
1
1
1
1
1
1
1
1
1
1
1
1
1
1
1
1
1
1
1
1
1
1
1
1
1
1
1
1
1
1
1
1
1
1
1
1
1
1
1
1
1
1
1
1
1
1
1
1
1
1
1
1
1
1
1
1
1
1
1
1
1
1
1
1
1
1
1
1
1
1
1
1
1
1
1
1
1
1
1
1
1
1
1
1
1
1
1
1
1
1
1
1
1
1
1
1
1
1
1
1
1
1
1
1
1
1
1
1
1
1
1
1
1
1
1
1
1
1
1
1
1
1
1
1
1
1
1
1
1
1
1
1
1
1
1
1
1
1
1
1
1
1
1
1
1
1
1
1
1
1
1
1
1
1
1
1
1
1
1
1
1
1
1
1
1
1
1
1
1
1
1
1
1
1
1
1
1
1
1
1
1
1
1
1
1
1
1
1
1
1
9
8
8
8
8
9
9
9
9
9
9
9
9
9
9
9
9
9
12
12
17
18
19
20
20
20
20
20
19
19
19
19
18
20
19
19
19
19
19
19
20
20
20
20
21
21
21
21
21
21
21
21
20
21
19
19
20
19
18
18
18
18
17
17
17
17
17
17
17
17
17
17
17
17
18
18
18
18
18
20
20
20
20
20
20
21
21
21
22
22
22
23
23
23
23
23
23
25
25
25
25
25
25
26
26
26
26
27
27
27
27
27
28
28
28
28
29
29
29
30
30
30
30
30
31
31
31
31
31
31
32
31
31
31
31
30
30
30
29
29
29
29
29
29
29
27
27
27
27
26
26
26
26
24
24
24
24
24
24
24
24
24
24
24
24
24
24
24
24
24
24
24
24
25
25
25
25
25
25
25
25
25
25
25
25
25
25
27
27
27
27
27
28
28
28
28
29
30
30
32
32
33
33
34
36
37
37
38
39
42
43
45
46
48
49
50
51
53
54
55
56
57
57
59
60
61
62
63
64
66
71
277
284
291
298
318
390
399
408
416
491
492
492
492
492
492
493
492
492
492
491
492
492
493
494
494
494
494
492
568
502
498
493
489
485
481
424
373
364
357
351
346
343
338
333
327
319
315
315
316
316
317
318
329
334
338
342
346
350
355
360
368
375
423
479
483
488
492
498
501
504
573
573
493
492
491
490
490
489
489
489
490
490
490
490
489
489
489
488
487
486
415
408
402
395
299
291
285
279
60
59
58
57
56
54
54
53
52
50
49
48
45
44
43
41
40
39
37
37
36
35
34
34
33
32
31
31
31
30
30
30
29
29
29
29
28
28
28
28
27
27
27
27
27
27
27
27
25
25
25
25
25
25
25
25
25
25
25
25
25
25
25
25
25
25
25
25
25
26
26
26
26
26
26
28
28
28
28
28
29
30
30
30
30
30
30
30
31
31
31
31
31
31
31
31
31
31
30
30
30
30
30
29
29
29
29
28
28
28
28
28
28
28
27
27
27
27
27
26
26
26
26
26
26
25
24
25
24
24
23
23
23
23
22
22
22
22
22
21
21
21
21
20
20
20
20
20
19
19
19
19
20
18
18
18
18
18
19
19
19
20
20
20
19
19
20
20
20
20
20
21
21
21
21
21
20
21
21
19
19
20
20
18
18
19
19
20
18
19
19
20
20
21
21
21
21
21
21
21
20
20
12
12
12
12
12
12
12
13
13
13
13
13
13
13
13
13
13
13
13
13
12
12
1
1
1
1
1
1
1
1
1
1
1
1
1
1
1
1
1
1
1
1
1
1
1
1
1
1
1
1
1
1
1
1
1
1
1
1
1
1
1
1
1
1
1
1
1
1
1
1
1
1
1
1
1
1
1
1
1
1
1
1
1
1
1
1
1
1
1
1
1
1
1
1
1
1
1
1
1
1
1
1
1
1
1
1
1
1
1
1
1
1
1
1
1
1
1
1
1
1
1
1
1
1
1
1
1
1
1
1
1
1
1
1
1
1
1
1
1
1
1
1
1
1
1
1
1
1
1
1
1
1
1
1
1
1
1
1
1
1
1
1
1
1
1
1
1
1
1
1
1
1
1
1
1
1
1
1
1
1
1
1
1
1
1
1
1
1
1
1
1
1
1
1
1
1
1
1
1
1
1
1
1
1
1
1
1
1
1
1
1
1
1
1
1
1
1
1
1
1
1
1
1
1
1
1
1
1
1
1
1
1
1
1
1
1
1
1
1
1
1
1
1
1
1
1
1
1
1
1
1
1
1
1
1
1
1
