# Vetor de dados - syn_f000439-3-Pre--left--vetorlinha.txt
# Total de elementos: 768
# Formato: um valor por linha
#==================================================

1
1
1
1
1
1
1
1
1
1
1
1
1
1
1
1
1
1
1
1
1
1
1
1
1
1
1
1
1
1
1
1
1
1
1
1
1
1
1
1
1
1
1
1
1
1
1
1
1
1
1
1
1
1
1
1
1
1
1
1
1
1
1
1
1
1
1
1
1
1
1
1
1
1
1
1
1
1
1
1
1
1
1
1
1
1
1
1
1
1
1
1
1
1
1
1
1
1
1
1
1
1
1
1
1
1
1
1
1
1
1
1
1
1
1
1
1
1
1
1
1
1
1
1
1
1
1
1
1
1
1
1
1
1
1
1
1
16
23
31
36
39
43
46
49
51
53
55
57
59
60
62
63
65
66
67
67
69
69
69
70
71
72
72
72
72
72
72
72
72
73
73
74
74
75
75
75
76
77
78
79
79
79
79
79
77
75
73
73
72
72
72
71
70
70
68
68
68
67
67
66
66
65
65
65
65
64
64
64
65
64
63
62
60
59
57
55
54
54
52
52
52
51
52
52
53
53
54
54
55
56
57
58
58
61
67
78
98
110
153
161
168
171
175
179
184
191
197
203
208
212
215
218
222
224
227
230
235
239
244
248
252
260
267
271
277
287
289
289
288
287
285
283
281
272
201
195
189
185
176
109
110
110
111
111
112
112
113
113
113
113
114
114
114
114
113
113
114
114
114
114
113
113
112
112
111
111
110
109
108
106
105
103
102
102
102
102
102
101
101
100
101
100
99
99
99
97
97
96
96
95
94
94
93
92
92
91
90
89
88
87
86
86
85
84
83
83
83
83
83
83
83
84
85
85
86
87
87
88
89
90
91
91
93
94
94
96
97
99
100
101
103
104
106
107
107
109
109
110
111
111
112
113
113
113
114
114
114
115
115
115
116
116
116
116
116
116
116
115
115
115
115
116
114
114
114
113
113
113
111
111
110
110
110
108
108
107
106
105
105
103
103
101
101
99
98
97
97
96
95
96
95
94
93
92
91
90
89
88
87
86
85
85
85
84
84
84
85
85
84
84
84
85
85
85
85
85
85
85
85
85
85
85
85
86
86
86
86
85
85
85
85
85
85
85
84
84
84
84
84
83
83
83
83
82
81
81
81
80
80
79
79
79
78
77
77
77
77
75
75
75
75
74
73
72
72
71
71
70
69
69
68
68
66
65
65
64
64
63
61
61
60
60
59
58
57
57
56
56
56
55
55
56
55
55
55
55
55
55
55
55
55
55
56
55
56
55
56
55
56
55
56
56
56
56
57
56
56
56
55
55
54
55
55
55
55
55
55
54
55
55
55
55
55
53
54
53
53
53
53
53
53
54
54
54
54
55
55
55
54
54
54
54
54
54
54
54
54
54
53
53
53
53
53
52
52
52
51
51
50
50
50
49
48
48
48
47
46
45
45
45
43
43
43
42
41
41
40
40
40
39
38
38
39
38
39
39
40
41
42
43
45
46
49
52
53
56
58
64
68
70
73
75
76
77
79
81
81
82
81
82
81
81
81
82
44
45
46
49
51
54
59
63
66
70
72
76
80
82
83
85
89
88
88
87
86
85
84
82
79
72
61
50
44
34
24
1
1
1
1
1
1
1
1
1
1
1
1
1
1
1
1
1
1
1
1
1
1
1
1
1
1
1
1
1
1
1
1
1
1
1
1
1
1
1
1
1
1
1
1
1
1
1
1
1
1
1
1
1
1
1
1
1
1
1
1
1
1
1
1
1
1
1
1
1
1
1
1
