# Vetor de dados - syn_f002837-0-Pre--front--vetorcoluna.txt
# Total de elementos: 1024
# Formato: um valor por linha
#==================================================

1
1
1
1
1
1
1
1
1
1
1
1
1
1
1
1
1
1
1
1
1
1
1
1
1
1
1
1
1
1
1
1
1
1
1
1
1
1
1
1
1
1
1
1
1
1
1
1
1
1
1
1
1
1
1
1
1
1
1
1
1
1
1
1
1
1
1
1
1
1
1
1
1
1
1
1
1
1
1
1
1
1
1
1
1
1
1
1
1
1
1
1
1
1
1
1
1
1
1
1
1
1
1
1
1
1
1
1
1
1
1
1
1
1
1
1
1
1
1
1
1
1
1
1
1
1
1
1
1
1
1
1
1
1
1
1
1
1
1
1
1
1
1
1
1
1
1
1
1
1
1
1
1
1
1
1
1
1
1
1
1
1
1
1
1
1
1
1
1
1
1
1
1
1
1
1
1
1
1
1
1
1
1
1
1
1
1
1
1
1
1
1
1
1
1
1
1
1
1
1
1
1
1
1
1
1
1
1
1
1
1
1
1
1
1
1
1
1
1
1
1
1
1
1
1
1
1
1
1
1
1
1
1
1
1
1
1
1
1
1
1
1
1
22
22
22
21
21
21
21
22
22
22
22
22
22
22
22
22
23
23
23
23
23
23
23
24
24
24
24
24
24
25
25
25
25
25
26
26
26
26
27
27
27
27
27
27
27
27
27
27
27
27
27
27
27
27
27
27
27
27
27
27
27
27
27
27
27
27
27
28
28
28
28
28
28
28
28
28
28
28
28
29
29
29
29
29
29
29
29
29
29
30
30
30
30
30
30
30
30
30
30
30
30
30
30
30
30
31
31
31
31
30
30
30
30
30
31
31
31
31
31
31
31
31
31
31
31
32
31
31
31
31
31
31
31
31
31
30
30
30
30
30
30
31
31
31
31
31
31
31
31
31
31
31
32
32
32
32
33
33
33
33
33
33
33
34
34
34
34
34
34
34
35
35
35
35
35
35
35
36
36
36
36
36
36
36
37
37
37
37
37
37
38
38
38
38
39
39
41
41
43
44
46
47
49
51
52
54
55
57
59
267
271
276
284
290
297
305
312
318
362
371
379
387
394
401
493
493
493
492
493
495
495
496
495
494
494
495
496
497
498
498
499
498
498
497
494
541
501
493
486
479
473
466
453
433
427
423
418
415
412
410
405
388
374
367
363
357
351
344
347
352
357
363
370
377
402
407
410
411
414
417
421
425
454
465
471
477
482
488
494
498
501
502
503
503
503
502
501
500
499
499
500
501
500
500
499
498
498
498
497
495
495
409
401
394
387
379
331
323
317
308
299
292
287
281
275
270
65
62
60
58
56
54
53
51
49
48
46
45
44
42
42
42
41
41
40
40
40
39
38
38
38
38
37
37
37
37
37
36
36
36
36
35
36
36
36
35
35
35
35
35
35
34
34
34
34
34
33
33
33
33
32
32
32
32
32
32
32
32
32
31
31
31
31
31
31
31
31
31
31
31
31
31
31
31
32
32
32
32
32
32
32
32
32
32
32
32
32
32
33
32
33
33
33
33
33
33
32
32
31
31
31
31
31
31
31
31
31
30
30
30
30
30
30
29
29
29
29
29
28
28
28
28
27
27
26
26
26
26
25
25
25
25
25
24
24
24
24
23
22
22
22
22
22
22
22
22
21
20
20
20
20
19
19
19
19
19
18
18
18
18
18
18
18
18
18
17
18
18
17
17
18
18
19
18
19
20
20
19
20
20
21
21
19
20
20
20
19
19
19
19
19
18
18
18
19
19
20
19
19
19
20
20
19
19
18
18
18
17
10
10
10
10
9
9
9
9
9
9
8
8
8
8
8
8
8
8
8
8
8
8
1
1
1
1
1
1
1
1
1
1
1
1
1
1
1
1
1
1
1
1
1
1
1
1
1
1
1
1
1
1
1
1
1
1
1
1
1
1
1
1
1
1
1
1
1
1
1
1
1
1
1
1
1
1
1
1
1
1
1
1
1
1
1
1
1
1
1
1
1
1
1
1
1
1
1
1
1
1
1
1
1
1
1
1
1
1
1
1
1
1
1
1
1
1
1
1
1
1
1
1
1
1
1
1
1
1
1
1
1
1
1
1
1
1
1
1
1
1
1
1
1
1
1
1
1
1
1
1
1
1
1
1
1
1
1
1
1
1
1
1
1
1
1
1
1
1
1
1
1
1
1
1
1
1
1
1
1
1
1
1
1
1
1
1
1
1
1
1
1
1
1
1
1
1
1
1
1
1
1
1
1
1
1
1
1
1
1
1
1
1
1
1
1
1
1
1
1
1
1
1
1
1
1
1
1
1
1
1
1
1
1
1
1
1
1
1
1
1
1
1
1
