# Vetor de dados - syn_f003476-2-Pre--left--vetorlinha.txt
# Total de elementos: 768
# Formato: um valor por linha
#==================================================

1
1
1
1
1
1
1
1
1
1
1
1
1
1
1
1
1
1
1
1
1
1
1
1
1
1
1
1
1
1
1
1
1
1
1
1
1
1
1
1
1
1
1
1
1
1
1
1
1
1
1
1
1
1
1
1
1
1
1
1
1
1
1
1
1
1
1
1
1
1
1
1
1
1
1
1
1
1
1
1
1
1
1
1
1
1
1
1
1
1
1
1
1
1
1
1
1
1
1
1
1
1
1
1
1
1
1
1
1
1
1
1
1
1
1
1
1
1
1
1
1
1
1
1
1
1
1
1
1
1
1
1
1
1
1
1
1
1
1
1
1
1
1
1
1
1
8
22
30
35
39
44
47
50
53
55
57
59
61
64
65
68
68
69
71
71
73
73
75
75
76
76
77
77
77
78
79
79
79
79
79
80
80
80
80
80
80
81
81
82
82
82
83
84
83
84
83
83
82
81
78
76
74
73
72
72
71
70
69
68
68
68
67
67
67
67
67
67
67
68
68
67
67
65
64
63
60
57
55
53
52
53
52
52
52
52
52
52
53
53
52
53
53
54
58
64
69
73
77
81
86
91
97
103
155
161
166
170
175
180
184
190
195
199
202
206
210
212
215
219
223
228
233
236
241
249
254
259
268
272
271
272
271
270
267
265
258
164
150
125
115
113
113
114
115
115
115
116
116
116
116
116
116
116
116
116
116
116
116
115
115
115
115
115
115
114
113
112
112
112
111
110
108
106
105
104
105
105
106
106
106
107
106
106
107
106
106
106
106
106
105
104
103
103
102
102
102
102
102
102
102
101
101
101
100
100
99
99
99
98
98
98
96
96
95
95
93
93
93
94
95
96
97
98
100
101
101
103
104
106
106
107
109
109
110
111
112
112
113
114
114
114
115
115
116
116
117
117
118
118
118
118
119
119
119
119
119
119
119
119
118
118
118
117
117
117
116
116
115
115
114
114
113
113
112
112
111
111
109
108
108
107
106
105
105
105
105
104
104
103
103
102
102
101
101
101
100
99
99
98
98
97
96
96
94
93
92
92
91
90
90
89
89
89
89
89
89
88
88
88
88
88
88
88
87
87
86
86
86
85
85
85
84
84
84
83
83
82
82
82
81
80
80
80
79
79
79
77
77
77
76
76
76
74
74
74
73
73
71
71
70
70
69
68
67
67
66
65
65
63
63
62
61
61
60
58
57
58
57
57
57
57
57
58
58
58
59
58
59
59
59
59
58
58
58
57
57
56
56
56
56
56
56
56
56
55
54
54
54
53
53
52
52
52
51
51
51
51
51
51
50
51
51
51
52
52
52
52
52
53
53
53
53
53
53
53
53
53
53
53
52
52
52
52
52
52
51
51
50
50
50
50
49
48
48
48
48
48
47
47
47
47
46
46
45
45
45
44
44
44
43
43
43
42
42
42
41
41
41
40
40
41
41
42
42
43
45
46
48
49
51
53
61
65
68
70
73
74
77
78
80
80
81
82
81
81
81
81
82
44
46
49
53
56
59
62
67
69
71
75
78
79
83
83
82
82
82
80
80
79
76
69
59
52
44
37
13
1
1
1
1
1
1
1
1
1
1
1
1
1
1
1
1
1
1
1
1
1
1
1
1
1
1
1
1
1
1
1
1
1
1
1
1
1
1
1
1
1
1
1
1
1
1
1
1
1
1
1
1
1
1
1
1
1
1
1
1
1
1
1
1
1
1
1
1
1
1
1
1
1
1
1
1
1
1
1
1
1
