# Vetor de dados - syn_f000872-0-Pre--front--vetorcoluna.txt
# Total de elementos: 1024
# Formato: um valor por linha
#==================================================

1
1
1
1
1
1
1
1
1
1
1
1
1
1
1
1
1
1
1
1
1
1
1
1
1
1
1
1
1
1
1
1
1
1
1
1
1
1
1
1
1
1
1
1
1
1
1
1
1
1
1
1
1
1
1
1
1
1
1
1
1
1
1
1
1
1
1
1
1
1
1
1
1
1
1
1
1
1
1
1
1
1
1
1
1
1
1
1
1
1
1
1
1
1
1
1
1
1
1
1
1
1
1
1
1
1
1
1
1
1
1
1
1
1
1
1
1
1
1
1
1
1
1
1
1
1
1
1
1
1
1
1
1
1
1
1
1
1
1
1
1
1
1
1
1
1
1
1
1
1
1
1
1
1
1
1
1
1
1
1
1
1
1
1
1
1
1
1
1
1
1
1
1
1
1
1
1
1
1
1
1
1
1
1
1
1
1
1
1
1
1
1
1
1
1
1
1
1
1
1
1
1
1
1
1
1
1
1
1
1
1
1
1
1
1
1
1
1
1
1
1
1
1
1
1
1
1
1
1
1
1
1
1
1
1
1
1
1
1
1
1
1
1
1
1
1
1
1
1
1
1
1
1
1
24
24
29
30
31
31
31
31
31
31
31
31
30
30
30
29
29
29
29
29
29
29
29
29
29
28
28
28
28
28
27
27
27
26
26
25
24
24
23
22
22
22
21
21
21
21
21
21
21
21
21
21
21
21
21
21
22
22
22
22
22
22
22
22
23
23
23
23
24
25
25
25
25
26
26
26
26
27
27
27
28
29
29
29
29
30
30
30
30
30
30
31
31
31
31
31
32
32
32
32
32
32
32
33
33
33
33
33
33
33
33
34
34
34
34
34
34
34
34
34
33
32
32
32
32
32
32
31
31
31
31
31
32
32
32
32
32
32
31
31
31
31
31
33
33
33
33
33
33
33
34
34
34
34
34
34
34
34
35
35
35
35
36
36
36
36
36
37
37
37
37
37
38
38
38
39
39
38
39
39
39
39
40
40
40
40
41
41
41
41
42
42
42
42
43
43
43
44
45
46
47
48
50
258
260
264
269
274
279
284
376
382
387
392
396
400
468
468
469
468
470
471
471
471
470
469
468
468
470
471
471
473
473
474
473
472
467
524
488
486
483
480
478
475
472
468
465
412
409
407
404
401
397
388
371
365
360
355
351
350
354
358
363
366
371
377
397
402
405
407
409
465
469
472
477
480
484
485
487
488
491
529
552
553
551
550
470
469
468
468
466
466
468
469
469
470
469
468
467
468
467
467
401
397
393
387
384
380
374
292
286
281
277
271
266
262
55
55
54
53
52
51
50
49
47
46
45
44
44
42
42
42
41
41
41
40
39
39
39
39
39
39
38
38
38
38
38
38
38
38
38
38
38
38
37
37
36
36
36
36
36
36
35
35
35
36
35
35
35
35
35
34
34
34
33
33
33
33
33
33
33
32
32
32
32
32
32
32
32
33
32
32
32
33
33
33
33
33
33
33
34
33
33
33
33
33
33
33
33
33
33
33
32
32
32
32
32
32
32
31
31
31
31
31
31
31
31
30
30
30
30
30
30
30
29
28
28
28
28
28
27
27
27
27
27
27
25
25
25
25
25
24
24
24
24
24
22
22
22
22
22
21
21
21
21
21
20
20
20
20
20
20
20
18
18
18
18
18
18
19
18
19
19
20
21
19
19
20
20
20
21
21
20
19
19
19
19
19
19
19
19
19
20
20
19
19
19
19
19
20
20
19
19
19
18
17
12
12
12
12
12
12
12
12
12
12
12
1
1
1
1
1
1
1
1
1
1
1
1
1
1
1
1
1
1
1
1
1
1
1
1
1
1
1
1
1
1
1
1
1
1
1
1
1
1
1
1
1
1
1
1
1
1
1
1
1
1
1
1
1
1
1
1
1
1
1
1
1
1
1
1
1
1
1
1
1
1
1
1
1
1
1
1
1
1
1
1
1
1
1
1
1
1
1
1
1
1
1
1
1
1
1
1
1
1
1
1
1
1
1
1
1
1
1
1
1
1
1
1
1
1
1
1
1
1
1
1
1
1
1
1
1
1
1
1
1
1
1
1
1
1
1
1
1
1
1
1
1
1
1
1
1
1
1
1
1
1
1
1
1
1
1
1
1
1
1
1
1
1
1
1
1
1
1
1
1
1
1
1
1
1
1
1
1
1
1
1
1
1
1
1
1
1
1
1
1
1
1
1
1
1
1
1
1
1
1
1
1
1
1
1
1
1
1
1
1
1
1
1
1
1
1
1
1
1
1
1
1
1
1
1
1
1
1
1
1
1
1
1
1
1
1
1
1
1
1
1
1
1
1
