# Vetor de dados - syn_f000960-2-Pre--left--vetorlinha.txt
# Total de elementos: 768
# Formato: um valor por linha
#==================================================

1
1
1
1
1
1
1
1
1
1
1
1
1
1
1
1
1
1
1
1
1
1
1
1
1
1
1
1
1
1
1
1
1
1
1
1
1
1
1
1
1
1
1
1
1
1
1
1
1
1
1
1
1
1
1
1
1
1
1
1
1
1
1
1
1
1
1
1
1
1
1
1
1
1
1
1
1
1
1
1
1
1
1
1
1
1
1
1
1
1
1
1
1
1
1
1
1
1
1
1
1
1
1
1
1
1
1
1
1
1
1
1
1
1
1
1
13
23
31
36
40
44
46
49
53
55
57
59
61
62
64
66
67
68
69
70
71
72
72
73
73
75
75
75
75
76
76
76
76
76
76
76
76
76
78
77
78
78
79
79
80
81
81
82
82
83
83
82
82
80
79
77
76
74
73
72
72
71
70
70
68
67
67
66
66
65
64
63
63
63
63
63
63
62
62
62
61
61
59
57
53
49
48
47
46
47
46
47
46
46
46
46
47
47
48
49
49
50
51
52
52
52
53
53
57
61
65
74
158
166
173
180
187
195
203
210
218
222
227
232
238
245
252
258
265
275
282
297
298
298
297
296
296
293
291
282
280
278
200
194
187
180
167
104
95
93
93
95
95
96
96
97
97
97
97
98
98
98
97
98
98
99
99
99
99
99
100
99
99
99
99
99
99
97
97
97
97
95
94
94
92
92
91
89
88
86
85
84
82
82
83
84
83
84
84
84
84
84
84
84
85
85
85
84
84
83
84
84
83
83
82
82
81
81
81
81
81
81
80
80
80
80
80
80
79
79
79
79
79
80
80
79
79
79
80
79
79
79
79
80
80
80
81
80
80
81
81
83
84
84
85
85
87
87
88
88
89
90
91
91
91
92
93
94
94
94
95
95
95
96
96
96
96
97
98
97
98
98
98
98
98
98
99
99
99
99
98
98
98
98
98
97
97
97
96
96
96
95
94
93
93
92
91
91
90
91
91
91
90
90
91
90
90
89
89
88
88
87
87
87
86
86
85
84
84
83
83
82
82
81
81
81
81
80
80
80
80
80
79
79
79
79
79
79
79
79
79
79
79
79
79
79
78
78
78
78
78
78
77
76
76
76
76
75
75
75
75
74
74
74
74
73
72
72
72
72
71
70
70
70
69
69
68
68
67
67
65
65
65
64
64
62
62
62
61
61
59
59
59
58
58
56
56
55
55
55
55
55
54
54
53
54
54
54
53
53
53
54
54
54
54
55
55
56
57
57
57
58
58
59
58
59
58
58
58
58
58
58
57
57
56
57
56
55
56
55
54
54
53
52
52
52
51
51
50
50
49
49
49
49
49
49
49
49
49
48
48
48
48
48
49
49
49
49
49
49
49
50
49
49
49
49
49
49
49
48
48
47
47
47
47
47
47
47
46
45
45
45
45
45
44
43
43
43
43
42
42
41
41
41
40
40
40
40
38
38
38
38
38
37
37
37
37
37
36
36
36
36
36
35
35
35
35
36
37
36
37
38
39
40
42
43
45
48
50
52
55
56
58
64
68
70
71
73
76
78
81
82
82
83
84
86
86
86
86
86
50
52
54
57
61
64
67
71
74
77
80
83
87
89
92
93
93
92
90
87
86
85
78
60
51
44
40
33
1
1
1
1
1
1
1
1
1
1
1
1
1
1
1
1
1
1
1
1
1
1
1
1
1
1
1
1
1
1
1
1
1
1
1
1
1
1
1
1
1
1
1
1
1
1
1
1
1
1
1
1
1
1
