# Vetor de dados - syn_f001900-3-Pre--front--vetorlinha.txt
# Total de elementos: 768
# Formato: um valor por linha
#==================================================

1
1
1
1
1
1
1
1
1
1
1
1
1
1
1
1
1
1
1
1
1
1
1
1
1
1
1
1
1
1
1
1
1
1
1
1
1
1
1
1
1
1
1
1
1
1
1
1
1
1
1
1
1
1
1
1
1
1
1
1
1
1
1
1
1
1
1
1
1
1
1
1
1
1
1
1
1
1
1
1
1
1
1
1
1
1
1
1
1
1
1
1
1
1
1
1
1
1
1
1
1
1
1
1
1
1
1
1
1
1
1
1
1
1
1
1
1
1
1
1
1
1
1
1
1
1
1
1
1
1
1
1
1
1
1
1
1
1
1
1
1
1
1
1
1
1
9
20
24
28
32
36
38
40
42
44
46
46
48
49
50
52
53
53
54
55
55
56
57
57
57
57
58
58
58
58
58
58
58
57
57
56
61
64
64
65
65
64
64
64
63
63
62
62
61
60
59
58
57
56
53
49
49
48
48
47
47
46
46
45
44
43
43
43
43
43
43
43
43
43
43
43
43
44
45
46
50
53
57
59
63
71
76
252
268
281
296
306
333
349
395
414
441
461
465
468
474
478
483
489
487
479
479
485
490
495
500
504
517
468
474
471
468
463
459
453
443
417
371
368
364
359
353
272
170
161
155
151
146
143
141
140
138
138
137
136
135
135
135
133
133
132
131
130
128
128
127
126
125
123
123
122
120
119
118
116
116
114
112
112
110
110
108
106
105
104
102
100
98
97
96
96
96
96
96
96
96
96
94
94
94
94
94
93
92
92
92
92
92
91
91
91
91
90
89
89
89
89
89
89
89
89
89
90
90
90
90
90
90
90
90
90
90
90
90
89
88
87
87
87
87
87
88
88
90
91
92
94
97
98
100
101
102
104
105
106
106
108
108
108
108
110
110
110
110
110
110
110
110
110
111
111
111
111
111
111
112
112
112
113
114
114
114
116
116
117
117
118
119
119
121
121
121
123
123
124
125
126
126
127
128
128
128
129
130
130
131
131
132
132
133
133
134
134
134
134
134
134
134
134
134
134
134
134
134
134
134
134
134
134
134
134
134
134
134
134
134
133
132
132
132
132
132
132
131
130
130
130
130
129
129
128
128
127
126
126
124
124
123
123
121
121
121
119
119
119
117
117
116
116
115
114
113
112
111
111
110
109
108
108
107
106
106
104
104
104
103
103
103
101
101
101
101
101
101
101
101
100
99
99
99
99
99
98
98
97
97
97
97
97
97
97
98
98
98
98
98
100
100
101
102
102
102
103
104
104
105
105
105
106
107
107
107
107
108
109
109
109
109
109
109
109
109
109
109
109
109
109
109
109
109
109
108
107
107
107
106
105
105
105
105
103
103
103
103
101
101
101
99
99
99
98
97
97
96
95
95
95
94
93
93
92
92
91
91
90
90
89
89
88
88
87
87
86
86
85
85
84
84
84
84
83
83
83
82
82
82
83
83
83
83
83
84
84
84
84
84
84
84
84
85
85
86
87
87
87
88
89
90
90
92
92
94
96
96
97
99
99
100
100
100
102
102
101
101
101
101
102
101
101
98
94
92
87
84
78
1
1
1
1
1
1
1
1
1
1
1
1
1
1
1
1
1
1
1
1
1
1
1
1
1
1
1
1
1
1
1
1
1
1
1
1
1
1
1
1
1
1
1
1
1
1
1
1
1
1
1
1
1
1
1
1
1
1
1
1
1
1
1
1
1
1
1
1
1
1
1
1
1
1
1
1
1
1
1
1
1
1
