# Vetor de dados - syn_f004114-0-Pre--front--vetorlinha.txt
# Total de elementos: 768
# Formato: um valor por linha
#==================================================

1
1
1
1
1
1
1
1
1
1
1
1
1
1
1
1
1
1
1
1
1
1
1
1
1
1
1
1
1
1
1
1
1
1
1
1
1
1
1
1
1
1
1
1
1
1
1
1
1
1
1
1
1
1
1
1
1
1
1
1
1
1
1
1
1
1
1
1
1
1
1
1
1
1
1
1
1
1
1
1
1
1
1
1
1
1
1
1
1
1
1
1
1
1
1
1
1
1
1
1
1
1
1
1
1
1
1
1
1
1
1
1
1
1
1
1
1
12
22
26
30
34
37
39
41
43
45
47
48
50
50
52
53
54
56
56
57
58
58
60
60
60
60
62
62
62
62
62
62
62
62
62
62
62
61
60
61
66
69
69
70
70
69
69
69
68
68
67
67
66
65
65
64
62
61
60
60
53
52
51
50
50
50
48
48
48
47
47
47
47
46
46
45
45
45
45
45
45
44
44
43
43
43
43
43
43
44
46
50
53
57
61
64
70
75
81
97
106
277
402
424
465
478
495
521
543
551
572
586
585
584
581
569
559
558
546
540
542
542
541
479
474
468
394
384
375
366
356
345
333
324
315
302
266
245
225
198
180
170
163
159
155
152
151
149
147
146
144
142
142
140
138
136
135
134
132
130
128
128
126
124
124
122
122
120
120
120
119
118
118
118
117
117
116
116
115
115
115
115
113
113
113
112
111
110
110
108
107
107
106
106
107
107
107
107
107
109
109
109
110
110
111
111
110
110
109
109
109
109
108
108
107
107
107
106
106
106
105
105
105
104
104
104
104
104
104
104
104
104
105
105
105
105
105
105
105
105
105
105
106
107
107
107
108
109
109
110
112
112
113
114
115
116
117
118
119
120
121
121
122
123
123
125
125
127
127
128
129
129
131
131
131
131
132
132
133
133
134
134
134
134
134
135
135
135
135
135
135
136
137
136
137
137
137
137
137
137
137
137
137
137
138
139
139
139
139
139
139
139
139
139
139
139
139
139
139
139
139
140
140
139
139
139
139
139
139
137
137
137
137
137
137
137
135
135
135
135
134
134
133
133
132
132
132
131
131
130
130
130
129
129
128
128
127
127
126
126
125
125
124
123
123
123
121
121
121
121
119
119
119
118
117
117
117
116
115
115
115
114
113
113
112
112
112
111
110
110
110
110
108
108
108
108
107
107
106
106
105
105
105
105
104
103
103
103
103
103
103
103
103
103
103
103
103
103
102
103
103
103
103
102
102
102
102
102
102
103
103
103
103
103
103
103
103
103
103
103
103
104
104
104
105
105
105
106
106
106
107
107
107
107
107
107
107
108
109
109
109
109
109
109
109
109
109
109
109
109
109
108
107
107
107
107
107
107
107
107
106
105
105
105
105
105
105
104
103
103
103
103
103
102
101
101
101
101
101
100
99
99
99
99
99
98
97
97
97
97
97
96
95
95
95
95
94
93
93
93
93
92
91
91
91
91
91
90
89
89
89
89
89
88
88
88
88
87
87
88
88
88
88
88
88
88
88
88
88
88
88
88
88
88
88
89
90
90
90
92
92
93
94
94
95
96
98
98
100
100
102
102
103
104
104
106
106
107
107
107
108
107
108
108
108
107
106
103
101
97
92
86
40
1
1
1
1
1
1
1
1
1
1
1
1
1
1
1
1
1
1
1
1
1
1
1
1
1
1
1
1
1
1
1
1
1
1
1
1
1
1
1
1
1
1
1
1
1
1
1
1
1
1
1
1
1
1
1
1
1
1
