# Vetor de dados - syn_f001402-2-Pre--front--vetorcoluna.txt
# Total de elementos: 1024
# Formato: um valor por linha
#==================================================

1
1
1
1
1
1
1
1
1
1
1
1
1
1
1
1
1
1
1
1
1
1
1
1
1
1
1
1
1
1
1
1
1
1
1
1
1
1
1
1
1
1
1
1
1
1
1
1
1
1
1
1
1
1
1
1
1
1
1
1
1
1
1
1
1
1
1
1
1
1
1
1
1
1
1
1
1
1
1
1
1
1
1
1
1
1
1
1
1
1
1
1
1
1
1
1
1
1
1
1
1
1
1
1
1
1
1
1
1
1
1
1
1
1
1
1
1
1
1
1
1
1
1
1
1
1
1
1
1
1
1
1
1
1
1
1
1
1
1
1
1
1
1
1
1
1
1
1
1
1
1
1
1
1
1
1
1
1
1
1
1
1
1
1
1
1
1
1
1
1
1
1
1
1
1
1
1
1
1
1
1
1
1
1
1
1
1
1
1
1
1
1
1
1
1
1
1
1
1
1
1
1
1
1
1
1
1
1
1
1
1
1
1
1
1
1
1
1
1
1
1
1
1
1
1
1
1
1
1
1
1
1
1
1
1
1
1
1
1
1
1
1
1
24
24
24
24
24
24
23
24
24
24
24
24
24
24
24
24
24
24
24
24
24
24
24
24
25
25
25
25
25
25
25
25
26
26
26
26
26
26
26
1
1
1
1
1
1
26
26
26
26
26
26
26
26
26
26
27
27
27
27
27
27
27
27
27
27
27
27
27
27
27
28
28
28
28
28
28
28
28
28
28
28
29
29
29
29
29
29
29
29
29
29
29
29
29
30
30
30
30
30
30
31
31
31
31
31
31
31
31
32
31
31
31
31
32
32
31
31
31
31
30
30
29
28
28
28
28
27
27
26
26
26
25
25
25
25
25
25
25
25
25
25
25
25
25
26
26
26
26
26
26
27
27
27
27
27
27
27
28
28
28
27
27
27
28
28
28
28
29
29
29
29
29
30
30
30
30
30
30
31
31
31
31
31
31
33
33
33
34
34
36
36
37
37
38
40
41
43
46
49
52
53
56
57
58
59
61
62
63
65
68
70
278
280
283
285
288
291
294
301
393
397
400
404
408
412
417
494
494
494
494
496
497
497
497
497
496
496
496
498
499
500
501
503
503
503
425
421
497
495
492
488
485
480
475
434
431
425
421
410
391
376
369
364
358
353
347
341
336
333
338
346
351
354
358
362
367
375
382
390
420
424
427
432
473
479
483
486
490
493
496
499
502
504
504
503
503
502
501
500
499
497
498
498
498
498
498
496
497
496
494
493
418
413
407
403
399
395
392
295
291
288
284
280
275
271
269
267
72
70
69
67
64
62
60
58
57
54
53
50
48
46
43
41
41
40
38
37
37
35
35
34
33
33
33
32
31
31
31
30
30
30
30
29
29
29
29
29
29
29
29
29
28
28
28
28
28
27
27
27
27
27
27
27
27
26
25
25
25
25
25
25
24
24
24
24
24
24
24
24
24
24
24
24
24
24
24
24
24
25
25
25
25
26
27
27
27
27
27
28
29
29
29
29
29
30
30
30
30
29
29
29
29
29
30
30
30
30
30
30
30
29
29
29
29
29
29
29
29
29
28
28
28
28
27
27
27
26
26
26
26
26
26
26
26
26
26
24
24
24
24
24
24
24
24
23
23
22
22
22
22
22
21
21
21
21
21
21
20
20
20
20
20
20
20
20
21
21
21
21
21
19
20
20
21
19
21
21
21
21
21
21
21
20
21
21
21
21
19
19
19
19
19
20
18
18
19
19
19
20
19
19
19
19
20
20
19
19
19
18
12
12
12
9
9
9
9
9
9
9
9
9
9
9
8
8
8
8
8
8
8
1
1
1
1
1
1
1
1
1
1
1
1
1
1
1
1
1
1
1
1
1
1
1
1
1
1
1
1
1
1
1
1
1
1
1
1
1
1
1
1
1
1
1
1
1
1
1
1
1
1
1
1
1
1
1
1
1
1
1
1
1
1
1
1
1
1
1
1
1
1
1
1
1
1
1
1
1
1
1
1
1
1
1
1
1
1
1
1
1
1
1
1
1
1
1
1
1
1
1
1
1
1
1
1
1
1
1
1
1
1
1
1
1
1
1
1
1
1
1
1
1
1
1
1
1
1
1
1
1
1
1
1
1
1
1
1
1
1
1
1
1
1
1
1
1
1
1
1
1
1
1
1
1
1
1
1
1
1
1
1
1
1
1
1
1
1
1
1
1
1
1
1
1
1
1
1
1
1
1
1
1
1
1
1
1
1
1
1
1
1
1
1
1
1
1
1
1
1
1
1
1
1
1
1
1
1
1
1
1
1
1
1
1
1
1
1
1
1
1
1
1
