# Vetor de dados - syn_f004570-1-Pre--front--vetorlinha.txt
# Total de elementos: 768
# Formato: um valor por linha
#==================================================

1
1
1
1
1
1
1
1
1
1
1
1
1
1
1
1
1
1
1
1
1
1
1
1
1
1
1
1
1
1
1
1
1
1
1
1
1
1
1
1
1
1
1
1
1
1
1
1
1
1
1
1
1
1
1
1
1
1
1
1
1
1
1
1
1
1
1
1
1
1
1
1
1
1
1
1
1
1
1
1
1
1
1
1
1
1
1
1
1
1
1
1
1
1
1
1
1
1
1
1
1
1
1
1
1
1
1
1
1
1
1
1
1
1
1
1
1
1
1
1
1
1
1
1
1
1
12
23
27
31
35
37
39
41
43
45
48
49
50
52
52
54
56
56
58
58
58
60
60
60
62
62
62
62
62
62
62
62
62
62
62
62
62
61
61
61
65
68
70
70
70
70
68
68
68
68
66
66
66
64
64
62
61
60
59
57
52
51
50
50
49
49
48
47
46
45
44
43
42
41
42
42
42
42
42
41
41
41
41
41
41
42
43
44
45
50
55
58
61
66
71
77
118
273
287
308
322
335
350
369
423
452
473
480
485
493
505
517
518
506
505
511
515
520
525
534
478
486
481
473
468
463
454
441
387
381
375
370
363
269
256
161
155
150
146
144
144
142
142
140
140
139
138
138
136
135
134
132
131
129
128
127
125
124
123
122
121
120
120
119
118
118
118
117
117
117
116
115
115
115
114
113
112
112
110
110
108
108
106
106
105
105
105
105
105
105
104
104
104
104
104
104
104
104
104
104
104
104
104
104
103
103
103
103
103
103
103
103
103
103
103
104
104
105
106
106
106
108
108
109
110
110
112
112
112
114
114
114
115
116
116
118
118
119
120
120
122
123
123
125
125
127
127
129
129
130
131
132
133
133
134
134
136
136
136
138
138
138
139
140
140
140
141
141
141
142
142
143
143
143
143
143
143
143
143
144
144
144
145
145
145
146
146
146
146
147
148
148
148
148
148
148
148
148
148
148
148
148
148
148
147
147
146
146
146
146
146
146
146
145
145
144
144
144
144
143
143
143
143
142
142
141
141
140
140
140
139
138
138
138
138
137
136
136
136
135
134
134
134
133
133
132
131
131
131
130
129
129
129
128
127
127
126
125
125
123
123
122
121
121
120
120
119
118
118
117
117
116
116
115
114
114
113
113
112
112
111
110
110
109
109
108
108
107
107
106
106
106
106
106
106
106
106
106
106
105
105
105
106
106
106
106
105
105
105
105
104
104
104
104
104
104
104
105
106
106
106
106
106
106
106
107
107
108
108
108
108
109
109
110
110
110
110
111
111
111
112
112
112
112
112
112
112
112
112
112
112
112
112
111
111
111
110
110
110
110
109
109
109
109
108
108
108
107
107
106
106
106
106
105
105
104
104
104
104
103
102
102
102
102
101
100
100
100
100
100
98
98
98
98
98
97
96
96
96
96
96
95
94
94
94
94
93
92
92
92
92
91
91
90
90
90
90
89
89
89
89
89
89
89
89
89
89
89
90
91
91
92
92
92
92
92
92
92
92
92
92
93
93
93
94
95
95
95
97
97
98
99
100
101
102
103
105
105
107
107
109
109
110
111
112
111
110
110
110
109
108
106
105
103
101
94
42
39
38
1
1
1
1
1
1
1
1
1
1
1
1
1
1
1
1
1
1
1
1
1
1
1
1
1
1
1
1
1
1
1
1
1
1
1
1
1
1
1
1
1
1
1
1
1
1
1
1
1
1
1
1
1
1
1
1
1
1
1
1
1
1
1
