# Vetor de dados - syn_f000314-0-Pre--front--vetorlinha.txt
# Total de elementos: 768
# Formato: um valor por linha
#==================================================

1
1
1
1
1
1
1
1
1
1
1
1
1
1
1
1
1
1
1
1
1
1
1
1
1
1
1
1
1
1
1
1
1
1
1
1
1
1
1
1
1
1
1
1
1
1
1
1
1
1
1
1
1
1
1
1
1
1
1
1
1
1
1
1
1
1
1
1
1
1
1
1
1
1
1
1
1
1
1
1
1
1
1
1
1
1
1
1
1
1
1
1
1
1
1
1
1
1
1
1
1
1
1
1
1
1
1
9
21
25
29
33
36
38
40
42
44
46
47
49
49
51
52
53
54
55
56
57
57
58
59
59
60
60
60
60
61
61
60
61
60
60
60
60
60
60
60
62
66
67
69
68
68
68
67
67
67
66
65
65
64
63
62
62
60
59
57
54
53
48
48
48
48
47
46
46
46
45
45
45
45
45
45
45
45
45
45
45
44
44
44
44
44
44
43
43
44
45
45
46
49
53
57
60
64
69
76
85
91
104
150
163
278
291
305
342
428
441
456
470
487
527
549
555
561
566
571
576
590
590
588
589
590
590
589
586
501
489
486
481
475
468
460
373
361
343
312
297
283
228
211
196
182
170
163
157
153
149
148
146
144
142
141
140
138
137
135
134
131
128
126
125
124
122
121
120
119
118
118
116
116
116
115
114
114
114
114
113
112
112
111
110
110
110
108
108
108
106
106
106
105
105
105
104
104
104
105
105
105
104
103
103
103
103
103
103
103
103
102
102
102
102
102
102
102
102
103
103
104
104
104
104
104
104
104
104
106
106
106
106
107
107
107
107
107
108
109
109
109
109
109
110
110
110
112
112
112
114
115
116
117
118
119
120
121
121
122
123
123
124
125
125
126
126
127
128
128
128
129
130
130
130
130
131
131
132
132
132
132
132
132
133
134
134
134
134
134
134
134
135
136
136
136
136
136
136
137
137
138
138
138
139
139
139
139
139
141
141
141
141
141
141
141
141
141
141
141
141
141
141
141
141
141
141
141
141
140
140
140
140
140
139
139
138
138
138
138
138
138
138
138
137
137
136
136
136
136
136
135
135
135
135
135
135
134
133
133
133
133
133
133
132
131
131
131
130
129
129
128
127
127
126
126
125
124
124
124
123
123
122
121
121
121
120
119
119
119
118
117
117
117
116
115
115
115
115
114
113
113
113
113
112
112
111
111
111
111
111
110
110
110
110
109
109
109
109
109
109
109
108
108
108
108
108
108
107
107
107
107
107
106
106
106
106
106
106
106
106
106
106
106
106
106
106
106
106
106
106
106
106
107
107
107
107
107
108
108
108
109
109
109
109
109
109
109
110
110
110
109
109
109
109
109
109
109
109
109
109
109
109
109
109
108
107
107
107
107
107
107
107
106
106
105
105
105
105
105
104
104
104
103
103
103
102
102
102
102
101
101
100
100
100
100
100
100
98
98
98
98
98
98
98
97
96
96
96
96
96
96
94
94
94
94
92
92
92
92
92
91
90
90
90
90
90
89
89
89
88
88
88
88
88
88
88
88
89
89
89
89
90
90
90
91
91
91
91
91
91
91
91
91
92
92
93
94
94
95
95
96
97
98
99
100
102
102
104
106
106
108
108
109
110
110
112
112
112
112
113
112
112
112
112
111
111
108
105
103
101
96
92
42
37
1
1
1
1
1
1
1
1
1
1
1
1
1
1
1
1
1
1
1
1
1
1
1
1
1
1
1
1
1
1
1
1
1
1
1
1
1
1
1
1
1
1
1
1
1
1
