# Vetor de dados - syn_f003609-1-Pre--front--vetorcoluna.txt
# Total de elementos: 1024
# Formato: um valor por linha
#==================================================

1
1
1
1
1
1
1
1
1
1
1
1
1
1
1
1
1
1
1
1
1
1
1
1
1
1
1
1
1
1
1
1
1
1
1
1
1
1
1
1
1
1
1
1
1
1
1
1
1
1
1
1
1
1
1
1
1
1
1
1
1
1
1
1
1
1
1
1
1
1
1
1
1
1
1
1
1
1
1
1
1
1
1
1
1
1
1
1
1
1
1
1
1
1
1
1
1
1
1
1
1
1
1
1
1
1
1
1
1
1
1
1
1
1
1
1
1
1
1
1
1
1
1
1
1
1
1
1
1
1
1
1
1
1
1
1
1
1
1
1
1
1
1
1
1
1
1
1
1
1
1
1
1
1
1
1
1
1
1
1
1
1
1
1
1
1
1
1
1
1
1
1
1
1
1
1
1
1
1
1
1
1
1
1
1
1
1
1
1
1
1
1
1
1
1
1
1
1
1
1
1
1
1
1
1
1
1
1
1
1
1
1
1
1
1
1
1
1
1
1
1
1
1
1
8
8
8
8
8
8
8
8
8
8
8
9
9
9
9
9
9
10
10
12
12
12
12
17
18
18
19
19
19
20
20
20
19
19
20
20
19
19
19
20
20
19
19
21
21
21
22
22
22
21
22
22
22
22
22
22
22
21
22
21
21
21
21
21
21
21
21
22
22
22
22
22
22
23
24
24
24
24
24
25
25
25
25
25
27
27
27
27
27
27
27
29
29
29
29
29
29
30
30
30
31
31
32
32
32
32
32
33
33
34
34
34
34
34
34
35
35
35
36
36
36
36
36
37
37
37
37
37
37
38
38
38
39
39
39
39
40
40
40
40
40
40
40
40
40
40
40
40
40
40
40
40
41
41
41
41
41
41
41
41
41
41
41
41
42
42
42
42
42
42
43
43
43
43
44
44
44
44
44
44
44
44
45
45
45
45
45
46
46
46
46
46
47
47
47
46
46
47
47
47
46
46
47
47
47
47
47
46
47
48
48
48
48
48
48
49
49
49
50
52
54
56
57
59
61
63
302
306
310
314
318
403
408
413
418
423
428
432
438
505
506
506
507
506
507
508
508
508
509
508
508
507
509
510
510
512
512
513
514
513
513
511
484
450
445
442
513
511
508
505
501
498
494
488
452
446
443
439
438
436
433
430
425
417
410
403
398
394
391
397
404
411
418
425
431
434
437
439
442
443
446
449
494
499
505
508
511
516
521
524
527
530
531
552
556
515
518
518
519
519
519
518
516
516
514
514
513
514
515
515
514
514
512
513
512
511
510
510
438
434
430
426
421
417
412
407
319
311
306
64
63
62
61
60
59
57
56
55
54
53
52
52
50
50
50
50
49
49
49
48
47
47
47
47
46
46
46
46
46
45
45
45
45
46
45
45
45
45
45
44
44
44
44
44
44
44
43
43
43
43
43
43
42
41
41
41
41
41
41
41
41
41
40
40
40
40
39
39
39
39
39
39
39
39
38
39
39
39
39
39
39
39
39
39
39
39
39
39
39
39
39
39
39
39
39
38
38
38
38
37
37
37
37
37
37
37
36
36
36
36
36
35
35
35
35
35
34
34
34
34
33
33
32
32
31
31
31
31
31
30
30
30
30
29
28
28
28
28
27
27
27
26
26
26
25
25
24
24
24
24
23
22
22
22
22
21
20
20
20
20
20
20
18
18
18
18
18
19
20
19
20
21
20
21
21
20
20
21
19
19
20
20
19
19
19
19
18
18
18
19
19
20
19
19
20
20
19
19
19
19
19
18
18
16
9
9
9
9
9
9
8
8
9
9
9
9
8
8
8
8
8
8
8
8
8
6
1
1
1
1
1
1
1
1
1
1
1
1
1
1
1
1
1
1
1
1
1
1
1
1
1
1
1
1
1
1
1
1
1
1
1
1
1
1
1
1
1
1
1
1
1
1
1
1
1
1
1
1
1
1
1
1
1
1
1
1
1
1
1
1
1
1
1
1
1
1
1
1
1
1
1
1
1
1
1
1
1
1
1
1
1
1
1
1
1
1
1
1
1
1
1
1
1
1
1
1
1
1
1
1
1
1
1
1
1
1
1
1
1
1
1
1
1
1
1
1
1
1
1
1
1
1
1
1
1
1
1
1
1
1
1
1
1
1
1
1
1
1
1
1
1
1
1
1
1
1
1
1
1
1
1
1
1
1
1
1
1
1
1
1
1
1
1
1
1
1
1
1
1
1
1
1
1
1
1
1
1
1
1
1
1
1
1
1
1
1
1
1
1
1
1
1
1
1
1
1
1
1
1
1
1
1
1
1
1
1
1
1
1
1
1
1
1
1
1
1
1
1
1
1
