# Vetor de dados - syn_f001709-2-Pre--left--vetorlinha.txt
# Total de elementos: 768
# Formato: um valor por linha
#==================================================

1
1
1
1
1
1
1
1
1
1
1
1
1
1
1
1
1
1
1
1
1
1
1
1
1
1
1
1
1
1
1
1
1
1
1
1
1
1
1
1
1
1
1
1
1
1
1
1
1
1
1
1
1
1
1
1
1
1
1
1
1
1
1
1
1
1
1
1
1
1
1
1
1
1
1
1
1
1
1
1
1
1
1
1
1
1
1
1
1
1
1
1
1
1
1
1
1
1
1
1
1
1
1
1
1
1
1
1
1
1
1
1
1
1
1
1
1
9
21
28
34
38
43
45
48
51
53
55
57
59
61
62
64
65
66
67
68
68
70
70
71
71
73
73
73
73
73
73
73
73
73
74
74
74
74
75
76
76
76
77
79
80
80
81
81
82
81
81
81
78
76
75
73
73
72
71
70
70
68
67
66
67
65
64
64
62
62
62
62
61
61
61
61
61
60
59
59
58
56
54
51
49
48
48
48
48
49
49
50
51
52
53
54
54
54
55
56
56
174
188
224
228
232
239
247
255
271
291
292
291
292
291
289
287
286
279
278
277
262
259
255
219
215
210
207
202
197
192
186
181
174
168
162
156
150
144
124
117
113
109
104
100
97
98
98
99
101
101
102
102
103
104
103
104
104
104
105
105
104
104
105
105
104
104
104
104
103
102
102
102
102
100
100
100
100
99
99
97
97
96
95
95
94
94
94
93
94
94
94
94
94
94
93
93
93
93
92
91
90
90
89
89
89
88
89
88
88
88
88
87
88
88
87
87
87
88
87
87
87
87
87
86
86
86
86
86
86
87
87
88
88
89
89
90
90
91
91
92
92
93
94
94
95
95
96
98
99
100
101
103
103
105
105
106
107
108
109
109
110
110
112
112
112
112
113
113
114
114
114
115
115
115
115
115
115
114
114
114
114
113
113
113
113
112
111
110
110
110
109
108
107
107
105
105
104
103
102
101
100
99
97
97
94
94
93
92
92
92
91
90
89
88
88
87
86
85
84
84
83
82
82
82
82
82
82
82
82
83
83
84
84
84
84
83
83
83
83
83
83
83
83
83
83
83
83
83
82
82
82
82
82
82
82
82
82
81
81
81
81
80
80
80
80
80
79
78
78
78
78
77
77
77
76
75
75
75
75
74
74
73
73
72
72
72
71
70
70
70
69
68
67
67
67
66
65
65
64
64
63
63
62
61
61
60
60
59
59
58
58
57
57
57
56
56
56
57
56
57
57
57
57
57
58
58
58
58
59
59
59
59
59
59
59
59
60
59
60
59
59
59
58
59
58
59
58
57
58
57
57
56
57
57
56
56
57
57
57
56
56
56
56
56
56
56
55
55
56
56
56
55
55
55
54
53
53
53
53
54
54
53
53
53
53
53
53
53
52
52
52
52
52
51
51
51
51
50
50
49
49
49
48
48
48
47
47
46
46
46
44
44
44
43
43
43
41
41
41
41
40
40
39
39
38
38
38
38
37
37
37
36
35
35
35
35
36
36
38
39
40
43
44
46
50
52
55
57
59
64
68
71
73
74
76
78
79
81
81
80
81
80
81
81
81
80
45
47
50
51
54
56
60
63
67
71
74
76
79
81
83
85
86
87
88
88
87
85
81
80
71
62
56
50
45
38
33
1
1
1
1
1
1
1
1
1
1
1
1
1
1
1
1
1
1
1
1
1
1
1
1
1
1
1
1
1
1
1
1
1
1
1
1
1
1
1
1
1
1
1
1
1
1
1
1
1
1
1
1
1
