# Vetor de dados - syn_f001078-3-Pre--front--vetorcoluna.txt
# Total de elementos: 1024
# Formato: um valor por linha
#==================================================

1
1
1
1
1
1
1
1
1
1
1
1
1
1
1
1
1
1
1
1
1
1
1
1
1
1
1
1
1
1
1
1
1
1
1
1
1
1
1
1
1
1
1
1
1
1
1
1
1
1
1
1
1
1
1
1
1
1
1
1
1
1
1
1
1
1
1
1
1
1
1
1
1
1
1
1
1
1
1
1
1
1
1
1
1
1
1
1
1
1
1
1
1
1
1
1
1
1
1
1
1
1
1
1
1
1
1
1
1
1
1
1
1
1
1
1
1
1
1
1
1
1
1
1
1
1
1
1
1
1
1
1
1
1
1
1
1
1
1
1
1
1
1
1
1
1
1
1
1
1
1
1
1
1
1
1
1
1
1
1
1
1
1
1
1
1
1
1
1
1
1
1
1
1
1
1
1
1
1
1
1
1
1
1
1
1
1
1
1
1
1
1
1
1
1
1
1
1
1
1
1
1
1
1
1
1
1
1
1
1
1
1
1
1
8
8
8
8
8
8
8
9
9
8
8
8
8
8
9
9
9
9
9
9
10
10
12
17
18
19
20
20
20
19
19
19
20
20
20
19
19
19
20
19
19
19
20
20
20
20
21
21
21
22
22
22
21
22
22
21
22
21
21
21
20
21
20
20
19
19
20
20
20
20
21
21
21
21
21
22
23
23
23
23
24
25
25
25
26
27
27
27
28
28
28
29
29
29
30
30
31
31
31
32
32
33
33
34
34
34
34
34
35
35
36
36
36
36
37
37
37
37
37
37
37
38
38
38
38
38
38
38
38
39
39
39
39
39
39
39
39
38
38
38
38
38
38
37
37
37
37
37
37
37
36
35
35
35
35
35
35
36
36
36
36
36
36
36
36
36
37
37
37
37
37
37
38
38
38
38
38
38
39
39
39
39
39
39
39
41
41
41
41
41
41
41
41
41
42
42
41
41
41
41
41
41
41
42
42
42
42
41
42
42
42
42
42
43
44
44
44
44
46
46
47
47
48
49
50
49
53
57
59
61
64
65
69
72
74
77
79
82
84
86
88
285
289
292
295
299
304
308
414
418
421
424
427
430
434
438
508
508
507
507
508
509
510
510
510
508
508
508
510
510
512
512
513
513
511
489
445
440
516
513
512
509
505
501
497
454
448
445
441
438
433
421
413
403
393
384
378
372
367
366
372
377
382
393
405
411
417
428
436
439
440
443
446
450
495
501
504
507
511
514
517
520
523
526
597
515
515
514
513
512
510
510
510
510
510
510
510
509
507
507
507
507
506
504
438
434
430
426
423
419
416
413
409
303
300
297
293
290
287
86
84
83
81
79
77
74
71
69
66
64
62
61
60
58
54
50
49
48
47
46
44
43
42
42
41
41
41
40
39
39
39
38
38
38
38
38
38
38
38
38
38
38
38
38
38
38
38
38
38
38
37
37
37
37
37
37
37
37
37
36
35
35
35
35
35
35
35
35
34
34
34
34
33
33
33
33
33
33
33
33
33
34
34
34
34
35
35
35
35
36
36
36
36
36
36
36
37
37
37
37
37
37
37
37
37
37
37
38
37
37
37
37
37
37
37
37
37
36
36
36
35
35
35
35
35
35
35
35
34
34
34
33
33
33
33
33
32
32
31
31
31
30
30
30
30
29
29
29
29
29
29
29
28
28
28
28
28
28
28
28
27
27
27
27
27
27
27
27
27
26
26
26
26
26
26
26
26
25
25
25
25
25
24
24
24
24
24
23
23
23
23
23
23
22
22
22
22
22
22
22
22
22
21
21
21
21
21
21
21
21
21
21
21
21
21
1
1
1
1
1
1
1
1
1
1
1
1
1
1
1
1
1
1
1
1
1
1
1
1
1
1
1
1
1
1
1
1
1
1
1
1
1
1
1
1
1
1
1
1
1
1
1
1
1
1
1
1
1
1
1
1
1
1
1
1
1
1
1
1
1
1
1
1
1
1
1
1
1
1
1
1
1
1
1
1
1
1
1
1
1
1
1
1
1
1
1
1
1
1
1
1
1
1
1
1
1
1
1
1
1
1
1
1
1
1
1
1
1
1
1
1
1
1
1
1
1
1
1
1
1
1
1
1
1
1
1
1
1
1
1
1
1
1
1
1
1
1
1
1
1
1
1
1
1
1
1
1
1
1
1
1
1
1
1
1
1
1
1
1
1
1
1
1
1
1
1
1
1
1
1
1
1
1
1
1
1
1
1
1
1
1
1
1
1
1
1
1
1
1
1
1
1
1
1
1
1
1
1
1
1
1
1
1
1
1
1
1
1
1
1
1
1
1
1
1
1
1
1
1
1
1
1
1
1
1
1
1
1
1
1
