# Vetor de dados - syn_f004309-3-Pre--left--vetorlinha.txt
# Total de elementos: 768
# Formato: um valor por linha
#==================================================

1
1
1
1
1
1
1
1
1
1
1
1
1
1
1
1
1
1
1
1
1
1
1
1
1
1
1
1
1
1
1
1
1
1
1
1
1
1
1
1
1
1
1
1
1
1
1
1
1
1
1
1
1
1
1
1
1
1
1
1
1
1
1
1
1
1
1
1
1
1
1
1
1
1
1
1
1
1
1
1
1
1
1
1
1
1
1
1
1
1
1
1
1
1
1
1
1
1
1
1
1
1
1
1
1
16
24
32
36
41
44
47
50
53
55
57
59
61
63
64
66
67
68
69
70
72
72
72
73
74
75
75
75
75
76
76
76
76
76
76
76
78
78
78
78
78
79
80
80
80
80
81
82
82
82
82
81
81
80
78
75
74
72
72
71
70
68
68
66
66
66
65
64
63
63
63
62
62
62
63
63
63
62
61
60
58
50
48
48
47
46
47
46
45
46
45
44
45
44
45
44
44
45
45
45
46
47
47
48
48
49
51
51
52
52
54
56
60
99
153
159
166
171
175
180
183
188
192
197
203
208
216
226
231
234
237
242
246
251
257
262
266
274
281
286
293
303
303
303
303
302
299
296
292
285
87
87
87
88
88
88
88
88
88
88
89
89
88
88
88
88
88
87
87
87
85
85
85
83
83
82
82
80
79
79
77
76
76
74
74
73
73
73
72
73
73
72
72
72
70
70
69
69
69
68
67
67
67
65
65
64
64
64
62
62
62
61
61
60
60
59
58
58
58
57
57
57
57
57
58
58
58
58
57
58
58
58
59
59
59
61
61
61
62
63
63
64
64
65
66
66
67
67
68
70
70
71
73
73
74
76
76
77
78
78
80
80
81
81
82
83
83
83
84
84
85
86
87
87
87
87
88
88
89
90
90
90
90
90
90
90
91
91
91
91
91
91
91
91
90
90
90
90
90
89
89
89
89
87
87
87
86
86
85
85
86
85
85
85
84
84
84
84
84
83
82
81
80
79
79
78
77
76
76
75
75
77
77
77
77
77
77
77
77
77
77
77
77
77
77
77
78
78
78
78
78
78
79
79
79
79
79
79
78
78
78
79
79
79
79
79
79
78
77
77
77
77
77
77
76
76
76
76
75
75
75
74
74
73
73
73
73
71
71
71
71
69
69
69
68
68
67
66
66
65
64
64
63
63
62
61
61
60
59
59
57
57
56
56
55
54
54
53
53
52
52
52
50
50
50
50
50
50
49
49
50
50
50
51
50
51
51
52
52
53
54
53
54
55
54
55
55
55
56
56
56
56
56
56
56
57
56
57
56
56
56
55
55
55
55
54
54
54
54
53
54
54
53
53
53
53
53
53
53
53
53
53
53
53
52
52
52
52
52
52
53
53
53
54
53
53
53
54
54
54
54
53
53
53
53
53
53
53
52
52
52
52
51
51
50
50
49
49
49
48
47
47
47
46
46
46
44
44
44
43
43
43
42
42
42
41
41
40
40
40
40
39
39
39
39
38
38
38
38
38
38
37
37
38
38
39
40
41
40
41
43
45
47
49
51
53
57
58
60
62
64
66
68
71
73
75
78
79
83
87
89
90
90
90
90
90
86
78
54
56
59
61
65
68
73
76
79
81
84
87
88
89
91
92
92
92
92
91
90
89
86
69
60
55
48
45
43
39
1
1
1
1
1
1
1
1
1
1
1
1
1
1
1
1
1
1
1
1
1
1
1
1
1
1
1
1
1
1
1
1
1
1
1
1
1
1
1
1
1
1
1
1
1
