# Vetor de dados - syn_f002631-1-Pre--front--vetorlinha.txt
# Total de elementos: 768
# Formato: um valor por linha
#==================================================

1
1
1
1
1
1
1
1
1
1
1
1
1
1
1
1
1
1
1
1
1
1
1
1
1
1
1
1
1
1
1
1
1
1
1
1
1
1
1
1
1
1
1
1
1
1
1
1
1
1
1
1
1
1
1
1
1
1
1
1
1
1
1
1
1
1
1
1
1
1
1
1
1
1
1
1
1
1
1
1
1
1
1
1
1
1
1
1
1
1
1
1
1
1
1
1
1
1
1
1
1
1
1
1
1
1
16
23
27
31
34
37
39
41
43
45
47
47
49
51
51
53
53
55
55
57
57
57
59
59
59
59
61
61
61
61
61
61
61
61
61
61
60
59
59
59
65
67
68
68
68
68
68
68
66
66
66
66
64
64
64
62
60
60
58
56
50
50
48
48
48
46
46
44
45
45
45
45
44
44
44
44
44
44
44
44
44
44
44
44
43
43
43
43
44
44
46
49
51
55
58
65
86
96
106
128
143
153
163
171
180
188
199
213
230
300
316
333
378
392
411
432
447
458
470
485
502
518
529
544
554
567
571
574
578
582
586
595
578
593
595
594
594
594
504
494
455
416
404
391
376
169
164
160
157
154
151
149
148
147
145
143
141
141
139
137
135
133
129
128
126
124
122
122
120
119
118
117
116
116
116
116
115
114
114
113
113
112
111
111
110
109
109
109
108
108
107
107
107
107
107
107
105
105
105
104
104
104
104
104
104
104
103
103
103
103
103
104
104
104
105
104
104
103
103
103
103
103
102
102
102
102
102
102
102
102
102
102
102
102
103
104
104
104
105
105
106
108
108
109
110
111
112
113
114
116
117
118
120
121
122
123
124
125
127
127
128
128
129
130
130
130
130
132
132
132
132
132
132
132
132
132
132
132
132
132
132
133
133
133
133
133
133
133
133
133
134
134
134
134
134
135
135
136
136
137
137
137
139
139
139
140
141
141
141
142
143
143
143
145
145
145
145
145
145
145
145
146
147
147
147
147
147
147
147
147
147
145
145
145
145
145
145
145
145
143
143
143
143
143
142
141
141
141
141
140
139
139
139
139
139
138
137
137
137
136
135
135
135
134
134
133
133
132
131
131
131
129
129
129
128
127
127
126
125
125
125
125
124
123
123
123
123
122
121
121
121
121
120
119
119
119
119
118
118
117
117
117
116
116
116
116
114
114
114
114
114
113
112
112
112
112
112
111
111
111
111
111
111
111
111
110
109
109
109
109
109
109
109
107
107
107
107
107
107
106
106
106
106
106
106
106
106
106
106
106
106
107
107
107
108
108
108
109
110
110
110
110
112
112
112
112
112
112
113
114
114
114
114
114
114
114
114
114
114
114
114
112
112
112
112
112
112
111
110
110
110
110
110
109
108
108
108
108
108
106
106
106
106
106
104
104
104
104
104
104
102
102
102
102
102
102
100
100
100
100
100
100
99
98
98
98
98
98
98
96
96
96
96
96
95
94
94
94
94
93
92
92
92
92
92
90
90
90
90
90
90
90
90
90
91
91
91
91
91
91
91
91
91
91
91
92
92
92
92
92
92
92
93
93
93
95
95
95
97
97
97
98
99
99
100
101
102
103
104
106
107
108
109
109
110
111
111
112
112
113
113
113
112
113
112
112
111
109
107
105
102
100
99
94
46
44
40
1
1
1
1
1
1
1
1
1
1
1
1
1
1
1
1
1
1
1
1
1
1
1
1
1
1
1
1
1
1
1
1
1
1
1
1
1
1
1
1
1
1
1
1
1
