# Vetor de dados - syn_f001228-1-Pre--front--vetorcoluna.txt
# Total de elementos: 1024
# Formato: um valor por linha
#==================================================

1
1
1
1
1
1
1
1
1
1
1
1
1
1
1
1
1
1
1
1
1
1
1
1
1
1
1
1
1
1
1
1
1
1
1
1
1
1
1
1
1
1
1
1
1
1
1
1
1
1
1
1
1
1
1
1
1
1
1
1
1
1
1
1
1
1
1
1
1
1
1
1
1
1
1
1
1
1
1
1
1
1
1
1
1
1
1
1
1
1
1
1
1
1
1
1
1
1
1
1
1
1
1
1
1
1
1
1
1
1
1
1
1
1
1
1
1
1
1
1
1
1
1
1
1
1
1
1
1
1
1
1
1
1
1
1
1
1
1
1
1
1
1
1
1
1
1
1
1
1
1
1
1
1
1
1
1
1
1
1
1
1
1
1
1
1
1
1
1
1
1
1
1
1
1
1
1
1
1
1
1
1
1
1
1
1
1
1
1
1
1
1
1
1
1
1
1
1
1
1
1
1
1
1
1
1
1
1
1
1
1
1
1
1
1
1
8
8
8
8
8
8
8
8
8
8
8
8
8
8
8
8
9
10
10
10
10
10
12
17
18
18
19
19
19
19
19
18
20
20
19
19
18
18
18
19
19
19
19
19
19
20
20
20
19
21
21
20
20
19
19
20
19
18
17
17
16
17
17
17
17
17
18
18
18
18
19
19
19
19
19
19
20
20
20
21
22
22
22
22
22
23
23
23
23
23
24
24
25
25
25
25
26
26
26
26
27
27
28
28
28
28
28
29
29
29
29
30
30
30
30
31
31
31
31
31
32
32
33
33
33
33
33
33
33
33
34
34
34
35
35
35
35
35
35
36
36
36
36
36
36
37
37
36
36
36
36
36
36
36
36
36
36
36
36
36
36
36
36
36
36
36
36
36
36
36
36
36
36
37
37
37
37
37
37
37
37
37
37
37
37
38
38
38
38
38
38
38
38
39
39
39
39
39
39
40
40
40
40
40
39
39
40
40
40
40
40
41
41
41
41
41
41
42
42
42
43
43
43
43
44
45
46
48
50
53
55
57
59
62
63
62
62
64
273
279
285
291
297
380
385
390
396
401
407
481
482
483
483
482
482
483
483
483
483
483
482
482
483
485
485
485
485
485
484
484
482
478
460
450
424
415
482
477
473
468
463
459
454
445
419
415
411
408
406
403
399
393
386
364
352
344
333
332
340
346
350
356
371
384
395
399
403
406
408
411
415
437
448
455
459
464
470
476
482
485
489
495
476
479
480
481
480
480
480
479
479
478
478
479
479
479
479
479
478
478
480
480
479
478
478
405
400
395
390
386
381
298
288
282
275
268
61
61
63
62
61
59
58
55
53
51
50
48
47
46
45
44
43
43
43
43
41
41
41
41
41
41
41
40
40
40
40
40
40
40
39
39
39
40
40
40
40
40
39
39
39
39
39
38
38
38
38
38
37
37
37
37
37
37
37
37
37
37
38
37
37
36
36
36
36
36
36
36
36
36
36
36
36
36
36
36
36
36
36
36
35
35
35
35
35
35
36
36
36
36
36
35
35
35
35
35
35
35
35
34
34
34
34
34
34
33
33
32
32
32
32
32
32
32
32
32
31
30
30
30
30
30
30
30
28
28
28
28
28
28
28
28
27
27
26
26
26
26
26
26
25
24
24
24
24
24
24
24
22
22
22
22
21
21
21
21
21
21
19
19
19
19
18
18
17
17
17
17
16
17
17
17
18
18
18
19
19
20
20
19
19
20
20
20
19
19
19
19
20
18
18
18
18
19
19
20
18
19
19
20
20
19
19
19
19
19
19
19
18
17
12
9
9
9
9
9
9
9
9
8
8
8
8
8
8
8
8
8
8
8
8
8
1
1
1
1
1
1
1
1
1
1
1
1
1
1
1
1
1
1
1
1
1
1
1
1
1
1
1
1
1
1
1
1
1
1
1
1
1
1
1
1
1
1
1
1
1
1
1
1
1
1
1
1
1
1
1
1
1
1
1
1
1
1
1
1
1
1
1
1
1
1
1
1
1
1
1
1
1
1
1
1
1
1
1
1
1
1
1
1
1
1
1
1
1
1
1
1
1
1
1
1
1
1
1
1
1
1
1
1
1
1
1
1
1
1
1
1
1
1
1
1
1
1
1
1
1
1
1
1
1
1
1
1
1
1
1
1
1
1
1
1
1
1
1
1
1
1
1
1
1
1
1
1
1
1
1
1
1
1
1
1
1
1
1
1
1
1
1
1
1
1
1
1
1
1
1
1
1
1
1
1
1
1
1
1
1
1
1
1
1
1
1
1
1
1
1
1
1
1
1
1
1
1
1
1
1
1
1
1
1
1
1
1
1
1
1
1
