# Vetor de dados - syn_f001084-3-Pre--front--vetorcoluna.txt
# Total de elementos: 1024
# Formato: um valor por linha
#==================================================

1
1
1
1
1
1
1
1
1
1
1
1
1
1
1
1
1
1
1
1
1
1
1
1
1
1
1
1
1
1
1
1
1
1
1
1
1
1
1
1
1
1
1
1
1
1
1
1
1
1
1
1
1
1
1
1
1
1
1
1
1
1
1
1
1
1
1
1
1
1
1
1
1
1
1
1
1
1
1
1
1
1
1
1
1
1
1
1
1
1
1
1
1
1
1
1
1
1
1
1
1
1
1
1
1
1
1
1
1
1
1
1
1
1
1
1
1
1
1
1
1
1
1
1
1
1
1
1
1
1
1
1
1
1
1
1
1
1
1
1
1
1
1
1
1
1
1
1
1
1
1
1
1
1
1
1
1
1
1
1
1
1
1
1
1
1
1
1
1
1
1
1
1
1
1
1
1
1
1
1
1
1
1
1
1
1
1
1
1
1
1
1
1
1
1
1
1
1
1
1
1
1
1
1
1
1
1
1
1
1
1
1
1
1
1
1
1
1
1
1
1
1
1
1
1
1
1
1
1
1
1
1
1
1
1
1
1
1
1
1
1
1
1
1
1
1
1
1
1
1
20
20
20
20
20
20
20
20
20
20
20
20
20
20
21
21
21
21
21
21
21
21
21
22
22
22
22
22
22
23
23
23
23
23
24
24
24
24
25
25
25
26
26
26
26
26
27
27
27
27
27
27
27
27
27
27
28
28
28
28
28
28
28
28
28
28
29
29
31
31
31
32
32
32
32
33
33
33
33
34
35
35
35
35
36
36
36
36
36
37
37
37
37
37
37
38
37
37
37
37
37
38
38
38
38
38
39
38
38
38
38
38
38
38
38
38
38
37
37
37
37
36
37
37
37
36
36
36
36
36
37
37
37
37
37
38
38
38
38
38
39
39
39
39
39
39
40
40
40
40
40
40
40
40
40
40
40
40
40
40
39
39
39
39
39
39
39
39
39
39
39
39
39
39
39
40
41
41
41
41
41
43
43
43
44
44
46
47
48
50
52
57
61
63
66
70
73
74
76
77
79
81
82
280
283
285
288
290
292
295
298
302
387
390
394
396
400
405
409
480
481
483
483
483
485
486
487
486
486
486
486
486
488
490
492
493
493
495
495
570
570
563
529
512
503
498
494
489
485
481
477
423
419
415
396
385
369
362
357
352
338
327
331
346
354
360
364
371
381
388
392
410
416
419
476
480
484
487
491
494
498
502
528
566
569
491
491
492
491
490
490
488
486
485
484
486
485
486
486
485
483
484
483
483
483
482
410
406
402
398
395
391
388
385
302
299
294
291
288
285
282
80
77
75
73
70
66
62
59
56
52
50
48
48
47
46
46
44
44
43
43
43
42
41
41
41
41
41
41
40
39
39
39
40
40
40
40
40
40
40
40
40
40
40
40
40
40
40
40
40
40
40
39
39
38
38
38
38
38
38
37
37
37
37
37
37
37
36
36
36
35
35
35
34
34
34
34
34
35
35
35
35
35
35
35
35
35
36
36
36
36
36
36
36
37
37
36
36
36
36
36
36
36
35
35
35
35
35
35
35
35
35
35
35
35
35
34
34
34
34
34
34
33
33
32
32
32
32
32
31
31
30
30
30
30
29
28
28
28
28
27
26
26
26
25
25
25
25
24
24
23
23
22
22
22
22
22
21
21
21
21
21
19
19
19
19
19
19
20
18
19
20
19
19
20
19
19
19
20
20
19
19
19
19
19
18
18
18
18
18
18
18
18
19
18
18
18
18
18
18
18
18
18
17
12
12
12
12
12
10
10
10
10
10
10
10
10
10
10
10
1
1
1
1
1
1
1
1
1
1
1
1
1
1
1
1
1
1
1
1
1
1
1
1
1
1
1
1
1
1
1
1
1
1
1
1
1
1
1
1
1
1
1
1
1
1
1
1
1
1
1
1
1
1
1
1
1
1
1
1
1
1
1
1
1
1
1
1
1
1
1
1
1
1
1
1
1
1
1
1
1
1
1
1
1
1
1
1
1
1
1
1
1
1
1
1
1
1
1
1
1
1
1
1
1
1
1
1
1
1
1
1
1
1
1
1
1
1
1
1
1
1
1
1
1
1
1
1
1
1
1
1
1
1
1
1
1
1
1
1
1
1
1
1
1
1
1
1
1
1
1
1
1
1
1
1
1
1
1
1
1
1
1
1
1
1
1
1
1
1
1
1
1
1
1
1
1
1
1
1
1
1
1
1
1
1
1
1
1
1
1
1
1
1
1
1
1
1
1
1
1
1
1
1
1
1
1
1
1
1
1
1
1
1
1
1
1
1
1
1
1
1
1
1
1
1
1
1
1
1
1
1
1
1
