# Vetor de dados - syn_f004498-1-Pre--front--vetorlinha.txt
# Total de elementos: 768
# Formato: um valor por linha
#==================================================

1
1
1
1
1
1
1
1
1
1
1
1
1
1
1
1
1
1
1
1
1
1
1
1
1
1
1
1
1
1
1
1
1
1
1
1
1
1
1
1
1
1
1
1
1
1
1
1
1
1
1
1
1
1
1
1
1
1
1
1
1
1
1
1
1
1
1
1
1
1
1
1
1
1
1
1
1
1
1
1
1
1
1
1
1
1
1
1
1
1
1
1
1
1
1
1
1
1
1
1
1
16
24
28
31
35
39
41
43
45
47
49
50
52
52
54
56
56
58
58
60
60
60
62
62
62
64
64
64
64
64
64
64
64
64
64
64
64
64
63
63
62
68
71
71
72
72
71
71
71
70
69
69
68
67
67
66
65
64
62
62
60
56
53
52
52
52
51
50
50
49
48
46
46
45
45
44
44
44
44
44
44
44
44
44
44
44
44
44
44
45
47
48
51
56
60
63
67
71
78
88
100
118
134
143
150
158
167
174
182
190
202
215
230
243
289
306
320
371
384
394
405
414
424
434
445
454
465
477
488
497
507
516
522
529
536
544
552
567
577
589
602
606
613
619
623
629
635
609
611
612
393
390
152
149
148
146
145
143
143
141
141
139
137
136
134
132
131
130
128
127
127
125
125
125
125
124
124
124
124
124
124
124
124
123
123
123
123
123
121
121
120
119
118
116
115
115
114
114
113
113
113
114
114
114
114
114
114
114
114
114
114
114
114
114
114
114
114
114
114
114
114
114
114
114
114
113
113
113
113
112
112
112
111
111
111
111
111
113
113
114
115
116
117
119
119
121
123
125
126
127
129
130
132
133
134
135
136
137
137
139
139
140
140
141
142
142
143
143
144
144
144
145
145
146
146
147
147
147
147
147
149
149
149
149
149
149
151
151
151
151
151
151
151
152
152
152
152
152
153
153
153
153
154
154
154
154
154
155
155
155
156
156
156
156
156
156
156
156
156
156
156
156
156
156
156
156
156
155
155
154
154
154
153
153
153
153
152
152
151
151
151
151
151
151
151
150
150
149
149
149
149
149
149
149
149
148
148
147
147
147
147
147
147
147
147
146
145
145
145
145
145
145
143
143
143
143
141
141
141
141
139
139
139
138
137
137
136
136
135
134
134
133
133
132
131
131
131
130
129
129
129
128
128
127
127
126
126
126
125
125
124
124
123
123
123
123
122
122
121
121
121
121
121
121
120
120
120
120
119
119
119
119
119
119
119
119
119
118
118
118
118
118
118
118
118
118
119
119
119
120
120
120
120
120
120
120
120
120
122
122
122
122
122
122
123
123
124
124
124
124
124
124
124
124
125
125
125
125
125
125
125
125
125
125
125
125
125
125
124
123
123
123
123
123
123
123
122
122
121
121
121
121
120
119
119
119
119
119
118
117
117
117
117
116
115
115
115
114
113
113
113
113
112
111
111
111
111
110
110
109
109
109
108
108
107
107
107
106
106
106
105
105
105
104
104
104
103
103
103
102
102
102
102
102
101
101
101
101
101
101
101
101
101
101
101
101
101
101
101
103
103
103
103
104
105
105
105
105
105
105
105
105
105
105
106
106
106
106
107
107
108
109
109
110
111
112
113
114
115
117
118
119
120
120
122
122
123
124
125
126
126
125
124
124
123
123
123
122
120
118
116
114
114
112
109
106
47
45
1
1
1
1
1
1
1
1
1
1
1
1
1
1
1
1
1
1
1
1
1
1
1
1
1
1
1
1
1
1
1
1
1
1
1
1
1
1
1
