# Vetor de dados - syn_f001639-2-Pre--front--vetorlinha.txt
# Total de elementos: 768
# Formato: um valor por linha
#==================================================

1
1
1
1
1
1
1
1
1
1
1
1
1
1
1
1
1
1
1
1
1
1
1
1
1
1
1
1
1
1
1
1
1
1
1
1
1
1
1
1
1
1
1
1
1
1
1
1
1
1
1
1
1
1
1
1
1
1
1
1
1
1
1
1
1
1
1
1
1
1
1
1
1
1
1
1
1
1
1
1
1
1
1
1
1
1
1
1
1
1
1
1
1
1
1
1
1
1
1
1
1
1
1
1
1
1
1
1
8
21
25
29
33
37
39
41
43
45
47
49
50
51
53
53
55
56
57
58
59
59
60
61
61
62
62
63
63
63
63
63
63
63
63
63
63
62
62
62
64
68
71
71
71
71
71
71
71
69
69
69
69
67
67
67
65
64
63
62
60
58
54
53
53
53
52
51
51
51
49
49
47
47
47
47
46
46
46
46
46
46
46
46
46
47
48
50
53
57
61
66
70
74
80
84
185
193
201
211
295
309
319
331
342
404
422
438
448
457
467
476
488
502
517
528
535
547
559
578
583
585
588
593
596
600
608
610
597
607
607
608
607
606
530
521
495
490
483
475
457
337
320
252
217
173
167
162
159
157
155
153
152
151
150
150
149
148
147
146
145
144
144
142
142
142
141
140
140
139
139
138
137
137
137
136
136
135
135
134
134
132
132
132
131
130
130
129
128
127
128
128
128
128
129
128
128
128
127
127
127
127
126
126
125
125
124
124
123
123
123
122
122
122
121
121
121
121
121
122
122
122
122
122
122
122
122
121
121
121
121
121
121
120
120
120
120
120
122
122
123
124
125
126
127
129
130
131
132
133
134
135
136
137
137
138
139
139
139
140
141
141
141
141
141
142
142
142
143
142
143
143
142
142
142
142
142
142
142
142
142
142
142
142
142
143
143
143
143
143
143
143
144
144
145
145
145
146
146
146
146
148
148
148
148
149
150
150
151
151
151
151
151
151
152
152
153
153
153
153
154
154
154
153
153
153
153
153
153
153
153
153
153
153
153
153
152
152
152
152
152
152
151
150
150
150
150
150
150
149
149
149
148
148
148
148
147
147
147
146
146
146
145
145
145
144
143
143
142
141
141
140
139
139
138
137
137
136
135
135
135
133
133
133
131
131
131
131
129
129
129
127
127
127
125
125
125
125
123
123
123
121
121
121
119
119
119
119
117
117
117
117
116
116
116
116
116
116
116
115
115
114
114
114
114
114
114
114
114
114
114
112
112
112
113
113
114
114
114
114
114
114
114
115
116
116
117
118
118
118
120
120
120
121
122
122
123
124
124
124
124
125
126
126
126
126
126
126
126
126
126
127
127
127
127
127
127
126
125
125
125
125
125
125
125
123
123
123
123
123
121
121
121
120
119
119
119
119
117
117
117
117
115
115
115
115
113
113
113
112
111
111
111
110
109
109
109
108
108
108
107
106
106
106
106
104
104
104
104
104
102
102
102
101
100
100
100
100
99
99
99
98
98
98
98
98
97
97
97
97
97
97
97
98
99
99
99
99
99
99
99
100
100
100
100
100
100
100
100
101
101
101
102
103
103
103
105
105
105
107
107
108
109
109
111
111
113
113
115
115
117
117
119
119
121
121
121
121
121
121
121
121
121
119
116
115
114
113
110
102
101
38
1
1
1
1
1
1
1
1
1
1
1
1
1
1
1
1
1
1
1
1
1
1
1
1
1
1
1
1
1
1
1
1
1
1
1
1
1
1
1
1
1
1
1
1
1
1
1
1
