# Vetor de dados - syn_f001155-3-Pre--front--vetorcoluna.txt
# Total de elementos: 1024
# Formato: um valor por linha
#==================================================

1
1
1
1
1
1
1
1
1
1
1
1
1
1
1
1
1
1
1
1
1
1
1
1
1
1
1
1
1
1
1
1
1
1
1
1
1
1
1
1
1
1
1
1
1
1
1
1
1
1
1
1
1
1
1
1
1
1
1
1
1
1
1
1
1
1
1
1
1
1
1
1
1
1
1
1
1
1
1
1
1
1
1
1
1
1
1
1
1
1
1
1
1
1
1
1
1
1
1
1
1
1
1
1
1
1
1
1
1
1
1
1
1
1
1
1
1
1
1
1
1
1
1
1
1
1
1
1
1
1
1
1
1
1
1
1
1
1
1
1
1
1
1
1
1
1
1
1
1
1
1
1
1
1
1
1
1
1
1
1
1
1
1
1
1
1
1
1
1
1
1
1
1
1
1
1
1
1
1
1
1
1
1
1
1
1
1
1
1
1
1
1
1
1
1
1
1
1
1
1
1
1
1
1
1
1
1
1
1
1
1
1
1
1
1
1
1
1
1
1
1
1
1
1
1
1
1
14
16
16
16
16
16
16
16
16
16
16
16
16
16
16
16
16
16
16
16
16
16
16
22
23
23
23
23
23
23
23
23
23
23
22
22
22
21
21
21
21
21
21
21
21
21
21
21
21
21
21
21
21
21
21
21
20
21
20
19
20
19
19
19
20
20
20
19
19
21
21
21
21
21
22
22
23
23
23
24
24
25
25
26
26
26
26
28
28
28
28
28
30
30
30
30
31
31
31
32
33
33
33
33
33
33
35
35
35
35
35
35
36
36
36
37
37
37
38
38
38
38
38
38
39
39
39
39
39
39
39
38
38
39
39
39
39
39
38
38
38
38
38
38
38
38
38
38
38
38
38
38
38
39
39
39
39
39
39
38
38
38
38
39
39
39
39
39
39
39
40
40
40
40
40
40
40
41
41
41
41
41
41
42
42
42
42
42
42
43
42
42
42
42
43
43
43
43
43
44
44
44
43
44
44
44
44
44
44
44
44
44
44
44
45
44
44
45
48
51
267
269
271
273
276
278
281
284
288
375
379
381
384
387
391
394
397
401
477
478
478
478
478
480
480
480
481
481
481
480
482
482
484
485
485
487
486
485
484
480
462
457
445
502
499
495
489
484
480
474
467
461
455
447
439
431
423
420
418
415
412
410
406
391
366
358
357
368
378
387
407
410
412
414
417
418
421
429
441
448
455
462
469
477
483
488
491
494
497
498
501
441
447
457
477
480
480
480
480
479
477
477
476
476
475
475
476
475
475
474
474
475
475
475
400
395
393
389
386
383
381
378
374
371
285
281
278
276
273
271
270
267
61
59
56
53
49
48
50
50
49
48
48
48
47
47
47
46
45
45
45
45
45
44
44
44
44
44
44
43
43
42
42
42
42
42
42
41
41
41
41
41
40
40
39
39
39
39
39
39
38
39
39
39
39
39
39
38
38
38
38
38
38
38
38
38
38
38
38
38
38
38
38
38
38
38
38
38
38
38
39
39
39
39
39
39
39
39
39
39
39
40
40
39
39
39
38
38
38
38
38
38
38
38
38
38
37
37
37
37
36
36
36
35
35
35
35
35
33
33
33
33
33
31
31
31
31
31
29
29
29
29
28
28
28
27
26
26
26
25
25
25
24
24
24
23
23
23
23
22
22
22
21
22
22
22
21
21
21
21
21
21
20
21
21
21
21
22
21
21
21
21
21
21
21
20
20
20
20
19
19
19
19
19
20
18
19
19
19
20
20
19
19
19
19
19
19
18
18
12
10
10
9
9
9
9
9
9
9
9
9
8
8
8
8
8
8
8
8
8
6
1
1
1
1
1
1
1
1
1
1
1
1
1
1
1
1
1
1
1
1
1
1
1
1
1
1
1
1
1
1
1
1
1
1
1
1
1
1
1
1
1
1
1
1
1
1
1
1
1
1
1
1
1
1
1
1
1
1
1
1
1
1
1
1
1
1
1
1
1
1
1
1
1
1
1
1
1
1
1
1
1
1
1
1
1
1
1
1
1
1
1
1
1
1
1
1
1
1
1
1
1
1
1
1
1
1
1
1
1
1
1
1
1
1
1
1
1
1
1
1
1
1
1
1
1
1
1
1
1
1
1
1
1
1
1
1
1
1
1
1
1
1
1
1
1
1
1
1
1
1
1
1
1
1
1
1
1
1
1
1
1
1
1
1
1
1
1
1
1
1
1
1
1
1
1
1
1
1
1
1
1
1
1
1
1
1
1
1
1
1
1
1
1
1
1
1
1
1
1
1
1
1
1
1
1
1
1
1
1
1
1
1
1
1
1
1
1
1
1
1
1
1
1
1
1
1
