# Vetor de dados - syn_f002270-2-Pre--front--vetorlinha.txt
# Total de elementos: 768
# Formato: um valor por linha
#==================================================

1
1
1
1
1
1
1
1
1
1
1
1
1
1
1
1
1
1
1
1
1
1
1
1
1
1
1
1
1
1
1
1
1
1
1
1
1
1
1
1
1
1
1
1
1
1
1
1
1
1
1
1
1
1
1
1
1
1
1
1
1
1
1
1
1
1
1
1
1
1
1
1
1
1
1
1
1
1
1
1
1
1
1
1
1
1
1
1
1
1
1
1
1
1
1
1
1
1
1
1
1
1
1
1
1
1
1
1
1
1
1
1
1
1
1
1
1
1
1
1
1
1
1
12
22
26
30
34
37
39
41
43
45
46
48
50
50
52
53
54
55
56
57
57
58
59
59
60
60
61
61
61
61
61
61
61
61
61
61
60
60
60
64
68
68
69
69
68
68
68
68
66
66
66
65
64
64
63
61
60
59
56
51
51
50
50
49
49
48
48
47
46
45
45
44
44
44
44
44
44
44
43
43
44
44
44
44
44
44
45
46
48
51
54
57
61
64
70
109
118
223
234
270
284
303
317
415
424
434
445
459
473
501
526
530
532
534
538
541
544
545
536
545
554
566
567
566
565
491
485
479
455
448
444
437
431
402
313
303
263
249
203
194
183
157
152
149
148
147
145
145
143
143
142
141
140
138
138
136
134
134
132
132
132
130
130
129
128
128
127
127
126
125
124
124
122
122
122
120
120
120
118
118
118
116
116
114
113
112
112
111
110
110
110
110
110
110
109
109
109
109
109
107
107
107
107
106
106
106
106
106
106
105
105
104
104
104
104
103
103
103
103
103
103
103
103
103
103
102
102
102
102
102
102
102
102
102
102
104
104
106
107
108
110
111
112
113
115
115
117
117
119
119
120
120
121
122
122
123
124
124
124
125
125
126
126
126
127
127
127
127
127
127
127
128
128
128
128
128
129
129
129
129
129
129
129
129
129
129
129
129
130
130
130
131
131
132
132
133
133
133
134
135
135
135
135
135
135
135
135
135
136
137
137
137
137
137
137
137
137
137
137
137
137
137
137
137
136
137
137
136
137
137
136
137
137
137
137
137
137
137
137
137
137
137
137
137
137
137
137
137
137
137
137
137
137
137
137
136
136
135
135
134
134
134
134
133
133
132
132
132
132
131
131
130
130
130
129
129
128
128
127
126
126
125
125
124
124
123
122
122
121
121
120
119
119
118
117
117
115
115
113
113
113
111
111
109
109
109
109
109
109
108
108
108
107
107
107
107
107
107
105
105
105
105
105
106
106
106
106
107
107
108
108
108
109
110
110
110
112
112
112
112
113
114
114
114
115
115
116
116
116
116
116
116
117
117
117
117
117
117
117
117
117
117
117
117
117
117
116
116
116
116
115
115
115
114
114
113
113
113
112
112
112
111
111
110
109
109
109
108
107
107
106
105
105
105
104
103
103
103
103
101
101
101
101
99
99
99
99
99
97
97
97
96
95
95
95
95
93
93
93
93
93
92
92
91
91
91
91
91
91
91
91
91
92
92
93
93
92
92
92
92
92
92
92
91
92
92
92
93
93
93
95
95
96
96
98
99
100
101
102
104
105
106
108
109
110
110
110
112
112
112
111
110
110
110
108
106
104
102
100
96
95
91
43
41
1
1
1
1
1
1
1
1
1
1
1
1
1
1
1
1
1
1
1
1
1
1
1
1
1
1
1
1
1
1
1
1
1
1
1
1
1
1
1
1
1
1
1
1
1
1
1
1
1
1
1
1
1
1
1
1
1
1
1
1
1
