# Vetor de dados - syn_f004190-0-Pre--left--vetorlinha.txt
# Total de elementos: 768
# Formato: um valor por linha
#==================================================

1
1
1
1
1
1
1
1
1
1
1
1
1
1
1
1
1
1
1
1
1
1
1
1
1
1
1
1
1
1
1
1
1
1
1
1
1
1
1
1
1
1
1
1
1
1
1
1
1
1
1
1
1
1
1
1
1
1
1
1
1
1
1
1
1
1
1
1
1
1
1
1
1
1
1
1
1
1
1
1
1
1
1
1
1
1
1
1
1
1
1
1
1
1
1
1
1
1
1
1
1
1
1
1
1
1
1
1
1
1
1
1
1
1
1
1
1
1
1
1
1
1
1
1
1
1
1
1
1
1
1
1
1
1
20
27
32
37
41
45
48
50
52
54
56
58
59
61
63
64
65
66
67
68
69
70
70
70
71
71
71
72
73
73
73
73
73
73
73
73
73
73
74
74
74
75
76
77
77
77
78
77
77
76
76
73
71
70
69
68
68
68
67
65
64
64
64
63
62
62
61
61
60
60
60
60
59
60
58
57
42
41
41
41
40
40
40
40
39
40
39
40
39
40
41
40
41
42
42
43
43
45
45
47
49
49
50
53
58
143
149
155
160
165
173
184
201
207
211
217
224
231
237
247
254
267
268
268
267
266
264
261
258
253
251
156
104
98
91
81
68
68
68
69
69
69
70
69
69
70
70
70
70
69
69
69
69
69
69
69
68
68
68
67
67
67
65
65
64
64
63
63
61
60
60
61
61
62
62
63
63
63
63
64
64
65
65
65
65
66
66
65
65
66
66
66
66
67
66
66
66
67
66
66
66
67
67
67
66
66
66
67
67
67
67
67
67
67
67
67
67
67
67
67
67
67
67
67
67
67
68
69
70
70
71
72
72
73
73
73
74
74
74
75
75
75
76
76
76
77
77
77
78
78
78
79
80
81
80
80
80
81
81
81
82
82
82
83
82
82
82
82
83
83
83
82
82
82
83
82
82
82
82
81
81
80
79
79
78
78
77
77
76
76
75
75
75
75
75
75
75
74
75
74
74
73
73
73
73
72
72
71
71
70
69
68
68
67
67
66
65
65
64
64
63
63
62
62
61
61
61
60
60
59
58
58
58
58
58
57
57
57
56
56
56
56
56
55
55
56
56
56
55
55
55
55
55
54
54
54
54
54
53
53
53
53
52
52
52
52
51
51
51
50
50
50
49
49
49
48
48
48
47
47
47
46
46
46
46
46
46
45
45
46
46
46
46
46
46
46
47
46
46
46
46
46
46
46
47
47
46
47
47
47
46
47
47
46
47
46
46
46
46
46
45
45
45
44
44
43
43
43
43
43
44
43
43
43
44
44
44
43
43
44
44
44
44
44
45
44
44
44
44
44
44
44
44
43
44
43
43
43
43
42
42
42
42
42
42
41
41
41
41
41
40
39
39
39
39
39
38
38
37
37
37
37
36
36
36
35
35
35
35
35
35
35
35
34
34
34
34
34
34
34
34
34
34
34
33
33
34
34
34
34
35
36
37
37
39
41
43
45
49
52
55
58
61
63
65
68
70
73
76
79
82
83
84
84
83
83
84
83
75
62
66
70
74
76
81
84
87
89
90
89
89
88
86
84
85
84
80
62
54
46
41
37
1
1
1
1
1
1
1
1
1
1
1
1
1
1
1
1
1
1
1
1
1
1
1
1
1
1
1
1
1
1
1
1
1
1
1
1
1
1
1
1
1
1
1
1
1
1
1
1
1
1
1
1
1
1
1
1
1
1
1
1
1
1
1
1
1
1
1
1
1
1
1
1
