# Vetor de dados - syn_f002873-3-Pre--front--vetorlinha.txt
# Total de elementos: 768
# Formato: um valor por linha
#==================================================

1
1
1
1
1
1
1
1
1
1
1
1
1
1
1
1
1
1
1
1
1
1
1
1
1
1
1
1
1
1
1
1
1
1
1
1
1
1
1
1
1
1
1
1
1
1
1
1
1
1
1
1
1
1
1
1
1
1
1
1
1
1
1
1
1
1
1
1
1
1
1
1
1
1
1
1
1
1
1
1
1
1
1
1
1
1
1
1
1
1
1
1
1
1
1
1
1
1
1
1
1
1
1
1
1
1
1
1
1
1
1
1
1
1
1
1
1
10
21
26
30
34
37
39
41
43
45
47
49
50
51
52
54
55
56
57
58
58
59
60
60
61
61
62
62
62
62
62
62
62
62
62
62
60
60
60
61
66
68
69
69
69
69
68
68
67
66
66
65
64
64
62
62
60
58
57
54
50
49
49
49
48
47
47
45
45
43
43
43
43
43
43
42
42
42
42
42
41
41
41
41
41
42
43
43
44
45
47
49
51
54
56
58
60
62
68
261
272
283
294
318
325
334
350
386
414
422
458
468
475
479
482
481
471
468
476
481
486
493
505
507
446
445
445
442
441
439
437
438
393
388
395
391
386
381
377
374
370
344
344
343
138
137
136
135
134
134
134
133
132
132
131
131
129
128
126
124
124
122
121
120
119
119
118
118
117
116
115
114
114
112
112
110
110
108
107
105
103
102
99
98
96
94
94
94
94
94
94
94
94
94
93
92
92
92
92
91
90
90
89
88
88
87
86
86
86
84
84
84
84
82
82
82
82
82
81
82
82
82
84
84
86
86
86
88
88
88
88
88
88
88
88
88
88
88
88
86
86
86
85
84
84
84
84
84
86
88
90
91
93
95
96
98
99
100
101
102
103
104
105
105
106
106
107
107
107
108
108
109
109
110
110
110
111
112
112
112
114
114
114
115
116
116
118
118
118
120
120
121
122
123
123
125
125
125
127
127
128
128
129
130
130
130
132
132
132
133
134
134
135
136
136
136
136
136
136
136
136
136
136
136
136
136
136
136
136
136
136
137
137
137
137
136
136
136
136
136
136
136
136
135
135
135
135
135
135
135
135
135
135
135
135
134
134
133
133
132
131
131
130
129
129
129
129
127
127
126
125
124
124
122
122
122
121
120
119
119
118
117
117
116
115
115
113
113
113
111
111
110
109
109
108
108
108
107
106
106
106
106
106
106
105
104
104
104
104
104
104
104
104
104
104
104
104
103
102
102
102
102
102
102
102
102
102
102
102
102
102
102
104
104
104
105
106
106
106
107
107
108
108
109
109
109
111
111
111
112
112
113
113
113
114
114
114
115
115
115
115
116
116
116
116
116
116
116
116
116
116
116
116
116
116
116
115
114
114
114
114
113
112
112
112
112
112
110
110
110
110
108
108
108
107
106
106
105
104
104
104
103
102
102
101
101
100
99
99
99
98
97
97
97
96
95
95
95
93
93
93
93
91
91
91
91
90
89
89
89
89
88
87
87
87
87
87
87
87
88
89
89
89
89
89
91
91
91
91
91
91
91
91
90
91
91
92
92
93
94
94
95
95
95
97
99
99
101
103
103
105
105
106
106
107
108
109
109
110
109
109
110
110
110
110
110
109
108
106
104
101
96
45
44
1
1
1
1
1
1
1
1
1
1
1
1
1
1
1
1
1
1
1
1
1
1
1
1
1
1
1
1
1
1
1
1
1
1
1
1
1
1
1
1
1
1
1
1
1
1
1
1
1
1
1
1
1
1
1
1
1
