# Vetor de dados - syn_f003746-3-Pre--front--vetorcoluna.txt
# Total de elementos: 1024
# Formato: um valor por linha
#==================================================

1
1
1
1
1
1
1
1
1
1
1
1
1
1
1
1
1
1
1
1
1
1
1
1
1
1
1
1
1
1
1
1
1
1
1
1
1
1
1
1
1
1
1
1
1
1
1
1
1
1
1
1
1
1
1
1
1
1
1
1
1
1
1
1
1
1
1
1
1
1
1
1
1
1
1
1
1
1
1
1
1
1
1
1
1
1
1
1
1
1
1
1
1
1
1
1
1
1
1
1
1
1
1
1
1
1
1
1
1
1
1
1
1
1
1
1
1
1
1
1
1
1
1
1
1
1
1
1
1
1
1
1
1
1
1
1
1
1
1
1
1
1
1
1
1
1
1
1
1
1
1
1
1
1
1
1
1
1
1
1
1
1
1
1
1
1
1
1
1
1
1
1
1
1
1
1
1
1
1
1
1
1
1
1
1
1
1
1
1
1
1
1
1
1
1
1
1
1
1
1
1
1
1
1
1
1
1
1
1
1
1
1
1
1
1
1
1
1
1
1
12
12
12
12
12
12
12
12
12
12
12
12
12
12
16
17
18
18
19
19
19
20
20
19
19
19
18
20
19
19
19
19
20
20
20
19
21
21
21
22
22
22
22
22
22
23
22
22
23
22
22
22
21
22
22
22
23
23
23
23
23
24
24
24
24
25
25
25
25
26
26
27
27
28
28
28
28
28
30
30
30
30
30
30
31
31
32
32
32
33
33
33
34
34
34
34
34
35
35
35
36
36
36
36
37
37
37
37
37
37
39
39
39
39
39
39
39
39
39
39
39
39
39
39
40
40
40
40
40
40
40
40
40
40
40
40
41
41
41
41
40
40
40
40
40
40
40
40
40
40
40
40
40
40
41
41
41
41
41
41
41
42
42
43
43
43
43
43
44
44
44
44
44
44
44
45
45
45
45
45
45
46
46
46
46
46
46
46
46
45
45
46
46
46
46
46
46
46
46
46
46
46
46
46
46
46
46
47
47
47
47
47
47
47
47
47
48
48
48
47
49
51
57
74
284
287
289
291
293
294
300
303
307
312
392
396
399
402
405
407
410
414
418
501
502
503
502
501
503
505
506
506
505
505
504
505
506
507
508
509
509
510
509
508
507
478
466
459
513
509
506
503
500
498
494
491
487
483
478
436
433
431
428
427
425
422
418
402
380
373
367
364
367
374
387
398
411
419
422
424
426
427
430
432
436
479
484
487
491
494
497
499
502
504
507
510
512
534
504
506
506
507
506
506
506
504
504
503
502
503
503
502
502
501
499
500
500
500
499
498
497
416
413
410
405
402
399
396
393
390
316
309
303
300
296
293
290
288
286
61
60
57
64
61
51
50
48
50
50
50
50
49
49
49
49
48
48
48
48
48
48
47
47
47
47
47
46
46
46
47
47
46
46
46
46
46
47
46
46
46
46
46
46
45
45
45
45
45
45
44
44
44
44
44
43
43
43
43
43
42
42
42
42
41
41
41
41
41
40
40
40
40
40
40
39
39
40
40
40
40
40
40
40
40
40
40
40
41
41
41
41
41
41
41
41
40
39
39
39
39
39
39
39
39
39
39
39
39
39
39
39
39
38
38
38
38
37
37
37
37
37
36
36
36
36
36
35
35
35
34
34
33
33
33
33
32
32
31
31
31
30
30
30
30
28
28
28
28
28
28
26
26
26
26
26
25
24
24
24
23
23
23
23
22
22
21
21
22
21
21
21
21
22
21
22
22
22
22
22
22
22
22
21
21
21
20
20
20
19
19
19
20
19
19
20
21
19
20
21
21
19
19
20
20
20
19
18
16
10
10
10
10
10
9
9
9
9
9
9
9
9
10
10
10
10
10
10
9
9
9
8
1
1
1
1
1
1
1
1
1
1
1
1
1
1
1
1
1
1
1
1
1
1
1
1
1
1
1
1
1
1
1
1
1
1
1
1
1
1
1
1
1
1
1
1
1
1
1
1
1
1
1
1
1
1
1
1
1
1
1
1
1
1
1
1
1
1
1
1
1
1
1
1
1
1
1
1
1
1
1
1
1
1
1
1
1
1
1
1
1
1
1
1
1
1
1
1
1
1
1
1
1
1
1
1
1
1
1
1
1
1
1
1
1
1
1
1
1
1
1
1
1
1
1
1
1
1
1
1
1
1
1
1
1
1
1
1
1
1
1
1
1
1
1
1
1
1
1
1
1
1
1
1
1
1
1
1
1
1
1
1
1
1
1
1
1
1
1
1
1
1
1
1
1
1
1
1
1
1
1
1
1
1
1
1
1
1
1
1
1
1
1
1
1
1
1
1
1
1
1
1
1
1
1
1
1
1
1
1
1
1
1
1
1
