# Vetor de dados - syn_f004802-1-Pre--left--vetorlinha.txt
# Total de elementos: 768
# Formato: um valor por linha
#==================================================

1
1
1
1
1
1
1
1
1
1
1
1
1
1
1
1
1
1
1
1
1
1
1
1
1
1
1
1
1
1
1
1
1
1
1
1
1
1
1
1
1
1
1
1
1
1
1
1
1
1
1
1
1
1
1
1
1
1
1
1
1
1
1
1
1
1
1
1
1
1
1
1
1
1
1
1
1
1
1
1
1
1
1
1
1
1
1
1
1
1
1
1
1
1
1
1
1
1
1
1
1
1
1
1
1
1
1
1
1
1
1
1
1
1
1
1
1
1
1
1
1
1
16
22
30
36
39
44
47
50
53
55
57
59
61
63
65
67
68
69
70
71
73
73
74
75
76
76
76
77
77
77
78
78
78
79
79
79
79
79
79
80
79
80
80
81
82
82
83
83
84
84
84
83
83
81
79
77
75
74
73
73
72
71
70
69
68
68
68
66
66
66
65
65
65
65
65
65
65
65
64
63
62
62
61
59
58
56
55
54
54
54
53
53
54
54
55
56
57
58
58
60
68
75
80
86
164
173
181
188
198
216
221
225
229
233
238
245
251
256
266
275
284
293
294
294
293
292
290
288
285
278
278
258
250
210
206
203
198
194
189
186
179
172
164
157
145
133
120
115
112
110
110
111
112
112
114
114
115
115
115
115
116
116
116
116
116
117
117
117
117
117
116
116
116
116
116
116
116
114
114
114
113
113
112
110
110
109
108
107
108
108
108
109
110
109
110
111
111
111
112
112
113
112
113
113
114
113
113
113
113
113
112
113
113
113
112
113
113
113
113
113
112
112
112
113
113
113
113
112
112
112
112
112
112
111
111
111
111
111
112
111
112
112
113
113
113
114
114
116
116
117
117
119
119
120
121
122
122
123
124
124
124
125
126
127
127
127
127
128
128
129
130
130
130
130
130
130
131
131
131
130
130
130
130
130
131
131
130
130
130
130
129
129
129
128
128
127
127
126
126
125
125
124
124
122
121
120
119
118
117
115
113
112
109
109
108
107
107
106
105
105
104
104
103
103
102
101
101
100
100
99
99
98
97
96
95
95
94
93
92
91
91
90
90
90
89
89
89
89
88
88
88
88
88
88
87
87
87
87
86
86
86
86
86
86
85
85
85
85
84
84
84
84
83
82
82
81
81
81
81
80
80
80
79
79
79
78
78
77
76
76
75
75
74
74
73
72
71
71
70
70
69
69
67
67
66
66
65
64
64
63
63
62
62
60
60
60
60
60
60
60
60
59
59
60
60
60
61
61
60
61
60
60
60
59
58
58
58
57
57
56
56
55
55
54
53
52
53
52
51
51
50
50
50
50
50
50
49
50
50
50
50
50
50
50
50
50
49
49
49
49
50
49
49
49
49
49
48
48
48
48
47
46
46
46
46
45
45
45
45
44
43
43
43
43
42
41
41
41
41
40
40
40
40
40
39
39
39
39
38
38
38
38
38
37
37
37
37
37
37
36
36
36
37
37
37
37
38
38
38
38
39
40
42
43
46
47
49
53
55
58
65
69
73
75
77
79
81
82
83
83
83
84
84
85
85
84
84
85
84
50
52
56
60
63
67
71
74
76
79
81
83
85
87
89
88
87
85
84
83
81
78
71
63
59
53
45
39
21
1
1
1
1
1
1
1
1
1
1
1
1
1
1
1
1
1
1
1
1
1
1
1
1
1
1
1
1
1
1
1
1
1
1
1
1
1
1
1
1
1
1
1
1
1
1
1
1
1
1
1
1
1
1
1
1
1
1
