# Vetor de dados - syn_f002142-2-Pre--front--vetorcoluna.txt
# Total de elementos: 1024
# Formato: um valor por linha
#==================================================

1
1
1
1
1
1
1
1
1
1
1
1
1
1
1
1
1
1
1
1
1
1
1
1
1
1
1
1
1
1
1
1
1
1
1
1
1
1
1
1
1
1
1
1
1
1
1
1
1
1
1
1
1
1
1
1
1
1
1
1
1
1
1
1
1
1
1
1
1
1
1
1
1
1
1
1
1
1
1
1
1
1
1
1
1
1
1
1
1
1
1
1
1
1
1
1
1
1
1
1
1
1
1
1
1
1
1
1
1
1
1
1
1
1
1
1
1
1
1
1
1
1
1
1
1
1
1
1
1
1
1
1
1
1
1
1
1
1
1
1
1
1
1
1
1
1
1
1
1
1
1
1
1
1
1
1
1
1
1
1
1
1
1
1
1
1
1
1
1
1
1
1
1
1
1
1
1
1
1
1
1
1
1
1
1
1
1
1
1
1
1
1
1
1
1
1
1
1
1
1
1
1
1
1
1
1
1
1
1
1
1
1
1
1
1
1
1
1
1
1
1
1
1
1
1
1
1
1
1
1
1
1
1
1
1
1
1
1
1
1
1
1
1
1
1
1
1
27
27
27
27
26
26
26
26
26
26
26
26
26
27
27
27
27
27
27
27
27
27
27
27
27
28
28
28
28
28
28
28
28
28
29
29
29
29
29
29
1
1
1
1
30
30
30
30
30
30
30
30
30
30
30
30
30
30
30
30
30
30
30
30
30
30
31
31
31
31
31
31
31
31
31
32
31
32
32
32
32
32
32
32
32
32
32
33
33
33
33
34
34
34
34
35
35
35
35
35
36
36
36
36
36
37
37
37
37
37
37
38
38
38
37
37
37
38
38
37
37
37
36
36
37
37
37
36
36
37
37
37
37
37
36
37
37
37
37
37
37
38
38
38
38
38
37
37
38
38
38
38
38
38
38
38
38
39
39
39
39
39
39
39
39
39
39
39
40
40
40
40
40
40
40
40
40
40
40
40
40
41
41
42
42
42
42
43
43
43
44
44
45
46
47
48
50
53
55
55
56
55
57
58
60
65
264
267
269
272
273
277
282
286
375
378
381
385
387
391
394
471
471
473
473
473
474
474
476
476
477
477
476
476
477
478
479
480
481
482
482
481
481
548
525
518
494
486
480
475
470
462
456
449
441
420
413
409
406
404
402
400
397
394
358
351
345
345
354
364
390
394
397
398
400
403
405
408
413
438
445
451
458
463
469
475
480
483
489
511
550
480
481
480
480
479
479
479
477
476
474
473
474
474
474
473
473
472
472
471
471
471
470
399
394
389
385
382
378
376
372
272
269
267
264
62
60
58
58
57
56
55
55
53
51
50
48
47
46
44
44
43
42
42
41
41
40
40
39
39
39
39
38
37
37
37
37
37
37
37
37
37
37
36
36
36
36
36
36
36
36
36
36
36
36
36
36
36
36
36
36
36
36
36
36
36
36
36
36
36
36
36
36
36
36
36
36
36
36
37
37
37
37
37
37
38
38
38
38
38
38
38
39
39
39
39
39
39
39
38
38
38
38
38
38
38
38
38
38
38
36
36
36
36
36
36
36
35
34
34
34
34
34
33
33
32
32
32
31
31
31
30
30
30
29
29
29
29
29
28
28
28
28
28
27
27
27
27
26
25
25
25
24
24
24
24
24
23
23
23
23
24
23
23
24
24
24
24
24
23
23
23
22
23
23
23
23
23
24
23
23
23
23
22
22
22
22
22
21
21
21
21
21
21
21
21
21
21
21
21
22
22
21
21
21
21
21
21
20
19
12
12
12
12
12
12
12
12
12
12
12
12
12
12
12
12
12
12
12
12
1
1
1
1
1
1
1
1
1
1
1
1
1
1
1
1
1
1
1
1
1
1
1
1
1
1
1
1
1
1
1
1
1
1
1
1
1
1
1
1
1
1
1
1
1
1
1
1
1
1
1
1
1
1
1
1
1
1
1
1
1
1
1
1
1
1
1
1
1
1
1
1
1
1
1
1
1
1
1
1
1
1
1
1
1
1
1
1
1
1
1
1
1
1
1
1
1
1
1
1
1
1
1
1
1
1
1
1
1
1
1
1
1
1
1
1
1
1
1
1
1
1
1
1
1
1
1
1
1
1
1
1
1
1
1
1
1
1
1
1
1
1
1
1
1
1
1
1
1
1
1
1
1
1
1
1
1
1
1
1
1
1
1
1
1
1
1
1
1
1
1
1
1
1
1
1
1
1
1
1
1
1
1
1
1
1
1
1
1
1
1
1
1
1
1
1
1
1
1
1
1
1
1
1
1
1
1
1
1
1
1
1
1
1
1
1
1
1
1
1
1
1
1
1
1
1
1
