# Vetor de dados - syn_f002346-0-Pre--left--vetorlinha.txt
# Total de elementos: 768
# Formato: um valor por linha
#==================================================

1
1
1
1
1
1
1
1
1
1
1
1
1
1
1
1
1
1
1
1
1
1
1
1
1
1
1
1
1
1
1
1
1
1
1
1
1
1
1
1
1
1
1
1
1
1
1
1
1
1
1
1
1
1
1
1
1
1
1
1
1
1
1
1
1
1
1
1
1
1
1
1
1
1
1
1
1
1
1
1
1
1
1
1
1
1
1
1
1
1
1
1
1
1
1
1
1
1
1
1
1
1
1
1
1
1
1
1
1
1
1
1
1
1
1
1
1
20
28
33
38
41
44
47
50
52
55
57
59
60
62
63
64
66
66
68
68
69
70
71
71
71
72
72
72
72
73
73
74
74
74
74
74
73
74
74
75
74
75
76
76
77
77
77
77
77
76
75
73
71
68
67
65
64
65
64
62
62
60
61
60
59
59
59
59
59
59
59
59
59
59
58
57
56
55
52
51
49
50
50
51
50
51
51
52
52
53
52
53
54
54
54
55
55
55
64
73
80
86
95
170
178
185
191
202
237
242
247
254
262
269
274
287
295
310
311
312
312
311
310
308
306
302
295
294
275
216
209
203
196
190
184
172
165
156
142
117
101
95
96
97
97
98
99
100
100
101
100
101
101
102
102
102
103
103
104
103
103
103
102
103
103
102
102
101
101
100
99
98
97
96
95
94
92
92
90
90
89
89
89
88
88
89
89
90
90
91
91
92
92
92
93
93
93
94
93
92
92
91
91
91
91
90
90
91
91
91
91
91
91
91
91
91
92
91
91
92
92
92
93
93
93
94
95
96
97
97
98
98
99
98
98
99
99
100
100
101
101
101
102
102
102
104
104
104
105
105
105
106
107
107
107
108
108
108
108
109
109
109
109
110
109
109
109
110
109
109
109
109
109
108
108
107
107
107
107
106
105
105
104
104
103
102
102
101
101
100
100
99
98
98
98
98
98
98
97
97
98
98
98
97
97
97
97
97
96
96
96
96
95
95
94
94
94
93
93
92
92
91
91
90
89
88
87
87
86
86
85
85
85
84
84
83
83
83
82
82
81
80
80
80
80
80
79
79
78
77
77
77
77
75
75
75
75
75
75
74
74
73
73
73
72
72
72
72
71
71
71
71
70
70
70
70
70
69
69
69
69
68
68
67
67
66
66
66
66
65
65
65
65
64
64
64
63
63
62
62
61
61
61
61
60
60
60
59
59
60
59
59
59
59
58
59
59
59
59
59
59
60
59
60
60
59
60
60
59
60
60
60
59
59
59
58
58
58
58
57
57
57
56
57
56
55
55
54
53
54
53
52
52
51
51
52
52
51
51
51
51
51
51
51
50
50
50
51
51
51
51
51
51
51
51
51
51
51
52
52
51
51
51
51
51
51
50
50
50
50
50
50
50
49
49
49
49
49
48
48
47
47
47
47
47
47
46
45
45
45
45
44
44
44
44
43
42
42
42
42
41
41
41
40
40
40
39
39
39
39
39
39
39
39
39
39
40
41
41
42
43
43
44
46
47
50
52
55
57
59
62
65
69
72
74
77
79
79
82
84
86
88
88
87
87
88
43
44
45
48
50
52
54
57
60
64
67
70
75
77
79
81
85
89
94
94
93
92
90
88
88
86
79
66
59
51
40
35
30
1
1
1
1
1
1
1
1
1
1
1
1
1
1
1
1
1
1
1
1
1
1
1
1
1
1
1
1
1
1
1
1
1
1
1
1
1
1
1
1
1
1
1
1
1
1
1
1
1
1
1
1
