# Vetor de dados - syn_f000876-3-Pre--left--vetorlinha.txt
# Total de elementos: 768
# Formato: um valor por linha
#==================================================

1
1
1
1
1
1
1
1
1
1
1
1
1
1
1
1
1
1
1
1
1
1
1
1
1
1
1
1
1
1
1
1
1
1
1
1
1
1
1
1
1
1
1
1
1
1
1
1
1
1
1
1
1
1
1
1
1
1
1
1
1
1
1
1
1
1
1
1
1
1
1
1
1
1
1
1
1
1
1
1
1
1
1
1
1
1
1
1
1
1
1
1
1
1
1
1
1
1
1
1
1
1
1
1
1
1
1
1
1
1
1
1
1
1
1
1
1
1
1
5
23
30
36
40
45
49
52
55
57
59
61
63
65
67
68
70
72
73
74
74
76
76
78
78
79
80
81
81
81
82
82
82
82
82
82
82
82
83
83
83
84
84
85
86
86
87
88
88
89
89
90
91
90
90
88
88
86
85
83
81
81
81
80
79
79
78
77
76
76
75
75
75
74
73
73
73
73
73
72
73
73
72
71
71
70
67
64
58
55
54
53
52
53
52
53
52
53
52
53
54
54
54
55
57
60
67
74
84
92
99
107
167
174
181
192
205
215
222
226
230
233
237
241
246
253
260
265
277
285
300
300
301
301
300
298
295
293
288
284
283
263
219
215
212
208
204
200
195
189
183
172
121
114
109
108
108
109
109
109
110
110
110
110
110
109
109
109
109
110
109
109
108
108
108
108
108
107
107
106
106
105
105
104
103
103
102
100
99
99
98
97
96
95
94
95
95
95
95
95
95
96
96
96
95
95
94
94
95
94
93
92
91
92
91
90
89
89
89
89
87
87
86
86
85
84
84
84
83
82
82
82
82
81
82
82
83
83
83
84
85
85
87
88
89
91
92
92
94
95
96
98
98
100
101
103
104
106
106
107
107
109
109
110
110
112
112
112
112
113
113
114
115
115
115
115
116
116
116
116
117
117
117
117
117
117
117
117
117
117
117
117
116
116
116
116
116
115
115
115
114
113
113
113
111
111
110
110
109
109
110
109
109
109
109
109
108
108
108
107
107
106
105
105
104
103
103
102
102
101
101
100
99
98
98
98
98
98
97
98
98
98
97
98
98
98
98
98
98
98
98
99
99
99
99
99
99
99
100
99
99
99
99
99
99
99
99
98
98
98
98
97
97
97
97
97
95
95
95
95
94
93
93
93
92
92
91
91
91
90
89
89
89
89
88
87
87
87
86
85
84
84
83
83
82
81
80
80
79
78
78
76
76
75
74
74
73
71
71
70
69
68
67
68
67
68
68
68
68
69
68
69
69
69
69
70
69
70
69
69
68
68
68
68
68
67
67
66
66
65
65
65
64
63
63
63
63
62
62
62
61
61
61
61
61
61
61
61
61
60
60
60
60
60
61
61
61
61
61
62
62
62
61
61
61
61
61
61
60
60
60
60
60
60
59
59
59
59
59
57
57
57
56
56
55
55
54
54
53
52
52
52
51
50
50
49
49
49
48
47
46
46
46
45
45
44
43
43
43
42
42
43
43
43
44
45
45
46
47
49
52
54
58
61
68
71
75
78
78
80
82
83
85
86
86
85
87
87
87
88
87
87
46
47
49
52
56
59
63
67
71
75
79
81
84
85
87
88
89
91
93
92
91
89
87
85
82
76
70
64
57
51
42
40
1
1
1
1
1
1
1
1
1
1
1
1
1
1
1
1
1
1
1
1
1
1
1
1
1
1
1
1
1
1
1
1
1
1
1
1
1
1
1
1
1
1
1
1
1
1
1
1
1
1
1
1
1
1
1
