# Vetor de dados - syn_f000220-2-Pre--front--vetorcoluna.txt
# Total de elementos: 1024
# Formato: um valor por linha
#==================================================

1
1
1
1
1
1
1
1
1
1
1
1
1
1
1
1
1
1
1
1
1
1
1
1
1
1
1
1
1
1
1
1
1
1
1
1
1
1
1
1
1
1
1
1
1
1
1
1
1
1
1
1
1
1
1
1
1
1
1
1
1
1
1
1
1
1
1
1
1
1
1
1
1
1
1
1
1
1
1
1
1
1
1
1
1
1
1
1
1
1
1
1
1
1
1
1
1
1
1
1
1
1
1
1
1
1
1
1
1
1
1
1
1
1
1
1
1
1
1
1
1
1
1
1
1
1
1
1
1
1
1
1
1
1
1
1
1
1
1
1
1
1
1
1
1
1
1
1
1
1
1
1
1
1
1
1
1
1
1
1
1
1
1
1
1
1
1
1
1
1
1
1
1
1
1
1
1
1
1
1
1
1
1
1
1
1
1
1
1
1
1
1
1
1
1
1
1
1
1
1
1
1
1
1
1
1
1
1
1
1
1
1
1
1
1
1
1
1
1
1
1
1
1
1
1
1
1
1
1
1
1
1
1
1
1
1
9
9
9
9
9
9
9
9
9
9
9
10
10
10
10
10
12
12
17
18
19
18
18
18
18
18
18
20
19
18
18
18
18
18
18
18
18
20
20
20
19
19
21
21
21
20
20
21
21
20
19
20
20
19
19
20
20
20
22
22
22
24
24
24
25
25
25
27
27
28
28
28
29
29
29
31
31
31
32
32
32
32
33
33
34
34
35
35
35
36
37
37
37
37
37
38
38
38
38
38
38
38
39
39
39
39
39
39
39
40
40
40
40
40
39
39
39
39
40
40
40
40
40
41
40
40
40
40
39
40
40
40
39
39
39
40
39
39
39
40
40
39
39
39
39
40
40
39
39
40
40
40
40
41
41
41
42
42
42
42
42
43
43
43
43
43
44
44
44
44
44
44
44
44
44
44
44
45
45
45
45
45
45
45
45
45
45
45
45
46
46
46
46
46
46
46
46
47
47
47
47
48
48
49
49
50
52
54
55
54
54
59
73
78
80
264
268
271
273
277
280
283
370
374
377
380
384
387
390
394
455
456
457
458
458
459
460
461
462
463
462
461
462
462
462
463
464
464
464
463
462
462
530
477
474
471
469
467
465
462
459
456
452
446
411
406
404
401
399
398
394
390
347
339
311
306
303
332
338
343
349
362
394
397
399
401
404
407
438
447
453
457
459
463
465
467
469
471
474
504
534
534
465
465
466
466
465
465
463
462
461
461
461
461
461
460
460
459
458
459
459
458
457
388
384
381
378
375
372
370
288
286
283
280
276
272
269
266
78
61
58
60
60
58
56
53
51
50
49
49
48
48
47
47
47
47
46
46
46
45
45
45
45
45
45
44
44
44
44
44
44
43
43
43
43
43
43
43
43
42
42
42
41
41
41
41
41
41
41
39
39
39
39
39
39
39
39
39
39
39
38
38
38
38
38
38
38
38
38
37
37
37
38
38
38
38
38
38
38
39
39
39
39
39
40
40
39
39
39
39
39
39
39
39
39
39
39
40
40
40
39
39
39
38
38
38
38
38
38
38
38
38
38
38
38
37
37
37
36
36
36
36
36
35
34
34
34
34
34
32
32
32
32
31
31
30
29
29
29
29
28
27
27
26
26
26
25
24
24
24
22
22
21
21
21
20
20
21
20
20
21
21
21
21
20
21
21
21
20
20
20
20
19
19
19
19
19
20
20
20
20
21
21
21
22
22
22
22
22
22
22
21
21
20
13
13
13
13
13
13
13
13
13
13
13
13
13
13
13
13
13
12
12
12
12
1
1
1
1
1
1
1
1
1
1
1
1
1
1
1
1
1
1
1
1
1
1
1
1
1
1
1
1
1
1
1
1
1
1
1
1
1
1
1
1
1
1
1
1
1
1
1
1
1
1
1
1
1
1
1
1
1
1
1
1
1
1
1
1
1
1
1
1
1
1
1
1
1
1
1
1
1
1
1
1
1
1
1
1
1
1
1
1
1
1
1
1
1
1
1
1
1
1
1
1
1
1
1
1
1
1
1
1
1
1
1
1
1
1
1
1
1
1
1
1
1
1
1
1
1
1
1
1
1
1
1
1
1
1
1
1
1
1
1
1
1
1
1
1
1
1
1
1
1
1
1
1
1
1
1
1
1
1
1
1
1
1
1
1
1
1
1
1
1
1
1
1
1
1
1
1
1
1
1
1
1
1
1
1
1
1
1
1
1
1
1
1
1
1
1
1
1
1
1
1
1
1
1
1
1
1
1
1
1
1
1
1
1
1
1
1
1
1
1
1
1
1
1
1
1
1
1
1
1
1
1
1
1
