# Vetor de dados - syn_f002665-2-Pre--left--vetorlinha.txt
# Total de elementos: 768
# Formato: um valor por linha
#==================================================

1
1
1
1
1
1
1
1
1
1
1
1
1
1
1
1
1
1
1
1
1
1
1
1
1
1
1
1
1
1
1
1
1
1
1
1
1
1
1
1
1
1
1
1
1
1
1
1
1
1
1
1
1
1
1
1
1
1
1
1
1
1
1
1
1
1
1
1
1
1
1
1
1
1
1
1
1
1
1
1
1
1
1
1
1
1
1
1
1
1
1
1
1
1
1
1
1
1
1
1
1
1
1
1
1
1
1
1
1
1
1
1
1
1
1
1
1
1
1
1
1
1
1
3
21
29
35
39
43
46
49
52
54
56
58
61
63
64
66
67
69
69
71
72
73
73
75
75
76
76
77
77
77
77
77
77
78
79
78
79
79
79
80
79
79
80
80
80
80
81
82
82
82
83
83
83
83
81
81
79
77
76
74
74
73
73
72
71
71
70
70
69
69
68
68
68
68
68
68
68
68
68
68
67
66
66
63
60
59
57
56
54
54
54
54
54
54
54
54
54
54
54
54
164
172
187
206
212
217
221
228
237
246
266
286
287
286
286
286
284
282
281
278
271
271
269
252
251
235
205
202
199
196
192
189
184
179
175
170
165
159
154
149
122
116
111
106
102
98
99
100
101
102
103
104
104
105
105
105
106
106
106
106
107
107
107
107
107
106
106
106
105
105
105
104
103
102
102
101
100
98
97
97
95
95
95
96
95
96
96
97
97
97
98
98
97
97
98
98
98
98
97
97
98
97
96
95
94
93
92
92
92
92
92
92
92
91
90
90
90
90
89
88
88
88
88
87
87
88
88
89
89
90
90
91
91
92
92
93
94
95
96
98
98
100
100
102
103
103
104
104
105
106
106
107
107
107
108
108
108
109
109
110
110
110
110
110
111
111
111
110
111
111
111
111
110
110
110
110
110
109
109
109
108
108
108
107
107
105
105
104
104
104
103
102
101
100
100
100
100
100
100
99
99
99
99
99
99
98
97
97
97
97
96
96
96
95
94
93
92
91
90
89
88
88
87
87
87
86
86
85
85
85
85
85
86
86
86
86
86
86
86
86
86
86
86
86
86
86
86
86
85
85
85
85
85
85
84
84
84
84
84
83
83
83
83
83
82
82
81
81
80
80
80
79
79
79
78
78
77
77
76
76
75
75
75
74
74
72
72
71
71
71
70
70
68
68
67
67
66
66
65
65
64
63
62
62
61
61
60
60
59
59
58
57
58
58
58
59
58
58
58
58
58
57
58
57
57
57
56
57
56
56
55
56
55
55
55
55
54
53
53
53
53
52
52
52
51
51
51
51
51
51
51
51
51
50
50
50
51
51
51
51
51
51
51
51
52
52
52
52
52
52
52
51
51
51
51
51
51
51
51
50
50
49
49
49
49
49
48
47
47
47
47
47
45
45
45
45
45
43
43
43
43
42
41
41
41
40
40
39
39
39
39
38
37
37
37
37
36
36
36
36
36
37
37
38
38
39
40
40
42
43
45
47
50
52
56
58
61
65
71
74
76
79
82
82
82
83
85
85
85
85
85
86
86
85
47
49
51
53
56
59
63
67
71
74
77
80
83
84
86
88
88
90
91
90
89
87
84
81
73
66
60
54
49
43
37
1
1
1
1
1
1
1
1
1
1
1
1
1
1
1
1
1
1
1
1
1
1
1
1
1
1
1
1
1
1
1
1
1
1
1
1
1
1
1
1
1
1
1
1
1
1
1
1
1
1
1
1
1
1
1
1
1
1
1
1
