# Vetor de dados - syn_f003184-2-Pre--front--vetorlinha.txt
# Total de elementos: 768
# Formato: um valor por linha
#==================================================

1
1
1
1
1
1
1
1
1
1
1
1
1
1
1
1
1
1
1
1
1
1
1
1
1
1
1
1
1
1
1
1
1
1
1
1
1
1
1
1
1
1
1
1
1
1
1
1
1
1
1
1
1
1
1
1
1
1
1
1
1
1
1
1
1
1
1
1
1
1
1
1
1
1
1
1
1
1
1
1
1
1
1
1
1
1
1
1
1
1
1
1
1
1
1
1
1
1
1
1
1
1
1
1
1
1
1
1
1
1
1
1
1
1
1
1
9
21
25
29
33
37
39
41
42
45
46
47
49
50
51
53
54
55
56
57
57
58
59
59
60
61
61
61
61
61
61
61
61
61
61
61
61
61
60
59
64
67
68
68
68
68
68
68
67
66
66
66
64
64
64
62
61
59
59
57
52
49
49
49
49
49
48
47
47
45
46
45
45
45
44
45
44
44
43
43
43
43
43
43
43
44
46
48
51
54
58
60
64
67
70
73
105
292
326
337
351
367
411
491
501
507
513
518
523
525
522
525
526
533
539
544
550
554
565
574
522
518
512
507
502
496
488
464
452
449
446
409
403
395
301
289
270
210
187
172
166
162
159
156
155
153
152
151
150
148
148
146
146
145
144
142
140
140
138
137
136
135
134
133
133
133
131
131
130
130
128
128
126
125
124
123
122
121
120
120
118
118
117
117
117
117
117
117
116
116
115
115
115
114
114
113
113
112
112
111
111
110
110
110
110
110
110
109
109
108
108
108
107
107
106
106
106
104
104
104
103
102
102
102
101
101
101
101
101
101
101
101
101
101
102
103
103
105
106
108
109
111
112
113
115
115
117
117
119
119
119
121
121
121
121
121
123
123
123
123
123
123
123
123
124
124
124
124
124
124
124
124
124
124
124
124
125
125
125
125
125
126
127
127
127
128
128
128
129
130
130
131
131
132
132
133
133
134
134
134
134
134
135
135
136
136
136
136
136
137
137
137
138
137
137
137
137
137
137
137
137
137
137
137
137
137
137
137
137
137
137
136
136
136
136
135
135
135
135
135
135
135
135
135
133
133
133
133
133
132
132
131
131
131
129
129
129
127
127
127
127
125
125
125
125
125
124
124
124
123
123
122
122
122
122
121
120
120
120
119
118
118
118
118
117
116
116
116
116
115
114
114
114
113
113
113
113
113
112
112
112
111
111
111
111
111
111
111
111
110
110
110
110
110
110
109
109
109
108
108
108
108
108
108
108
108
108
109
109
109
109
109
109
110
111
111
111
112
112
113
113
113
114
114
114
115
115
116
116
117
117
117
117
117
117
117
118
118
118
118
119
119
119
119
119
118
118
118
117
117
117
117
117
116
116
116
116
115
115
114
114
114
113
113
113
112
112
111
111
110
110
109
109
108
107
107
106
106
105
105
104
104
103
103
102
102
101
101
100
100
99
99
98
97
97
97
96
95
95
95
94
93
93
93
93
91
91
91
91
91
90
89
89
89
89
89
89
89
89
90
90
91
91
91
91
92
93
93
93
93
93
93
94
94
94
94
93
93
94
95
96
97
97
98
98
99
101
101
103
104
105
107
108
109
110
111
112
113
114
115
116
116
117
116
116
116
115
115
115
113
110
108
105
103
100
98
43
42
1
1
1
1
1
1
1
1
1
1
1
1
1
1
1
1
1
1
1
1
1
1
1
1
1
1
1
1
1
1
1
1
1
1
1
1
1
1
1
1
1
1
1
1
1
1
1
1
1
1
1
1
1
1
