# Vetor de dados - syn_f003957-2-Pre--front--vetorlinha.txt
# Total de elementos: 768
# Formato: um valor por linha
#==================================================

1
1
1
1
1
1
1
1
1
1
1
1
1
1
1
1
1
1
1
1
1
1
1
1
1
1
1
1
1
1
1
1
1
1
1
1
1
1
1
1
1
1
1
1
1
1
1
1
1
1
1
1
1
1
1
1
1
1
1
1
1
1
1
1
1
1
1
1
1
1
1
1
1
1
1
1
1
1
1
1
1
1
1
1
1
1
1
1
1
1
1
1
1
1
1
1
1
1
1
1
1
1
1
1
1
1
1
1
1
1
1
1
1
1
1
1
1
1
1
1
1
1
1
1
1
1
1
1
1
8
20
25
28
32
36
38
40
42
44
46
48
49
51
51
53
53
55
56
57
57
58
59
59
60
61
61
61
61
61
61
61
61
61
61
61
60
60
60
63
66
68
68
68
68
67
67
67
66
65
65
65
63
63
61
60
59
58
55
52
50
50
49
49
48
48
46
46
44
44
43
44
43
44
44
43
43
43
43
43
43
43
43
43
42
42
44
44
45
48
50
54
56
232
256
266
279
325
328
476
482
491
500
504
498
498
500
512
526
547
547
546
545
543
484
478
464
449
446
443
439
435
430
362
351
316
303
288
275
262
225
212
200
178
167
162
158
155
152
150
148
147
145
145
144
142
142
140
140
138
138
136
134
133
132
130
129
127
126
125
124
124
123
122
121
121
120
119
118
117
116
116
114
114
112
112
110
109
108
106
106
104
104
103
103
102
102
102
102
102
101
100
100
100
99
99
98
97
97
96
95
95
94
93
92
92
92
90
90
90
89
89
88
87
87
87
87
86
86
86
86
85
85
85
85
86
87
87
87
88
88
89
89
91
91
92
92
93
94
94
94
95
95
96
97
97
97
99
99
100
101
102
102
103
104
104
104
106
106
106
106
107
107
107
107
108
108
108
109
109
109
110
110
111
111
112
112
113
113
114
114
115
115
116
116
117
117
118
118
119
119
120
121
121
121
122
123
123
124
124
125
125
125
125
125
126
127
127
127
127
128
127
127
128
128
128
128
128
128
128
128
128
128
128
128
128
128
128
128
128
128
128
127
127
127
127
126
126
126
126
125
125
125
124
124
124
123
123
123
122
121
120
120
119
118
118
118
117
116
116
116
115
114
114
114
113
113
112
112
112
112
110
110
110
110
109
108
108
107
107
105
105
105
104
103
103
103
103
103
102
102
102
101
101
101
101
101
101
101
101
101
101
101
101
100
99
99
99
99
99
99
98
98
98
98
98
99
100
100
100
100
101
101
101
101
102
102
103
103
103
104
104
104
105
105
106
106
106
107
107
107
107
107
107
107
107
107
108
108
108
108
107
107
107
107
107
107
107
107
107
106
106
105
105
104
104
104
104
103
102
102
102
101
101
100
100
100
99
99
98
98
98
97
97
96
96
95
95
95
94
94
93
93
92
92
91
91
91
90
90
89
89
89
88
88
87
87
87
87
86
86
85
85
85
85
84
84
84
84
84
84
84
85
85
85
85
85
85
85
85
85
85
86
86
86
88
88
88
90
90
91
92
93
93
95
95
95
97
97
98
99
99
100
100
100
101
101
100
100
99
99
97
96
95
92
90
86
44
42
41
39
1
1
1
1
1
1
1
1
1
1
1
1
1
1
1
1
1
1
1
1
1
1
1
1
1
1
1
1
1
1
1
1
1
1
1
1
1
1
1
1
1
1
1
1
1
1
1
1
1
1
1
1
1
1
1
1
1
1
1
1
1
1
1
1
1
1
1
1
