# Vetor de dados - syn_f000931-3-Pre--front--vetorlinha.txt
# Total de elementos: 768
# Formato: um valor por linha
#==================================================

1
1
1
1
1
1
1
1
1
1
1
1
1
1
1
1
1
1
1
1
1
1
1
1
1
1
1
1
1
1
1
1
1
1
1
1
1
1
1
1
1
1
1
1
1
1
1
1
1
1
1
1
1
1
1
1
1
1
1
1
1
1
1
1
1
1
1
1
1
1
1
1
1
1
1
1
1
1
1
1
1
1
1
1
1
1
1
1
1
1
1
1
1
1
1
1
1
1
1
1
1
1
1
1
1
1
1
1
1
1
1
1
1
1
1
1
1
1
1
1
1
1
1
18
24
28
32
36
38
40
42
44
46
48
48
50
50
52
53
54
56
56
56
58
58
58
60
60
60
60
60
60
60
60
60
60
60
60
60
59
59
60
64
67
67
67
67
67
67
66
66
65
64
64
64
62
62
60
58
58
56
52
49
48
47
47
47
46
45
45
43
42
42
41
42
42
41
41
41
40
40
40
40
40
40
40
40
40
41
43
46
49
53
56
59
63
249
265
281
431
443
455
469
509
515
521
526
530
534
537
535
560
563
563
563
563
561
559
505
486
479
477
473
470
466
462
393
385
376
365
350
338
314
289
276
236
216
196
180
171
164
160
157
154
152
150
148
148
146
146
145
144
143
143
141
141
140
139
138
136
135
133
131
129
127
125
125
123
121
120
119
118
117
116
114
114
112
112
111
110
109
108
107
106
105
104
102
102
100
100
99
98
98
98
98
98
97
97
97
96
96
96
95
95
95
94
94
94
94
94
92
92
92
92
92
91
90
90
90
90
90
90
89
89
89
88
88
87
87
87
86
86
86
86
86
87
88
89
91
93
95
97
99
101
103
105
106
108
109
110
111
113
114
115
116
117
118
118
119
120
120
121
121
121
123
123
123
123
123
124
125
125
125
125
125
125
125
125
126
126
126
126
126
126
126
127
127
127
127
128
128
130
130
130
132
132
132
134
134
134
136
136
136
136
137
137
138
138
139
139
139
140
140
140
140
140
140
140
141
141
141
141
141
141
141
141
141
141
141
141
141
141
141
140
140
139
140
139
139
139
139
139
139
139
139
139
137
137
137
137
137
137
135
135
135
135
134
133
133
132
132
132
131
130
130
130
129
128
128
127
126
126
125
124
124
122
122
120
120
120
118
118
116
116
116
114
114
113
112
112
111
110
110
109
108
108
107
107
107
106
106
105
105
105
106
106
106
105
105
105
105
105
105
105
105
105
105
105
105
105
105
105
105
105
105
105
105
106
107
107
107
107
109
109
109
111
111
111
112
113
113
113
115
115
115
116
117
117
117
118
119
119
119
119
119
120
121
121
121
121
121
121
121
121
121
121
121
121
121
121
121
120
120
119
119
119
119
118
117
117
117
117
116
115
115
115
113
113
113
112
111
111
111
109
109
109
107
107
107
107
105
105
105
103
103
103
103
101
101
101
100
99
99
99
97
97
97
96
95
95
94
93
93
92
92
91
91
91
90
89
89
89
89
89
89
89
89
89
89
90
91
91
91
91
91
90
90
90
90
91
92
92
93
94
94
95
96
97
98
99
100
101
102
104
105
106
106
107
108
108
109
110
109
109
108
108
108
108
107
106
105
103
101
99
95
92
1
1
1
1
1
1
1
1
1
1
1
1
1
1
1
1
1
1
1
1
1
1
1
1
1
1
1
1
1
1
1
1
1
1
1
1
1
1
1
1
1
1
1
1
1
1
1
1
1
1
1
1
1
1
1
1
1
1
1
1
1
1
