# Vetor de dados - syn_f001180-2-Pre--front--vetorcoluna.txt
# Total de elementos: 1024
# Formato: um valor por linha
#==================================================

1
1
1
1
1
1
1
1
1
1
1
1
1
1
1
1
1
1
1
1
1
1
1
1
1
1
1
1
1
1
1
1
1
1
1
1
1
1
1
1
1
1
1
1
1
1
1
1
1
1
1
1
1
1
1
1
1
1
1
1
1
1
1
1
1
1
1
1
1
1
1
1
1
1
1
1
1
1
1
1
1
1
1
1
1
1
1
1
1
1
1
1
1
1
1
1
1
1
1
1
1
1
1
1
1
1
1
1
1
1
1
1
1
1
1
1
1
1
1
1
1
1
1
1
1
1
1
1
1
1
1
1
1
1
1
1
1
1
1
1
1
1
1
1
1
1
1
1
1
1
1
1
1
1
1
1
1
1
1
1
1
1
1
1
1
1
1
1
1
1
1
1
1
1
1
1
1
1
1
1
1
1
1
1
1
1
1
1
1
1
1
1
1
1
1
1
1
1
1
1
1
1
1
1
1
1
1
1
1
1
1
1
1
1
1
1
1
1
1
1
1
1
1
1
1
1
1
1
8
6
8
8
8
8
8
8
8
8
8
8
8
8
8
8
9
9
9
9
12
17
17
18
18
18
18
18
18
18
18
17
17
18
18
18
17
17
17
18
18
19
18
20
20
19
19
20
20
19
19
20
19
18
19
18
17
18
18
17
17
17
17
17
18
18
18
18
18
18
18
18
18
18
19
19
20
20
20
21
21
22
22
22
22
22
22
24
24
24
24
24
25
26
26
26
26
26
27
28
28
28
28
28
28
28
30
30
30
30
30
30
30
30
30
30
31
32
32
32
32
32
32
32
32
32
32
33
33
33
33
32
32
32
32
32
32
32
32
32
31
31
31
31
31
31
30
29
29
29
29
29
29
29
29
29
29
29
29
30
30
30
30
30
30
31
31
32
32
32
32
32
32
32
32
32
32
34
34
34
34
34
34
34
34
34
35
36
36
36
36
36
36
37
38
38
38
39
39
39
40
40
41
42
42
43
44
44
44
45
46
46
47
47
48
50
52
54
56
58
59
61
62
63
65
67
67
69
280
282
285
288
290
293
296
300
380
384
388
392
397
402
408
489
489
489
488
489
490
489
489
488
487
487
489
490
491
491
493
492
493
491
559
491
486
483
478
471
465
458
448
426
423
419
416
411
407
390
361
353
348
343
339
334
327
325
332
336
340
343
345
349
353
357
366
403
409
413
418
458
462
466
471
476
482
486
416
419
485
487
488
489
490
489
489
489
489
488
489
490
489
490
490
489
488
489
489
489
406
401
398
393
390
386
382
377
299
294
290
287
284
281
72
70
68
67
65
63
61
60
59
57
55
54
52
49
47
46
44
43
43
42
41
41
40
39
39
39
38
38
37
36
36
36
36
36
36
35
35
35
35
35
34
34
34
34
34
33
33
33
33
32
31
31
31
31
30
30
30
30
30
30
29
29
29
29
29
28
28
28
28
28
28
28
28
28
28
28
28
28
29
29
29
29
29
29
30
31
31
31
31
32
32
32
32
32
33
33
33
32
32
32
32
32
32
31
32
32
32
32
31
31
31
30
30
30
30
30
29
29
29
29
29
29
29
29
28
28
28
28
28
28
28
28
28
28
28
27
27
27
27
27
27
27
27
27
27
27
27
27
27
26
26
26
26
26
26
26
26
26
26
26
26
26
26
26
26
26
26
26
26
26
26
26
25
25
25
25
24
24
24
24
24
24
23
23
23
23
23
23
23
23
22
22
22
22
22
22
22
22
22
22
22
22
22
22
22
22
1
1
1
1
1
1
1
1
1
1
1
1
1
1
1
1
1
1
1
1
1
1
1
1
1
1
1
1
1
1
1
1
1
1
1
1
1
1
1
1
1
1
1
1
1
1
1
1
1
1
1
1
1
1
1
1
1
1
1
1
1
1
1
1
1
1
1
1
1
1
1
1
1
1
1
1
1
1
1
1
1
1
1
1
1
1
1
1
1
1
1
1
1
1
1
1
1
1
1
1
1
1
1
1
1
1
1
1
1
1
1
1
1
1
1
1
1
1
1
1
1
1
1
1
1
1
1
1
1
1
1
1
1
1
1
1
1
1
1
1
1
1
1
1
1
1
1
1
1
1
1
1
1
1
1
1
1
1
1
1
1
1
1
1
1
1
1
1
1
1
1
1
1
1
1
1
1
1
1
1
1
1
1
1
1
1
1
1
1
1
1
1
1
1
1
1
1
1
1
1
1
1
1
1
1
1
1
1
1
1
1
1
1
1
1
1
1
1
1
1
1
1
1
1
1
1
1
1
1
1
1
1
1
1
1
1
1
1
1
1
1
1
1
1
1
1
1
1
