# Vetor de dados - syn_f004179-2-Pre--front--vetorlinha.txt
# Total de elementos: 768
# Formato: um valor por linha
#==================================================

1
1
1
1
1
1
1
1
1
1
1
1
1
1
1
1
1
1
1
1
1
1
1
1
1
1
1
1
1
1
1
1
1
1
1
1
1
1
1
1
1
1
1
1
1
1
1
1
1
1
1
1
1
1
1
1
1
1
1
1
1
1
1
1
1
1
1
1
1
1
1
1
1
1
1
1
1
1
1
1
1
1
1
1
1
1
1
1
1
1
1
1
1
8
21
25
29
33
37
39
41
43
45
47
49
49
51
52
53
54
56
56
58
58
59
60
60
61
61
62
62
62
62
63
63
63
63
63
62
62
62
62
61
61
61
64
69
69
69
69
69
69
69
69
67
67
67
66
65
65
64
63
61
59
59
57
51
49
48
48
48
47
47
46
45
44
44
42
42
42
42
42
42
42
42
42
42
42
42
42
42
42
42
42
43
43
43
44
45
48
50
53
55
58
61
65
80
260
285
305
314
325
337
383
386
390
393
395
397
399
401
400
469
479
486
493
501
507
513
520
465
465
465
465
465
466
467
468
470
472
473
479
444
437
430
423
417
409
381
378
375
373
371
191
175
166
162
158
155
154
152
150
149
148
147
146
145
144
144
142
141
139
138
137
134
132
130
128
125
123
121
120
119
117
116
115
113
113
111
111
109
109
108
107
105
105
103
102
101
100
99
98
97
97
97
97
97
97
98
97
98
98
98
98
98
98
98
98
97
97
97
97
96
95
95
95
95
94
93
93
93
93
93
93
93
93
93
93
94
94
95
95
96
96
96
96
96
98
98
99
100
100
102
103
105
105
107
109
110
112
113
114
116
118
118
120
120
122
123
124
126
126
126
127
127
128
129
129
129
129
129
130
130
130
130
130
130
130
130
130
130
130
130
131
131
131
131
131
131
131
131
131
131
132
132
132
132
133
133
134
134
134
134
134
135
136
136
136
136
137
138
138
138
138
139
140
140
140
140
140
140
140
141
142
142
142
142
142
142
142
142
142
142
142
143
143
143
142
142
143
143
143
143
143
143
143
143
143
143
142
141
141
141
141
141
141
141
140
140
140
140
140
140
140
139
138
138
138
138
138
137
137
136
136
135
135
133
133
133
132
131
131
130
129
129
129
128
127
127
127
126
125
125
125
123
123
123
123
121
121
121
121
119
119
119
118
117
117
117
116
115
115
114
114
114
113
112
112
112
112
111
111
111
111
110
109
109
109
109
109
109
109
109
109
109
109
109
109
109
109
109
109
109
109
109
109
108
108
109
109
109
109
109
109
110
110
110
110
110
111
111
112
112
112
112
114
114
114
114
114
116
116
116
116
117
118
118
118
119
120
120
120
120
120
120
120
121
121
121
121
121
121
122
121
121
121
121
121
120
120
120
119
119
119
119
119
119
118
118
117
117
117
116
116
115
115
115
115
114
113
113
113
112
111
111
111
110
109
109
109
108
107
107
107
106
106
105
105
105
104
104
103
103
103
102
102
101
101
101
100
100
99
99
98
98
98
97
97
96
96
95
95
95
94
94
94
93
93
93
93
93
93
93
92
92
92
92
93
93
93
93
93
93
92
92
92
92
92
92
92
92
94
94
94
96
96
96
98
98
98
100
100
102
102
104
105
106
107
108
109
109
110
111
111
112
112
112
112
111
111
111
110
111
111
111
109
107
104
104
102
100
94
92
1
1
1
1
1
1
1
1
1
1
1
1
1
1
1
1
1
1
1
1
1
1
1
1
1
1
1
1
1
1
1
1
1
1
1
