# Vetor de dados - syn_f001176-1-Pre--front--vetorlinha.txt
# Total de elementos: 768
# Formato: um valor por linha
#==================================================

1
1
1
1
1
1
1
1
1
1
1
1
1
1
1
1
1
1
1
1
1
1
1
1
1
1
1
1
1
1
1
1
1
1
1
1
1
1
1
1
1
1
1
1
1
1
1
1
1
1
1
1
1
1
1
1
1
1
1
1
1
1
1
1
1
1
1
1
1
1
1
1
1
1
1
1
1
1
1
1
1
1
1
1
1
1
1
1
1
1
1
1
1
1
1
1
1
1
1
1
1
1
1
1
1
1
1
1
1
1
1
1
1
1
1
1
1
1
1
1
1
1
1
1
1
1
1
1
1
8
21
25
29
32
36
38
40
42
44
45
47
48
49
51
51
53
53
55
55
55
57
57
57
57
58
58
58
58
58
58
58
58
58
57
57
57
59
63
64
65
66
65
64
64
64
63
62
62
61
61
59
58
57
55
55
48
47
47
46
45
45
44
43
42
41
41
41
41
41
41
41
41
41
40
40
40
40
40
40
40
40
41
43
45
49
52
55
58
61
65
68
72
76
376
414
433
457
476
505
530
551
566
566
566
564
561
548
536
524
520
522
523
523
522
455
448
371
359
345
332
316
303
268
231
214
202
190
179
168
159
151
146
141
136
133
131
129
127
126
125
124
122
121
119
117
115
113
111
109
107
105
105
103
103
102
101
100
99
99
98
97
97
96
95
95
94
93
93
92
92
92
91
90
90
90
90
88
88
87
87
87
86
85
85
84
84
84
84
84
84
83
83
83
83
84
83
83
83
83
83
83
83
83
83
83
83
83
84
84
84
84
85
85
86
86
86
87
88
88
88
90
90
91
91
92
93
94
94
95
95
97
97
98
100
101
102
103
105
105
107
108
108
109
110
110
111
112
112
113
113
113
115
115
115
116
117
117
117
117
119
119
119
119
120
121
121
121
122
123
123
123
124
125
125
125
126
127
127
128
129
129
130
131
131
132
133
133
133
133
134
135
135
135
135
135
135
135
136
137
137
137
136
136
136
136
136
136
136
136
136
135
135
135
135
134
134
134
134
134
134
133
132
132
132
132
132
132
130
130
130
130
129
128
128
128
128
126
126
126
126
124
124
124
122
122
122
121
120
120
120
118
118
118
117
116
116
116
115
114
114
114
113
112
112
112
111
111
111
110
109
109
109
109
107
107
107
107
107
106
105
105
105
105
105
105
105
105
105
104
104
104
104
104
104
104
104
104
104
104
104
104
102
102
102
102
102
102
102
102
102
102
104
104
104
104
104
104
104
104
105
105
105
105
106
106
107
107
107
107
108
109
109
109
109
109
109
111
111
111
111
111
111
111
111
111
111
111
111
111
111
111
111
111
111
110
110
110
110
109
109
109
109
108
108
107
107
107
107
106
106
105
105
105
104
104
103
103
103
102
102
101
101
100
100
100
100
99
98
98
98
98
98
97
96
96
96
95
94
94
94
93
92
92
92
91
90
90
90
90
88
88
88
88
88
87
86
86
86
86
86
87
87
87
87
87
88
88
89
89
89
89
89
89
89
89
89
90
91
91
92
93
93
95
95
97
97
99
101
101
103
103
104
104
106
106
107
107
107
107
106
106
106
105
104
103
100
98
96
92
89
37
1
1
1
1
1
1
1
1
1
1
1
1
1
1
1
1
1
1
1
1
1
1
1
1
1
1
1
1
1
1
1
1
1
1
1
1
1
1
1
1
1
1
1
1
1
1
1
1
1
1
1
1
1
1
1
1
1
1
1
1
1
1
1
1
1
1
1
