# Vetor de dados - syn_f004522-2-Pre--left--vetorlinha.txt
# Total de elementos: 768
# Formato: um valor por linha
#==================================================

1
1
1
1
1
1
1
1
1
1
1
1
1
1
1
1
1
1
1
1
1
1
1
1
1
1
1
1
1
1
1
1
1
1
1
1
1
1
1
1
1
1
1
1
1
1
1
1
1
1
1
1
1
1
1
1
1
1
1
1
1
1
1
1
1
1
1
1
1
1
1
1
1
1
1
1
1
1
1
1
1
1
1
1
1
1
1
1
1
1
1
1
1
1
1
1
1
1
1
1
1
1
1
1
1
1
1
1
1
1
1
1
1
1
1
1
1
18
26
33
38
42
45
48
51
53
55
57
59
61
62
64
65
67
68
69
69
71
71
72
72
74
74
74
75
74
75
75
75
75
76
76
76
77
77
78
79
80
79
80
81
82
82
82
83
83
82
81
80
78
76
75
75
74
73
73
72
71
69
69
69
68
68
66
66
65
65
65
65
64
63
63
63
61
60
60
58
56
53
51
49
49
48
48
48
48
49
49
50
51
50
51
51
53
53
54
55
55
56
57
57
62
159
167
172
179
186
195
203
213
221
225
228
233
241
249
255
268
277
291
292
292
292
291
289
286
284
275
274
273
255
252
203
200
196
191
186
181
175
168
159
154
148
127
113
108
102
97
98
99
99
100
101
101
102
103
103
103
104
104
105
105
106
106
106
106
106
106
105
105
105
105
105
105
103
103
103
102
100
100
99
98
97
97
96
96
96
96
95
96
96
96
95
95
94
94
93
93
93
93
93
92
92
91
90
90
89
89
89
88
87
86
86
86
85
85
84
84
85
85
84
84
84
84
84
84
85
84
85
86
86
87
87
88
88
89
91
91
92
94
94
95
97
98
99
101
102
104
104
105
106
107
107
108
109
109
110
110
111
111
111
112
112
112
112
113
113
113
113
112
113
113
113
113
113
113
113
113
114
114
113
113
113
113
113
112
112
113
113
112
111
110
110
110
109
108
107
107
107
107
106
107
106
106
106
105
105
105
104
104
103
103
102
101
101
100
99
98
98
97
96
95
94
93
93
92
92
92
92
91
91
91
91
91
91
91
91
91
90
90
90
90
90
90
89
89
89
89
89
89
88
88
88
88
87
87
87
87
87
85
85
85
85
84
84
84
84
84
83
83
83
82
82
81
81
81
81
80
79
79
79
78
78
77
76
76
76
75
74
74
73
73
71
71
71
70
70
68
68
68
67
66
65
65
64
64
64
63
62
62
61
61
61
60
60
60
59
60
60
60
60
60
61
60
61
61
61
60
60
60
60
59
60
59
60
59
59
59
59
58
59
58
59
58
58
57
57
56
57
57
57
57
56
57
56
56
56
56
56
56
56
56
56
57
57
57
57
57
58
58
57
57
57
57
57
58
58
58
58
58
57
57
57
57
57
57
57
56
56
55
55
55
55
54
54
54
53
53
53
53
52
51
51
51
51
51
49
49
49
49
48
48
47
46
46
46
46
45
44
44
44
44
43
43
42
42
42
41
41
41
41
41
41
41
42
42
44
46
47
50
52
55
58
60
63
68
70
73
75
75
78
80
82
84
84
85
85
88
88
88
88
88
88
44
46
47
49
51
53
55
58
60
63
66
69
73
76
78
80
83
86
89
92
94
95
94
92
92
88
87
85
78
65
59
51
44
37
36
1
1
1
1
1
1
1
1
1
1
1
1
1
1
1
1
1
1
1
1
1
1
1
1
1
1
1
1
1
1
1
1
1
1
1
1
1
1
1
1
1
1
1
1
1
1
1
1
1
1
