# Vetor de dados - syn_f001180-2-Pre--left--vetorlinha.txt
# Total de elementos: 768
# Formato: um valor por linha
#==================================================

1
1
1
1
1
1
1
1
1
1
1
1
1
1
1
1
1
1
1
1
1
1
1
1
1
1
1
1
1
1
1
1
1
1
1
1
1
1
1
1
1
1
1
1
1
1
1
1
1
1
1
1
1
1
1
1
1
1
1
1
1
1
1
1
1
1
1
1
1
1
1
1
1
1
1
1
1
1
1
1
1
1
1
1
1
1
1
1
1
1
1
1
1
1
1
1
1
1
1
1
1
1
1
1
1
1
1
1
1
1
1
1
1
1
1
1
1
1
1
1
1
1
1
1
1
1
17
26
32
37
42
44
47
50
53
54
56
58
60
62
64
66
66
67
69
69
70
71
72
72
74
74
74
74
75
75
75
75
75
75
75
76
76
77
78
79
79
79
80
81
82
81
82
82
82
81
80
78
75
74
73
73
72
71
70
70
68
67
67
66
66
65
64
64
63
63
63
63
63
62
62
62
61
61
60
58
54
48
47
46
46
46
46
46
46
46
47
48
48
49
49
49
50
50
54
156
166
178
202
208
212
219
228
236
251
270
271
272
271
270
269
267
264
257
257
253
240
194
190
185
179
174
169
163
156
150
100
94
89
86
87
88
88
89
89
89
91
91
91
91
91
91
91
91
92
92
92
92
92
92
91
91
90
90
90
90
90
88
88
88
87
87
85
85
84
84
83
82
81
81
80
79
78
78
78
77
77
76
76
76
76
75
75
74
74
74
74
74
74
73
73
72
72
72
71
71
70
70
69
69
70
70
69
69
69
69
68
68
68
68
68
67
67
67
67
67
67
68
68
70
70
71
72
72
73
74
76
77
77
78
79
80
81
82
83
84
85
86
87
87
88
90
90
91
91
92
94
94
95
95
95
96
97
97
98
98
98
99
99
100
100
100
100
100
100
101
101
100
100
100
100
100
100
100
100
100
99
99
98
98
97
97
97
95
95
94
93
92
91
91
91
91
90
90
89
89
88
88
88
87
86
85
85
84
84
83
82
82
81
81
81
80
80
79
79
79
79
78
78
78
78
78
78
78
77
77
77
77
77
77
75
75
75
75
75
75
74
74
74
74
73
73
73
73
73
72
71
71
71
70
70
70
70
69
68
68
68
67
66
66
66
65
64
64
63
63
62
62
60
60
60
59
58
58
57
57
57
55
55
54
54
54
53
53
53
52
52
52
52
52
52
52
51
51
51
52
52
52
52
52
52
53
53
53
54
54
54
54
54
55
55
55
55
55
54
55
55
54
55
54
53
53
53
53
52
51
51
51
50
49
49
48
47
47
47
47
47
47
46
45
45
46
45
45
45
46
46
45
45
45
45
46
46
46
45
45
45
45
45
45
45
45
44
44
44
44
44
44
44
43
42
42
42
42
42
41
41
41
40
39
39
39
39
38
38
38
38
36
36
36
36
35
35
35
33
33
33
33
32
32
32
32
31
30
30
30
30
30
30
30
30
30
31
31
31
31
32
33
33
34
35
36
37
39
41
44
46
50
52
55
57
61
65
69
71
73
75
76
78
80
81
80
81
81
80
80
72
46
48
50
52
56
60
65
69
71
74
78
80
81
83
85
85
86
84
83
83
81
79
70
57
51
48
47
43
33
1
1
1
1
1
1
1
1
1
1
1
1
1
1
1
1
1
1
1
1
1
1
1
1
1
1
1
1
1
1
1
1
1
1
1
1
1
1
1
1
1
1
1
1
1
1
1
1
1
1
1
1
1
1
1
1
1
1
1
1
1
1
