# Vetor de dados - syn_f001130-0-Pre--front--vetorlinha.txt
# Total de elementos: 768
# Formato: um valor por linha
#==================================================

1
1
1
1
1
1
1
1
1
1
1
1
1
1
1
1
1
1
1
1
1
1
1
1
1
1
1
1
1
1
1
1
1
1
1
1
1
1
1
1
1
1
1
1
1
1
1
1
1
1
1
1
1
1
1
1
1
1
1
1
1
1
1
1
1
1
1
1
1
1
1
1
1
1
1
1
1
1
1
1
1
1
1
1
1
1
1
1
1
1
1
1
1
1
1
1
1
1
1
1
1
1
1
1
1
1
1
1
1
1
1
1
1
1
1
1
1
1
1
1
1
1
1
1
1
1
1
1
1
1
1
1
1
1
1
1
1
1
1
1
1
1
12
22
26
30
34
37
39
41
43
46
48
48
50
52
52
54
55
56
57
58
58
59
60
60
60
61
62
62
62
62
62
62
62
62
61
61
60
60
64
68
69
70
70
70
69
68
68
68
67
66
66
64
64
62
61
60
59
54
49
49
49
49
48
47
47
47
46
46
46
46
46
46
46
46
46
46
45
45
44
44
44
44
45
45
46
47
49
248
258
269
310
312
320
322
329
359
439
436
437
441
450
462
476
480
484
487
445
447
452
460
469
465
462
458
455
450
445
424
418
414
410
407
403
328
312
300
292
281
269
257
248
216
204
192
174
153
144
141
139
138
137
135
135
133
132
132
130
130
129
128
127
127
125
125
125
124
123
123
123
123
123
123
123
123
122
122
122
122
121
120
120
119
118
117
116
114
113
112
112
112
112
113
113
113
113
113
113
113
113
113
113
112
112
112
112
112
112
112
111
111
111
111
111
111
111
111
111
111
111
111
111
111
112
113
113
113
113
114
115
115
116
116
117
118
118
118
119
119
120
121
122
123
124
126
127
129
130
131
133
134
135
136
137
138
139
141
141
141
143
143
144
145
146
146
146
146
147
147
147
148
148
148
148
147
148
147
147
147
147
147
147
147
147
148
148
148
149
149
149
149
149
150
151
151
151
152
152
152
153
153
154
153
153
153
153
153
153
153
153
153
153
153
153
151
151
151
151
149
149
149
148
148
147
146
146
146
145
144
144
144
143
142
142
142
140
140
140
140
138
138
138
137
136
136
136
134
134
134
132
132
131
131
130
129
129
127
127
127
125
125
125
123
123
123
122
121
121
120
119
119
119
118
117
117
117
115
115
115
115
113
113
113
113
111
111
111
111
110
109
109
109
108
107
107
107
106
106
106
105
105
105
104
104
104
104
102
102
102
102
101
101
101
101
101
101
101
101
101
101
102
102
102
103
103
104
104
104
105
105
106
106
107
107
107
107
108
107
108
108
108
108
108
108
108
108
108
107
106
106
106
106
106
106
106
106
104
104
104
104
104
104
104
102
102
102
102
102
101
100
100
100
100
100
100
98
98
98
98
98
96
96
96
96
95
94
94
94
93
92
92
92
90
90
90
90
89
88
88
87
87
87
87
87
87
87
87
87
87
88
88
88
89
90
90
90
90
90
90
90
90
90
91
92
92
92
94
94
95
97
98
99
101
102
103
105
105
105
107
107
108
108
108
108
107
106
106
105
103
101
99
97
93
41
1
1
1
1
1
1
1
1
1
1
1
1
1
1
1
1
1
1
1
1
1
1
1
1
1
1
1
1
1
1
1
1
1
1
1
1
1
1
1
1
1
1
1
1
1
1
1
1
1
1
1
1
1
1
1
1
1
1
1
1
1
1
1
1
1
1
1
1
1
1
1
1
1
1
1
1
1
1
1
1
1
1
1
