# Vetor de dados - syn_f001555-1-Pre--front--vetorcoluna.txt
# Total de elementos: 1024
# Formato: um valor por linha
#==================================================

1
1
1
1
1
1
1
1
1
1
1
1
1
1
1
1
1
1
1
1
1
1
1
1
1
1
1
1
1
1
1
1
1
1
1
1
1
1
1
1
1
1
1
1
1
1
1
1
1
1
1
1
1
1
1
1
1
1
1
1
1
1
1
1
1
1
1
1
1
1
1
1
1
1
1
1
1
1
1
1
1
1
1
1
1
1
1
1
1
1
1
1
1
1
1
1
1
1
1
1
1
1
1
1
1
1
1
1
1
1
1
1
1
1
1
1
1
1
1
1
1
1
1
1
1
1
1
1
1
1
1
1
1
1
1
1
1
1
1
1
1
1
1
1
1
1
1
1
1
1
1
1
1
1
1
1
1
1
1
1
1
1
1
1
1
1
1
1
1
1
1
1
1
1
1
1
1
1
1
1
1
1
1
1
1
1
1
1
1
1
1
1
1
1
1
1
1
1
1
1
1
1
1
1
1
1
1
1
1
1
1
1
1
1
1
1
1
1
1
1
1
1
1
1
1
1
1
1
1
1
1
1
1
1
1
1
1
1
1
1
1
1
1
1
1
30
30
30
30
30
30
30
1
1
1
1
1
1
1
1
1
1
30
31
31
31
31
31
31
31
31
31
32
1
1
1
1
1
1
1
1
1
1
1
1
1
1
1
1
1
1
1
1
1
1
1
1
32
32
32
32
32
31
32
31
31
31
31
31
31
31
31
31
31
31
31
31
31
32
32
32
32
32
32
32
32
32
32
32
32
32
32
32
32
32
32
32
33
33
33
33
33
33
33
33
34
34
34
34
34
34
35
35
35
35
35
35
34
34
34
35
35
35
34
34
34
34
34
33
33
33
33
33
33
34
34
34
34
34
34
35
35
35
35
34
35
35
35
35
35
36
36
36
36
36
36
37
37
37
37
37
37
38
37
37
37
37
37
37
38
38
38
38
38
38
38
38
38
39
39
39
39
40
40
40
40
41
41
41
41
42
42
42
44
44
45
46
46
47
49
50
52
54
56
57
59
61
62
63
65
66
68
70
72
289
292
295
300
308
400
406
409
414
419
424
429
496
497
498
498
498
499
500
501
501
501
500
499
499
500
502
502
502
504
504
504
503
502
498
462
521
515
509
505
501
496
492
486
452
444
442
438
437
434
433
430
426
418
402
384
377
374
380
390
397
402
413
425
428
432
434
435
437
439
442
485
491
495
500
506
513
516
519
521
524
584
585
505
505
504
504
503
502
502
500
501
501
502
502
502
501
501
500
501
500
498
497
434
429
425
420
415
411
406
400
303
298
293
290
69
66
64
62
61
60
59
59
58
56
55
54
53
51
49
48
48
47
47
46
46
46
44
44
44
43
43
42
42
42
42
41
41
41
41
40
40
40
41
40
40
40
40
40
39
39
39
39
39
39
38
38
38
38
38
37
37
37
37
37
37
37
36
36
36
36
36
36
36
35
34
34
34
34
34
33
33
33
33
33
33
33
33
34
33
34
34
34
34
34
34
34
34
34
34
34
34
34
34
34
34
34
34
34
34
34
34
34
34
34
33
33
33
33
33
33
33
32
32
32
32
32
31
31
31
30
30
29
29
29
29
29
28
28
28
28
27
26
26
26
26
26
25
25
24
24
24
23
23
23
23
23
23
22
21
21
21
21
21
21
21
21
19
19
19
19
19
20
20
18
19
19
19
20
20
20
19
20
21
20
21
20
21
21
20
21
21
21
20
20
20
19
19
19
19
18
18
18
19
20
20
20
21
21
21
21
22
22
22
21
21
21
20
13
13
13
13
13
13
13
13
13
13
14
14
14
14
14
14
14
14
13
13
12
1
1
1
1
1
1
1
1
1
1
1
1
1
1
1
1
1
1
1
1
1
1
1
1
1
1
1
1
1
1
1
1
1
1
1
1
1
1
1
1
1
1
1
1
1
1
1
1
1
1
1
1
1
1
1
1
1
1
1
1
1
1
1
1
1
1
1
1
1
1
1
1
1
1
1
1
1
1
1
1
1
1
1
1
1
1
1
1
1
1
1
1
1
1
1
1
1
1
1
1
1
1
1
1
1
1
1
1
1
1
1
1
1
1
1
1
1
1
1
1
1
1
1
1
1
1
1
1
1
1
1
1
1
1
1
1
1
1
1
1
1
1
1
1
1
1
1
1
1
1
1
1
1
1
1
1
1
1
1
1
1
1
1
1
1
1
1
1
1
1
1
1
1
1
1
1
1
1
1
1
1
1
1
1
1
1
1
1
1
1
1
1
1
1
1
1
1
1
1
1
1
1
1
1
1
1
1
1
1
1
1
1
1
1
1
1
1
1
1
1
1
