# Vetor de dados - syn_f002484-0-Pre--front--vetorlinha.txt
# Total de elementos: 768
# Formato: um valor por linha
#==================================================

1
1
1
1
1
1
1
1
1
1
1
1
1
1
1
1
1
1
1
1
1
1
1
1
1
1
1
1
1
1
1
1
1
1
1
1
1
1
1
1
1
1
1
1
1
1
1
1
1
1
1
1
1
1
1
1
1
1
1
1
1
1
1
1
1
1
1
1
1
1
1
1
1
1
1
1
1
1
1
1
1
1
1
1
1
1
1
1
1
1
1
1
1
1
1
1
1
1
1
1
1
1
1
1
1
1
1
1
1
1
1
1
1
1
1
1
1
1
1
1
1
1
1
1
1
1
1
1
1
1
1
1
1
1
1
1
1
1
1
1
1
1
1
1
1
1
1
1
1
1
16
23
27
31
35
37
39
41
43
45
47
49
49
51
53
53
55
56
57
57
58
59
59
59
60
61
61
61
61
61
61
61
61
61
61
60
59
59
63
67
68
69
69
68
68
68
67
66
66
66
65
64
64
63
61
60
59
59
55
51
51
50
50
49
48
47
47
46
45
45
45
45
45
45
45
45
45
45
45
45
44
44
44
44
45
48
52
55
60
64
69
105
129
263
299
306
313
322
333
370
378
431
439
443
447
449
451
445
448
459
465
468
471
474
477
418
417
417
414
415
417
414
417
407
398
392
386
379
370
327
321
320
189
137
134
133
131
129
128
126
124
122
120
118
117
115
114
114
112
112
112
112
111
111
111
111
111
111
111
111
111
110
109
109
109
108
107
107
107
107
107
106
105
104
103
102
100
99
97
97
96
96
96
95
95
95
95
95
95
94
95
95
95
95
95
95
96
97
97
99
99
100
101
102
103
103
103
104
104
104
104
104
105
105
105
105
105
107
107
107
107
108
109
109
110
111
111
112
113
113
113
115
115
115
117
117
117
119
119
119
121
121
121
121
122
122
123
123
123
123
123
123
123
123
123
123
123
123
123
123
123
123
123
123
124
124
124
124
124
125
125
125
125
126
126
127
127
127
127
127
127
127
127
127
127
127
127
128
127
128
127
127
127
127
126
126
126
126
126
126
126
126
125
125
125
124
124
124
123
123
123
123
123
122
122
121
121
121
121
121
121
121
120
119
119
119
119
119
119
117
117
117
117
117
116
115
115
115
115
114
113
113
113
112
111
111
111
110
109
109
109
109
107
107
107
107
105
105
105
105
103
103
103
103
103
102
102
101
101
101
101
101
100
100
100
99
99
99
99
98
98
98
97
97
97
96
96
96
96
96
96
96
96
96
96
97
98
98
98
98
99
99
99
99
100
100
101
101
101
101
101
101
101
101
101
101
101
101
101
101
101
101
100
100
100
99
99
99
99
99
99
99
98
98
98
97
97
97
97
97
96
96
96
95
95
94
94
94
94
94
93
92
92
92
92
92
90
90
90
90
90
90
88
88
88
88
87
86
86
86
86
85
85
84
84
83
83
83
83
83
83
83
83
84
84
84
84
84
85
85
86
86
86
85
85
85
85
85
85
86
86
88
88
88
89
90
91
92
94
95
96
98
98
98
98
99
100
100
100
100
99
99
100
100
99
97
94
91
88
83
37
1
1
1
1
1
1
1
1
1
1
1
1
1
1
1
1
1
1
1
1
1
1
1
1
1
1
1
1
1
1
1
1
1
1
1
1
1
1
1
1
1
1
1
1
1
1
1
1
1
1
1
1
1
1
1
1
1
1
1
1
1
1
1
1
1
1
1
1
1
1
1
1
1
1
1
1
1
1
1
1
1
1
1
1
1
1
1
