# Vetor de dados - syn_f003339-2-Pre--left--vetorlinha.txt
# Total de elementos: 768
# Formato: um valor por linha
#==================================================

1
1
1
1
1
1
1
1
1
1
1
1
1
1
1
1
1
1
1
1
1
1
1
1
1
1
1
1
1
1
1
1
1
1
1
1
1
1
1
1
1
1
1
1
1
1
1
1
1
1
1
1
1
1
1
1
1
1
1
1
1
1
1
1
1
1
1
1
1
1
1
1
1
1
1
1
1
1
1
1
1
1
1
1
1
1
1
1
1
1
1
1
1
1
1
1
1
1
1
1
1
1
1
1
1
1
1
1
1
1
1
1
1
1
1
1
1
1
1
1
1
1
1
1
1
1
1
1
1
1
1
13
24
30
35
39
43
46
48
51
53
55
57
59
61
63
64
65
66
67
68
69
69
70
71
72
72
72
73
73
73
73
73
73
73
73
73
73
73
74
74
74
74
75
75
76
77
78
77
78
78
77
77
75
73
72
70
69
69
69
68
68
66
66
65
65
65
65
64
63
63
63
62
62
62
62
62
61
60
60
59
58
57
54
50
47
48
47
48
47
48
49
50
51
52
52
52
53
53
54
57
61
69
78
88
97
109
148
154
163
170
178
185
196
204
211
218
223
227
232
238
244
250
256
264
271
278
290
293
293
292
293
291
288
286
276
275
193
187
180
171
95
94
95
95
96
96
96
96
96
96
96
96
96
96
96
95
95
95
95
95
94
94
93
93
93
92
91
91
90
90
88
88
87
86
84
84
83
83
83
83
84
84
84
84
84
84
84
85
84
84
83
83
84
83
83
82
82
81
81
81
80
80
80
80
79
79
78
78
78
78
78
77
77
77
77
76
76
76
76
76
76
76
78
78
79
80
81
81
83
83
84
85
86
86
87
88
89
89
90
91
91
92
92
93
94
94
95
95
96
95
96
96
96
97
96
96
97
97
96
96
97
97
97
96
97
97
97
96
96
96
95
95
95
94
94
94
93
93
92
92
91
91
89
89
88
88
87
87
87
87
87
87
86
86
87
86
86
85
84
84
83
82
82
81
80
79
78
77
76
76
77
77
77
76
76
76
76
76
76
76
77
77
77
77
77
77
77
77
78
78
78
78
78
77
77
77
77
77
77
76
76
76
75
74
74
74
74
74
73
73
73
72
72
71
71
71
70
69
69
69
69
67
67
67
67
65
65
65
65
63
63
62
62
61
60
60
60
59
58
58
57
57
55
55
55
54
54
53
53
54
53
53
53
52
52
52
52
51
52
52
52
53
53
54
53
54
55
55
56
56
56
56
56
55
56
56
56
55
55
55
54
55
54
53
54
53
52
52
52
51
51
50
50
49
50
50
50
50
49
49
49
49
49
49
49
49
49
49
49
48
48
47
47
47
48
48
48
48
48
48
47
47
47
47
47
47
47
46
45
45
45
45
45
44
44
43
43
43
43
42
41
41
41
41
40
39
39
39
38
37
37
37
36
36
35
35
35
34
34
34
34
33
32
32
32
32
32
33
33
33
33
34
35
36
37
38
40
43
44
46
48
51
53
55
58
59
62
66
70
72
75
76
78
78
79
80
81
81
82
82
82
82
74
54
57
60
63
66
69
72
74
78
81
82
84
86
86
87
86
84
82
79
68
58
53
49
45
42
39
1
1
1
1
1
1
1
1
1
1
1
1
1
1
1
1
1
1
1
1
1
1
1
1
1
1
1
1
1
1
1
1
1
1
1
1
1
1
1
1
1
1
1
1
1
1
1
1
1
1
1
1
1
1
1
1
1
1
1
1
1
1
1
1
1
1
1
1
