# Vetor de dados - syn_f000289-2-Pre--left--vetorlinha.txt
# Total de elementos: 768
# Formato: um valor por linha
#==================================================

1
1
1
1
1
1
1
1
1
1
1
1
1
1
1
1
1
1
1
1
1
1
1
1
1
1
1
1
1
1
1
1
1
1
1
1
1
1
1
1
1
1
1
1
1
1
1
1
1
1
1
1
1
1
1
1
1
1
1
1
1
1
1
1
1
1
1
1
1
1
1
1
1
1
1
1
1
1
1
1
1
1
1
1
1
1
1
1
1
1
1
1
1
1
1
1
1
1
1
1
1
1
1
1
1
1
1
1
1
1
1
1
1
1
1
1
1
1
1
1
1
1
1
20
27
33
38
42
45
48
51
53
55
57
59
62
63
65
66
68
68
70
71
71
72
73
74
75
75
76
76
76
76
76
76
76
77
77
77
77
77
78
78
78
79
80
81
81
81
82
83
83
83
82
81
80
77
75
74
73
73
72
71
70
69
68
68
68
67
66
65
65
65
65
65
65
65
64
64
64
63
62
62
60
58
55
53
51
50
50
50
50
50
51
51
51
52
53
54
53
54
55
56
57
57
57
58
58
62
65
69
76
82
89
97
105
149
155
162
167
172
177
181
186
190
195
201
206
210
216
220
224
228
232
234
238
241
244
248
253
258
262
265
270
277
282
286
291
301
303
303
302
300
299
295
292
102
102
102
103
103
103
103
102
102
102
102
102
102
103
102
102
102
102
102
101
100
100
99
99
99
98
97
98
97
98
97
97
97
97
97
96
96
95
95
96
96
94
94
94
93
93
92
92
91
90
90
91
90
90
90
89
89
89
89
88
87
87
87
86
86
86
86
85
84
84
84
84
83
83
83
83
83
83
84
85
86
86
88
89
90
91
92
93
94
94
95
97
97
98
99
100
101
101
102
102
104
104
105
105
106
107
108
108
109
109
109
109
109
110
110
111
111
111
111
111
111
111
111
111
111
111
111
111
111
111
110
110
109
109
109
109
108
107
107
107
106
105
104
104
103
102
102
100
99
97
96
95
94
94
93
93
92
92
91
90
90
89
88
88
87
86
86
85
85
85
85
85
85
85
85
85
85
85
85
85
84
84
84
84
84
84
84
84
83
83
83
83
83
82
82
82
82
82
82
81
81
81
81
80
80
80
79
79
78
78
78
78
78
77
76
76
76
76
76
75
74
74
74
74
73
72
72
72
72
71
70
70
69
69
69
68
67
67
66
66
66
65
64
64
63
63
63
63
62
61
61
61
61
61
61
59
59
59
59
59
59
58
58
58
58
59
58
59
59
60
60
59
60
59
60
59
59
59
59
58
59
58
58
58
58
58
58
57
57
56
56
56
55
55
54
55
55
54
54
54
54
54
53
53
53
53
53
53
53
52
52
52
53
53
53
52
52
53
53
53
53
52
52
52
52
52
52
51
51
51
51
51
50
49
49
49
49
48
48
48
47
47
46
46
46
46
44
44
44
44
43
43
42
41
41
41
40
40
39
39
39
38
38
38
38
37
37
37
37
37
37
37
38
38
38
39
40
41
42
45
46
48
52
54
58
60
66
70
71
73
75
77
78
79
80
82
83
84
84
85
84
84
43
45
47
48
51
54
58
63
67
73
76
79
82
84
85
87
90
89
89
87
86
84
83
82
79
73
65
58
52
45
39
32
1
1
1
1
1
1
1
1
1
1
1
1
1
1
1
1
1
1
1
1
1
1
1
1
1
1
1
1
1
1
1
1
1
1
1
1
1
1
1
1
1
1
1
1
1
1
1
1
1
1
1
1
1
1
1
1
1
1
