# Vetor de dados - syn_f000738-2-Pre--left--vetorlinha.txt
# Total de elementos: 768
# Formato: um valor por linha
#==================================================

1
1
1
1
1
1
1
1
1
1
1
1
1
1
1
1
1
1
1
1
1
1
1
1
1
1
1
1
1
1
1
1
1
1
1
1
1
1
1
1
1
1
1
1
1
1
1
1
1
1
1
1
1
1
1
1
1
1
1
1
1
1
1
1
1
1
1
1
1
1
1
1
1
1
1
1
1
1
1
1
1
1
1
1
1
1
1
1
1
1
1
1
1
1
1
1
1
1
1
1
1
1
1
1
1
1
1
1
1
1
1
1
1
1
1
1
1
1
1
1
1
1
14
24
31
36
39
43
47
50
52
54
56
58
60
61
63
65
66
67
68
69
69
71
71
72
72
73
73
73
73
73
74
74
74
75
75
75
75
74
75
75
75
75
75
76
77
76
77
77
78
78
77
78
77
77
76
74
73
69
68
67
67
66
65
65
64
65
64
64
63
63
63
63
63
63
63
64
63
63
62
60
59
56
54
51
50
50
50
50
51
50
51
52
52
53
55
54
55
55
56
57
56
58
61
66
71
80
99
113
153
161
167
172
177
182
188
195
203
215
223
227
231
234
238
243
247
254
258
262
269
277
282
288
300
300
300
300
299
297
293
291
282
280
192
184
115
110
104
104
105
105
106
106
107
107
107
107
108
108
108
108
108
108
108
107
107
107
107
107
107
107
106
106
106
106
104
104
103
102
102
101
100
99
99
99
98
98
98
97
97
98
97
97
97
96
96
95
95
94
94
93
93
93
92
92
92
91
91
90
90
90
89
89
89
89
88
88
88
88
87
87
86
86
86
85
85
85
86
85
85
86
87
88
88
89
90
91
92
93
93
94
95
95
97
98
98
99
100
101
101
102
103
104
104
105
106
106
107
107
107
108
109
109
110
110
110
110
111
111
112
112
111
111
112
112
112
112
111
111
111
111
110
110
110
109
109
108
108
107
106
106
105
103
103
102
101
99
99
98
97
97
96
96
95
95
94
93
92
91
90
89
89
88
87
86
85
84
84
84
84
84
84
84
84
84
84
84
84
84
83
83
83
83
82
82
82
82
82
82
82
82
81
81
81
81
80
80
80
80
80
79
79
79
79
78
78
78
78
76
76
76
76
75
75
75
74
73
73
73
72
72
72
70
70
70
70
69
69
67
67
67
66
66
66
65
64
64
63
63
62
62
62
60
60
59
59
59
58
58
57
57
56
56
56
56
55
55
55
55
54
54
54
53
53
53
53
52
52
52
51
51
51
52
51
51
51
51
50
51
50
51
50
50
49
50
49
48
49
48
48
47
47
47
47
47
46
46
46
46
46
46
46
46
47
47
47
47
48
48
48
48
49
49
48
48
48
48
48
49
49
49
49
49
49
49
49
49
49
48
48
48
48
48
47
46
46
46
46
46
46
44
44
44
44
44
43
42
42
42
42
41
40
40
40
40
39
38
38
38
38
37
37
36
36
36
36
36
35
35
35
35
35
36
36
35
35
36
36
37
37
38
39
39
40
42
44
45
48
50
52
55
59
64
68
69
70
71
73
76
78
79
79
81
83
86
85
85
85
85
45
46
48
52
54
57
62
65
68
71
73
77
80
82
85
87
88
86
85
85
83
82
78
73
65
59
54
49
43
38
32
1
1
1
1
1
1
1
1
1
1
1
1
1
1
1
1
1
1
1
1
1
1
1
1
1
1
1
1
1
1
1
1
1
1
1
1
1
1
1
1
1
1
1
1
1
1
1
1
1
1
1
1
1
1
1
1
1
