# Vetor de dados - syn_f000289-2-Pre--front--vetorlinha.txt
# Total de elementos: 768
# Formato: um valor por linha
#==================================================

1
1
1
1
1
1
1
1
1
1
1
1
1
1
1
1
1
1
1
1
1
1
1
1
1
1
1
1
1
1
1
1
1
1
1
1
1
1
1
1
1
1
1
1
1
1
1
1
1
1
1
1
1
1
1
1
1
1
1
1
1
1
1
1
1
1
1
1
1
1
1
1
1
1
1
1
1
1
1
1
1
1
1
1
1
1
1
1
1
1
1
1
1
1
1
1
1
1
1
1
1
1
1
1
1
1
1
1
1
1
1
1
1
1
1
1
1
1
1
1
1
1
1
10
22
26
30
34
37
39
41
43
45
47
49
50
52
52
54
55
56
58
58
58
60
60
60
62
62
62
62
62
62
62
62
62
62
62
62
62
62
62
63
68
69
70
70
70
69
69
69
69
67
67
67
66
65
64
63
62
61
60
56
53
53
53
52
51
51
50
49
48
47
46
45
45
44
44
44
44
44
43
43
43
43
44
45
45
46
48
52
55
59
63
67
70
79
248
297
435
448
465
481
495
508
545
551
558
566
582
601
599
589
581
578
579
579
576
561
553
555
494
490
486
482
477
407
397
386
373
361
351
339
322
296
285
260
242
228
214
190
177
170
166
163
159
157
156
153
153
151
150
149
148
148
146
146
144
143
142
141
139
138
137
136
135
133
132
131
130
129
127
127
126
125
124
123
123
121
121
121
119
119
118
118
116
114
113
112
112
112
111
112
112
112
112
112
112
112
112
111
111
111
111
111
111
111
111
111
111
111
111
111
111
111
111
111
111
111
112
113
113
113
113
113
113
113
112
112
111
111
110
110
110
109
109
109
109
109
110
111
112
112
114
114
116
116
118
118
120
121
122
122
122
124
124
124
125
126
126
126
126
128
128
128
128
128
129
129
130
130
130
130
130
130
130
130
131
131
132
132
132
132
133
134
134
134
135
135
135
135
137
137
137
138
139
140
140
140
142
142
142
143
143
143
143
144
144
145
145
145
145
145
145
146
146
145
145
145
145
144
144
144
144
144
144
144
144
143
142
142
142
142
142
142
142
141
141
140
140
140
140
140
140
140
139
139
139
138
138
137
137
137
136
136
135
135
135
134
133
133
133
132
131
131
131
130
129
129
128
128
127
127
126
126
125
124
123
122
122
121
120
120
119
119
118
118
118
117
117
117
117
116
116
115
115
115
115
115
115
114
113
113
113
113
113
113
113
113
112
112
112
111
111
111
111
111
111
111
111
109
109
109
109
109
109
109
109
109
110
110
110
110
111
111
111
111
111
111
111
112
112
112
112
113
113
113
114
114
114
114
114
114
114
114
115
115
115
115
115
116
116
116
115
115
114
114
114
114
114
114
113
113
113
112
112
111
111
111
110
109
109
109
109
109
107
107
107
106
105
105
105
104
103
103
102
101
101
101
100
100
99
99
99
98
98
97
97
96
96
96
95
95
94
94
94
93
93
92
92
92
92
92
92
91
90
90
90
90
90
91
91
91
92
92
93
93
94
95
95
95
95
96
96
96
96
96
96
96
96
97
97
97
99
99
99
101
101
103
104
106
106
108
109
110
111
112
113
113
115
115
115
116
116
115
115
115
114
113
111
110
108
106
104
100
97
43
1
1
1
1
1
1
1
1
1
1
1
1
1
1
1
1
1
1
1
1
1
1
1
1
1
1
1
1
1
1
1
1
1
1
1
1
1
1
1
1
1
1
1
1
1
1
1
1
1
1
1
1
1
1
1
1
1
1
1
1
1
