# Vetor de dados - syn_f000115-1-Pre--left--vetorlinha.txt
# Total de elementos: 768
# Formato: um valor por linha
#==================================================

1
1
1
1
1
1
1
1
1
1
1
1
1
1
1
1
1
1
1
1
1
1
1
1
1
1
1
1
1
1
1
1
1
1
1
1
1
1
1
1
1
1
1
1
1
1
1
1
1
1
1
1
1
1
1
1
1
1
1
1
1
1
1
1
1
1
1
1
1
1
1
1
1
1
1
1
1
1
1
1
1
1
1
1
1
1
1
1
1
1
1
1
1
1
1
1
1
1
1
1
1
1
1
1
1
1
1
1
1
1
1
1
1
1
1
1
1
1
1
1
1
1
1
1
14
23
30
35
39
42
45
47
50
52
54
56
58
59
61
63
63
65
65
67
67
67
68
69
70
70
70
70
71
71
71
71
71
71
71
72
72
72
73
74
74
74
75
76
76
77
76
77
76
75
74
72
70
69
68
68
67
66
65
64
64
64
63
61
61
60
60
60
59
59
59
58
57
56
56
51
46
45
44
44
43
43
43
43
44
43
44
43
43
44
44
45
45
46
47
47
47
48
49
48
50
53
59
64
73
141
148
154
160
166
170
175
182
191
199
210
217
223
228
233
241
247
252
261
269
275
287
288
288
288
287
285
282
279
271
179
162
71
71
72
72
72
72
73
73
74
74
73
74
74
74
73
74
74
74
73
73
73
73
72
72
72
72
71
71
71
70
69
69
67
66
66
66
66
66
67
66
66
66
66
66
67
67
67
66
66
65
66
65
65
65
65
65
64
64
64
63
63
63
63
63
62
62
62
62
62
63
63
62
62
63
63
64
64
64
65
65
66
65
66
66
67
66
68
68
69
70
70
70
71
71
72
72
73
73
73
74
74
75
76
75
75
75
76
76
76
76
76
77
76
76
76
77
77
77
77
77
77
77
77
78
77
77
77
77
77
77
77
76
76
76
75
75
75
75
74
74
74
74
74
75
75
75
76
76
77
77
77
77
78
78
78
78
78
78
79
78
78
78
78
77
77
76
75
75
74
74
73
73
72
71
71
70
70
70
70
69
69
69
69
69
69
69
69
68
68
68
68
68
68
68
68
68
68
68
68
67
67
67
67
66
66
65
65
65
65
65
65
64
64
64
64
64
63
63
63
63
63
62
62
62
62
62
61
61
61
61
60
60
59
59
58
58
58
58
57
56
56
56
56
55
55
55
54
54
53
52
52
52
52
51
51
51
50
50
50
49
48
48
49
49
49
49
49
49
49
49
48
49
48
49
49
49
50
50
50
51
51
50
51
50
51
51
50
51
50
51
50
49
50
49
49
49
49
48
48
48
47
47
46
47
46
46
46
45
45
46
46
46
46
46
46
46
46
45
46
46
46
46
46
46
46
46
46
46
46
46
45
45
45
45
45
45
45
44
44
44
44
44
44
43
43
43
43
43
43
41
41
41
41
41
40
40
40
40
39
39
38
38
38
37
37
37
37
37
37
36
36
36
36
36
36
36
35
35
35
35
35
35
35
34
34
35
35
36
36
37
37
38
39
40
42
44
46
47
49
52
54
55
58
59
63
66
69
71
74
77
78
79
82
83
83
83
83
83
75
64
56
60
62
65
69
72
77
81
84
87
87
87
87
86
83
82
82
79
65
51
45
40
34
28
1
1
1
1
1
1
1
1
1
1
1
1
1
1
1
1
1
1
1
1
1
1
1
1
1
1
1
1
1
1
1
1
1
1
1
1
1
1
1
1
1
1
1
1
1
1
1
1
1
1
1
1
1
1
1
1
1
1
1
1
1
1
1
