# Vetor de dados - syn_f003875-3-Pre--front--vetorlinha.txt
# Total de elementos: 768
# Formato: um valor por linha
#==================================================

1
1
1
1
1
1
1
1
1
1
1
1
1
1
1
1
1
1
1
1
1
1
1
1
1
1
1
1
1
1
1
1
1
1
1
1
1
1
1
1
1
1
1
1
1
1
1
1
1
1
1
1
1
1
1
1
1
1
1
1
1
1
1
1
1
1
1
1
1
1
1
1
1
1
1
1
1
1
1
1
1
1
1
1
1
1
1
1
1
1
1
1
1
1
1
1
1
1
1
1
1
1
1
1
1
1
1
1
1
1
1
1
1
1
1
1
1
1
1
1
1
1
1
1
18
24
28
32
35
38
40
41
43
45
47
49
49
51
52
53
55
55
56
57
57
58
59
59
60
60
61
61
61
61
61
61
61
61
61
61
60
60
60
64
68
69
69
69
69
69
68
68
67
67
66
66
65
65
63
63
61
60
59
57
52
50
50
49
48
48
47
47
47
46
46
46
46
46
46
47
47
47
47
47
47
47
48
49
51
54
58
63
65
69
71
237
251
261
271
286
299
382
386
390
393
397
400
401
397
397
398
424
435
442
447
452
456
457
409
410
409
411
412
414
415
415
415
413
412
409
405
405
403
400
392
389
389
392
394
395
400
395
386
381
378
375
372
349
349
164
162
160
158
157
157
155
154
154
153
152
151
150
148
147
146
145
143
142
141
140
139
138
137
137
136
136
134
134
134
132
132
130
130
129
128
127
126
124
123
122
121
119
117
115
113
112
112
110
110
110
110
109
109
109
109
109
109
109
108
108
108
107
107
108
108
108
108
108
108
107
107
107
107
107
107
106
106
106
104
104
104
103
103
102
103
106
107
110
113
115
117
119
121
123
124
125
126
128
129
130
131
132
132
134
134
134
136
136
136
136
136
137
138
138
138
138
138
138
138
138
138
138
138
138
136
136
136
136
135
135
134
133
133
133
133
132
132
132
131
131
131
130
130
129
130
129
130
130
130
130
130
131
132
132
132
133
134
134
134
135
136
136
136
137
137
138
138
138
139
139
139
140
141
141
141
141
141
141
141
141
141
141
141
141
141
141
141
141
141
141
141
141
141
141
141
141
141
140
140
140
140
140
140
140
140
140
139
138
138
138
138
137
137
137
136
136
134
134
134
132
132
132
130
130
130
129
128
128
128
126
126
126
124
124
124
122
122
121
120
119
118
117
117
115
115
115
114
113
113
112
111
111
110
109
109
109
108
107
107
107
106
105
105
105
105
104
104
104
104
104
104
104
102
102
102
102
102
102
102
102
102
102
102
103
103
103
104
105
105
105
106
107
107
108
108
109
109
110
110
111
111
112
112
113
113
113
113
114
115
115
115
115
115
115
115
115
115
115
115
115
115
115
115
114
113
113
113
113
113
112
111
111
111
111
110
109
109
109
109
108
107
107
107
106
105
105
105
104
104
103
103
102
102
101
101
101
100
100
99
99
98
98
97
97
96
96
95
95
95
94
93
93
93
92
91
91
91
91
91
90
89
89
89
89
89
89
90
91
91
91
91
91
91
91
91
91
91
91
91
91
91
92
93
93
93
95
95
96
97
98
99
100
101
103
104
105
107
108
109
110
110
112
112
112
112
112
111
110
110
108
105
104
103
100
95
87
39
1
1
1
1
1
1
1
1
1
1
1
1
1
1
1
1
1
1
1
1
1
1
1
1
1
1
1
1
1
1
1
1
1
1
1
1
1
1
1
1
1
1
1
1
1
1
1
1
1
1
1
1
1
1
1
1
1
1
1
1
1
