# Vetor de dados - syn_f000382-2-Pre--front--vetorlinha.txt
# Total de elementos: 768
# Formato: um valor por linha
#==================================================

1
1
1
1
1
1
1
1
1
1
1
1
1
1
1
1
1
1
1
1
1
1
1
1
1
1
1
1
1
1
1
1
1
1
1
1
1
1
1
1
1
1
1
1
1
1
1
1
1
1
1
1
1
1
1
1
1
1
1
1
1
1
1
1
1
1
1
1
1
1
1
1
1
1
1
1
1
1
1
1
1
1
1
1
1
1
1
1
1
1
1
1
1
1
1
1
1
1
1
1
1
1
1
1
1
1
1
1
1
1
1
1
1
1
1
1
1
1
1
1
1
1
8
21
25
29
33
37
39
41
43
45
47
48
50
50
52
54
54
56
56
58
58
58
60
60
60
61
61
62
62
62
62
62
62
62
62
61
61
60
60
60
63
67
68
68
68
68
68
68
67
66
66
65
65
64
63
62
60
59
58
58
53
51
51
51
51
50
49
49
48
47
46
45
43
42
41
41
41
41
41
41
41
41
41
41
41
40
40
40
41
41
43
46
50
238
254
263
272
323
328
484
493
502
513
516
513
509
512
522
542
557
557
556
555
554
495
489
471
460
460
457
453
449
443
436
369
358
341
321
310
300
286
267
236
225
212
199
189
182
171
154
150
147
145
144
143
142
142
141
140
140
139
137
137
136
134
134
132
131
129
127
126
125
123
122
121
121
120
119
119
118
117
117
116
115
114
113
112
112
111
110
109
108
106
106
105
105
104
104
103
103
103
103
102
102
101
101
101
101
100
99
99
99
98
97
97
96
96
96
95
94
94
93
92
92
91
91
91
91
91
91
91
91
91
91
92
92
92
93
93
93
95
95
95
96
97
97
97
97
99
99
99
100
101
101
102
103
104
105
106
108
109
109
111
111
113
113
114
115
116
116
117
118
118
118
118
119
119
119
119
120
121
121
121
121
121
121
121
122
122
122
123
123
123
124
124
124
125
125
125
126
127
127
127
128
129
129
130
131
131
131
132
133
133
133
133
133
134
135
135
135
135
135
136
136
136
137
137
137
137
137
137
136
136
136
136
136
135
135
135
135
135
134
133
133
133
133
133
132
132
131
131
131
131
130
130
129
129
129
128
128
128
127
127
127
126
126
125
125
125
125
125
125
125
123
123
123
123
121
121
121
120
120
119
119
117
117
116
115
115
113
113
112
111
111
111
109
109
109
108
107
107
107
106
105
105
105
105
104
104
104
104
104
104
104
104
104
103
103
103
103
103
102
102
102
102
101
101
101
101
101
101
101
101
101
101
101
101
101
102
102
103
103
103
104
105
105
105
105
106
107
107
108
108
109
109
109
110
110
111
110
111
111
111
111
111
112
112
112
112
112
112
112
112
111
110
110
110
110
110
110
110
110
109
108
108
108
108
108
107
107
106
106
106
106
105
104
104
104
103
103
102
102
102
101
101
101
100
100
99
99
98
98
97
97
97
96
96
95
95
94
94
93
93
93
93
92
91
91
91
90
89
89
89
89
89
88
87
87
87
87
87
88
89
89
89
90
91
91
90
90
90
90
90
90
90
90
90
90
90
92
92
92
94
94
95
95
97
98
99
100
102
104
104
104
105
106
106
107
108
108
107
106
106
105
105
104
104
102
100
95
93
91
87
84
35
1
1
1
1
1
1
1
1
1
1
1
1
1
1
1
1
1
1
1
1
1
1
1
1
1
1
1
1
1
1
1
1
1
1
1
1
1
1
1
1
1
1
1
1
1
1
1
1
1
1
1
1
1
1
1
1
1
1
1
1
1
