# Vetor de dados - syn_f001097-0-Pre--left--vetorlinha.txt
# Total de elementos: 768
# Formato: um valor por linha
#==================================================

1
1
1
1
1
1
1
1
1
1
1
1
1
1
1
1
1
1
1
1
1
1
1
1
1
1
1
1
1
1
1
1
1
1
1
1
1
1
1
1
1
1
1
1
1
1
1
1
1
1
1
1
1
1
1
1
1
1
1
1
1
1
1
1
1
1
1
1
1
1
1
1
1
1
1
1
1
1
1
1
1
1
1
1
1
1
1
1
1
1
1
1
1
1
1
1
1
1
1
1
1
1
1
1
1
1
1
1
1
1
1
1
1
1
1
1
1
1
18
28
34
38
42
46
49
52
54
56
58
60
63
64
66
67
69
70
71
72
73
74
75
75
77
77
77
77
77
78
78
78
78
78
79
79
79
79
79
79
79
80
80
80
81
82
82
83
83
83
83
82
81
80
78
76
75
74
73
73
72
71
70
69
69
68
68
67
65
65
65
65
65
65
65
65
64
63
61
59
56
53
51
50
49
49
48
47
48
47
47
47
48
48
48
48
48
49
50
51
53
54
55
59
67
158
167
175
184
207
225
231
236
244
252
259
270
281
297
299
299
298
299
297
294
292
290
283
282
279
261
207
201
194
187
180
174
166
160
156
152
145
110
102
97
99
100
101
101
102
101
102
102
103
103
103
104
104
104
104
104
105
104
104
103
103
103
103
103
103
102
101
101
101
100
100
99
97
97
96
95
94
93
93
92
93
92
93
93
93
93
93
94
94
94
94
95
95
95
94
95
95
95
94
94
95
94
94
94
95
94
94
95
95
95
95
94
94
95
95
95
95
95
94
94
94
94
93
93
93
93
93
94
94
94
94
94
95
96
97
98
99
100
101
101
101
101
103
103
103
103
104
104
104
105
105
105
105
106
106
106
107
107
106
107
107
107
107
107
107
107
107
106
107
107
106
106
106
106
106
106
106
105
105
105
106
105
105
105
105
104
104
104
104
103
103
103
102
102
101
101
100
100
99
99
98
96
95
95
95
95
95
94
94
94
94
94
93
93
93
93
93
93
92
92
91
91
90
89
89
89
88
87
87
86
85
85
84
83
82
82
81
81
80
79
79
78
78
78
76
76
76
75
74
73
73
72
72
72
71
71
71
70
70
70
69
69
69
68
68
68
67
67
66
66
66
65
65
65
64
64
63
63
63
61
62
61
60
60
60
59
59
59
58
58
58
56
56
56
55
55
55
54
53
53
53
53
53
52
52
52
52
51
51
51
51
51
51
51
51
51
53
52
52
53
53
53
53
53
53
53
54
53
53
54
53
53
53
53
53
53
52
53
53
52
53
53
52
52
51
50
50
49
50
49
49
49
48
48
48
47
47
47
46
46
45
45
45
44
44
45
45
45
45
45
44
44
44
44
44
44
44
43
43
43
43
43
43
43
42
42
42
42
42
42
41
40
40
40
40
40
39
39
38
38
38
38
37
37
37
36
36
36
36
36
36
36
36
35
35
35
35
35
35
35
35
35
35
34
34
34
34
34
34
34
34
34
35
36
36
38
40
41
42
45
47
50
53
56
65
68
70
71
72
73
76
77
78
79
80
82
82
83
82
82
82
42
44
45
48
51
54
58
62
65
71
74
76
79
81
83
85
88
90
89
87
87
84
83
78
69
63
55
49
40
34
29
1
1
1
1
1
1
1
1
1
1
1
1
1
1
1
1
1
1
1
1
1
1
1
1
1
1
1
1
1
1
1
1
1
1
1
1
1
1
1
1
1
1
1
1
1
1
1
1
1
1
1
1
1
