# Vetor de dados - syn_f003885-0-Pre--left--vetorlinha.txt
# Total de elementos: 768
# Formato: um valor por linha
#==================================================

1
1
1
1
1
1
1
1
1
1
1
1
1
1
1
1
1
1
1
1
1
1
1
1
1
1
1
1
1
1
1
1
1
1
1
1
1
1
1
1
1
1
1
1
1
1
1
1
1
1
1
1
1
1
1
1
1
1
1
1
1
1
1
1
1
1
1
1
1
1
1
1
1
1
1
1
1
1
1
1
1
1
1
1
1
1
1
1
1
1
1
1
1
1
1
1
1
1
1
1
1
1
1
1
1
1
1
1
1
1
1
1
1
1
1
1
1
1
1
1
1
5
21
30
35
39
44
48
51
53
55
57
59
61
64
66
67
68
69
70
71
72
74
74
75
75
77
77
77
78
78
78
78
78
78
78
78
78
78
78
78
78
78
78
79
79
79
80
80
81
81
81
81
82
81
81
79
78
75
73
72
71
70
70
69
68
67
67
66
67
67
66
65
65
64
64
64
64
65
65
65
64
64
63
62
46
45
45
45
45
45
45
45
46
45
45
46
46
46
46
47
47
48
216
222
230
246
268
288
288
288
288
288
286
283
282
275
273
272
269
255
254
238
200
196
191
187
182
178
174
169
163
159
153
147
102
96
91
86
81
80
80
81
82
83
83
85
86
86
87
88
87
88
89
89
90
90
91
90
91
91
92
92
92
92
92
92
92
93
92
92
92
91
91
91
91
90
89
89
88
88
86
86
85
85
83
82
81
80
79
78
78
77
77
78
78
78
77
77
78
78
79
78
78
79
79
78
78
78
78
78
78
78
77
77
76
76
76
76
76
76
75
75
75
74
74
74
73
73
74
74
74
74
74
75
75
76
77
78
79
79
80
81
81
81
82
83
83
84
84
85
86
87
87
87
88
88
89
89
90
90
91
91
92
91
92
92
93
93
94
93
94
94
95
95
95
95
95
96
96
96
96
96
96
95
95
95
96
95
95
95
94
94
93
92
91
91
91
91
90
90
90
90
90
90
89
89
88
88
87
87
86
85
85
85
84
83
82
81
80
81
80
80
79
79
79
78
78
78
77
77
77
76
76
76
75
75
75
75
73
73
73
72
72
72
72
71
71
70
70
70
70
70
68
68
68
68
68
67
67
67
66
66
66
66
65
65
65
65
64
65
64
65
64
64
64
64
63
63
63
63
62
62
62
62
61
61
61
61
61
59
59
59
59
58
58
58
58
58
57
57
57
57
57
56
56
56
56
56
56
56
56
56
56
55
55
55
56
56
56
56
57
57
58
58
59
59
58
59
58
59
58
58
58
57
57
56
56
55
54
55
54
53
52
51
51
51
50
50
49
49
48
48
48
48
47
47
47
48
48
48
48
49
48
48
48
48
48
48
47
48
48
48
48
48
48
48
47
47
46
46
46
46
46
46
45
45
45
45
45
44
44
43
43
43
43
42
42
42
41
41
41
41
40
40
40
40
40
40
39
38
38
38
38
38
38
38
38
38
38
38
38
38
38
38
38
38
38
39
39
39
40
40
40
41
41
42
43
46
48
52
56
59
62
64
67
68
72
75
77
80
82
84
86
88
88
88
89
88
88
88
59
62
65
69
73
75
79
83
87
90
91
92
92
91
90
89
86
85
83
81
68
57
49
43
40
1
1
1
1
1
1
1
1
1
1
1
1
1
1
1
1
1
1
1
1
1
1
1
1
1
1
1
1
1
1
1
1
1
1
1
1
1
1
1
1
1
1
1
1
1
1
1
1
1
1
1
1
1
1
1
1
1
1
1
1
1
1
