# Vetor de dados - syn_f000337-3-Pre--front--vetorcoluna.txt
# Total de elementos: 1024
# Formato: um valor por linha
#==================================================

1
1
1
1
1
1
1
1
1
1
1
1
1
1
1
1
1
1
1
1
1
1
1
1
1
1
1
1
1
1
1
1
1
1
1
1
1
1
1
1
1
1
1
1
1
1
1
1
1
1
1
1
1
1
1
1
1
1
1
1
1
1
1
1
1
1
1
1
1
1
1
1
1
1
1
1
1
1
1
1
1
1
1
1
1
1
1
1
1
1
1
1
1
1
1
1
1
1
1
1
1
1
1
1
1
1
1
1
1
1
1
1
1
1
1
1
1
1
1
1
1
1
1
1
1
1
1
1
1
1
1
1
1
1
1
1
1
1
1
1
1
1
1
1
1
1
1
1
1
1
1
1
1
1
1
1
1
1
1
1
1
1
1
1
1
1
1
1
1
1
1
1
1
1
1
1
1
1
1
1
1
1
1
1
1
1
1
1
1
1
1
1
1
1
1
1
1
1
1
1
1
1
1
1
1
1
1
1
1
1
1
1
1
1
1
1
1
1
1
1
1
1
1
1
1
1
1
1
1
1
1
1
1
1
1
1
1
1
1
1
1
1
1
1
1
1
1
1
1
1
1
1
1
1
12
13
13
14
14
14
16
16
16
16
16
16
16
16
16
16
16
16
16
16
20
23
24
24
24
25
25
25
24
24
24
24
24
24
24
23
23
23
24
24
24
24
24
24
24
23
23
23
23
22
22
21
21
20
20
20
20
20
20
20
20
20
20
20
20
20
21
21
21
22
22
22
23
23
23
24
24
25
25
25
26
26
26
28
28
28
28
29
29
30
31
31
31
31
32
32
32
33
33
33
34
34
34
34
34
34
34
34
34
34
34
34
34
34
34
34
34
34
34
34
34
34
33
33
33
33
33
33
32
32
32
32
32
32
32
32
32
32
32
32
32
32
32
33
33
33
33
33
34
34
34
34
34
34
34
34
34
34
34
34
34
34
35
35
35
35
35
35
35
35
35
35
35
35
35
35
35
35
35
35
35
36
36
36
37
37
38
39
40
44
50
52
54
56
58
61
64
66
68
71
74
76
78
79
249
251
253
255
257
259
261
347
350
353
355
358
361
364
367
425
426
427
427
428
429
429
430
430
430
429
429
430
432
433
433
502
504
506
443
440
438
436
434
431
428
424
421
382
379
376
370
353
344
335
329
323
307
295
323
328
332
337
345
372
378
381
425
428
431
434
436
439
442
445
447
449
510
509
508
506
505
433
433
431
431
432
432
432
431
431
430
429
428
427
426
373
369
365
362
359
357
354
352
267
264
262
260
257
255
253
251
77
75
72
70
68
65
61
57
54
53
51
50
45
43
42
41
40
39
38
38
38
38
37
37
37
37
37
37
37
37
37
37
37
37
37
36
36
36
36
36
36
36
35
35
35
35
35
35
35
34
34
34
34
34
34
34
33
33
33
33
33
33
33
32
32
32
32
32
32
32
32
32
33
33
33
33
33
33
34
34
34
34
34
34
34
36
36
36
36
36
36
36
36
36
36
36
36
36
36
35
35
35
35
35
35
35
34
33
33
33
33
33
31
31
31
31
31
31
30
30
30
30
29
29
29
28
28
28
27
27
27
26
26
26
25
25
25
24
24
24
24
23
23
23
23
23
23
23
23
23
23
23
24
24
25
25
26
26
26
26
26
26
26
26
26
26
26
26
26
26
26
26
27
27
27
27
28
28
28
28
28
28
27
26
20
20
20
20
20
20
20
20
20
20
20
20
20
20
20
1
1
1
1
1
1
1
1
1
1
1
1
1
1
1
1
1
1
1
1
1
1
1
1
1
1
1
1
1
1
1
1
1
1
1
1
1
1
1
1
1
1
1
1
1
1
1
1
1
1
1
1
1
1
1
1
1
1
1
1
1
1
1
1
1
1
1
1
1
1
1
1
1
1
1
1
1
1
1
1
1
1
1
1
1
1
1
1
1
1
1
1
1
1
1
1
1
1
1
1
1
1
1
1
1
1
1
1
1
1
1
1
1
1
1
1
1
1
1
1
1
1
1
1
1
1
1
1
1
1
1
1
1
1
1
1
1
1
1
1
1
1
1
1
1
1
1
1
1
1
1
1
1
1
1
1
1
1
1
1
1
1
1
1
1
1
1
1
1
1
1
1
1
1
1
1
1
1
1
1
1
1
1
1
1
1
1
1
1
1
1
1
1
1
1
1
1
1
1
1
1
1
1
1
1
1
1
1
1
1
1
1
1
1
1
1
1
1
1
1
1
1
1
1
1
1
1
1
1
1
1
1
1
1
1
1
1
1
1
1
1
1
1
1
1
1
1
1
1
1
1
1
1
1
1
1
1
1
1
1
