# Vetor de dados - syn_f001994-0-Pre--front--vetorlinha.txt
# Total de elementos: 768
# Formato: um valor por linha
#==================================================

1
1
1
1
1
1
1
1
1
1
1
1
1
1
1
1
1
1
1
1
1
1
1
1
1
1
1
1
1
1
1
1
1
1
1
1
1
1
1
1
1
1
1
1
1
1
1
1
1
1
1
1
1
1
1
1
1
1
1
1
1
1
1
1
1
1
1
1
1
1
1
1
1
1
1
1
1
1
1
1
1
1
1
1
1
1
1
1
1
1
1
1
1
1
1
1
1
1
1
1
1
1
1
1
1
1
1
1
17
24
28
32
35
38
40
42
44
46
48
48
50
50
52
53
54
55
56
57
57
58
59
59
60
60
60
60
61
61
61
61
61
60
60
60
60
59
59
61
65
67
68
68
68
68
67
66
66
66
64
64
64
62
62
61
59
58
57
54
53
50
50
49
49
48
47
47
46
44
43
41
41
41
41
41
41
41
41
41
41
41
41
41
41
42
42
43
46
50
56
60
65
71
79
109
126
137
148
159
169
179
188
282
294
306
317
331
429
442
459
475
487
508
532
539
545
565
568
571
574
575
563
562
570
579
589
604
605
526
518
510
503
493
479
455
452
420
412
405
279
267
257
224
211
177
166
161
157
153
152
150
148
147
145
143
141
140
138
136
133
130
128
126
124
124
122
121
120
120
119
118
118
118
118
117
116
116
116
116
115
115
114
114
114
112
112
111
110
109
108
106
106
106
105
105
105
105
105
105
105
104
104
104
104
104
104
104
105
106
106
107
107
107
108
109
109
111
111
111
112
112
112
112
113
114
114
114
114
114
114
114
114
114
115
115
117
117
119
119
121
122
123
124
126
127
127
128
130
130
131
132
133
134
135
135
136
137
137
138
139
139
140
141
141
141
141
141
141
141
142
142
142
142
142
142
142
142
142
142
142
142
142
142
143
143
143
143
143
143
143
143
143
145
145
145
145
145
146
146
147
147
147
148
148
148
148
148
147
147
147
147
147
147
147
147
147
147
147
147
145
145
145
145
145
145
144
144
143
143
143
143
142
142
141
141
141
140
140
140
139
139
139
138
138
138
137
137
136
136
135
135
135
134
134
133
133
132
132
131
131
130
130
130
128
128
128
127
127
126
126
126
125
125
124
124
124
123
123
123
122
122
121
121
121
120
119
119
119
119
118
118
118
117
117
117
116
116
116
116
115
115
115
114
114
114
114
114
114
113
113
113
113
113
113
113
113
113
113
113
113
113
113
113
113
113
112
112
112
112
112
112
112
112
112
111
111
111
111
111
111
111
111
111
111
111
111
113
113
113
113
113
113
113
114
114
115
115
115
115
115
115
115
115
115
115
115
115
115
115
115
115
115
115
115
115
115
115
115
115
115
115
115
113
113
113
113
113
113
113
113
112
111
111
111
111
111
111
110
109
109
109
109
109
108
107
107
107
107
107
107
105
105
105
105
105
104
103
103
103
103
103
102
101
101
101
101
101
100
100
99
99
99
99
98
98
97
97
97
97
97
96
96
95
95
95
95
95
95
95
95
95
95
95
95
95
96
96
96
97
97
98
98
98
98
99
99
99
99
99
99
99
99
99
100
101
101
102
102
103
103
104
106
106
108
108
110
112
112
114
114
116
116
117
118
118
119
119
119
120
120
119
119
119
118
116
113
111
108
103
47
46
1
1
1
1
1
1
1
1
1
1
1
1
1
1
1
1
1
1
1
1
1
1
1
1
1
1
1
1
1
1
1
1
1
1
1
1
1
1
1
1
1
1
1
1
1
1
1
1
