# Vetor de dados - syn_f001121-2-Pre--left--vetorlinha.txt
# Total de elementos: 768
# Formato: um valor por linha
#==================================================

1
1
1
1
1
1
1
1
1
1
1
1
1
1
1
1
1
1
1
1
1
1
1
1
1
1
1
1
1
1
1
1
1
1
1
1
1
1
1
1
1
1
1
1
1
1
1
1
1
1
1
1
1
1
1
1
1
1
1
1
1
1
1
1
1
1
1
1
1
1
1
1
1
1
1
1
1
1
1
1
1
1
1
1
1
1
1
1
1
1
1
1
1
1
1
1
1
1
1
1
1
1
1
1
1
1
1
1
1
1
1
1
1
1
1
1
1
1
1
1
1
1
1
1
1
1
1
1
1
1
1
1
1
1
1
1
1
1
1
1
1
13
24
30
35
40
44
47
50
52
54
56
58
60
61
63
65
66
67
68
69
70
70
72
72
72
74
74
74
74
75
75
75
75
75
75
75
75
76
76
76
76
77
77
78
78
78
78
79
78
77
76
74
71
70
69
68
67
66
65
65
64
64
62
62
62
61
61
60
60
61
60
59
57
55
52
50
48
47
46
46
45
46
45
45
45
45
44
45
44
45
45
45
45
45
45
46
47
48
48
49
159
167
178
192
203
210
218
230
245
258
267
267
267
267
265
263
261
255
253
252
235
227
193
189
185
180
173
163
155
146
138
128
101
95
91
85
83
84
85
86
87
87
88
88
89
90
90
89
89
90
90
90
90
90
90
90
89
89
89
89
89
89
88
88
88
88
88
87
87
86
86
86
84
84
83
82
81
81
79
78
79
79
80
79
79
80
80
80
80
81
81
80
80
79
79
79
78
78
77
77
76
76
76
76
75
74
74
74
74
73
73
73
73
72
72
72
72
71
70
71
72
72
72
74
74
75
76
76
77
78
78
79
80
80
81
80
81
81
82
82
83
83
82
83
83
84
84
84
86
86
86
87
87
87
88
88
89
89
89
90
90
90
90
90
90
90
90
90
90
90
90
89
89
89
88
88
88
87
86
86
84
84
83
82
81
80
78
79
79
79
79
78
78
77
77
76
75
75
75
74
73
72
72
71
71
71
70
70
70
70
69
69
69
69
69
69
69
69
69
69
69
69
69
69
69
69
69
68
68
68
68
68
68
68
68
68
67
67
66
66
66
66
66
66
66
65
64
64
64
64
64
63
63
62
62
61
61
61
61
60
60
59
58
58
58
58
56
56
56
55
55
55
53
53
53
52
52
52
51
51
51
51
50
50
50
50
49
49
49
50
50
51
50
51
52
52
53
53
53
53
54
53
54
53
54
54
54
54
54
54
53
53
53
52
52
52
51
51
51
51
50
49
49
49
49
48
48
48
48
48
47
46
46
46
47
47
47
47
47
47
47
47
47
48
48
47
47
47
47
47
47
47
47
46
46
46
45
45
45
45
44
44
43
43
43
43
43
41
41
41
41
40
40
40
39
38
38
37
37
37
36
36
35
35
34
34
34
34
33
34
34
35
35
34
35
35
36
37
37
37
38
40
41
43
45
48
50
52
55
57
60
64
66
69
72
73
76
78
79
80
80
80
80
74
63
50
52
55
58
61
65
68
70
73
75
77
77
79
81
80
79
78
76
75
63
54
48
43
42
39
1
1
1
1
1
1
1
1
1
1
1
1
1
1
1
1
1
1
1
1
1
1
1
1
1
1
1
1
1
1
1
1
1
1
1
1
1
1
1
1
1
1
1
1
1
1
1
1
1
1
1
1
1
1
1
1
1
1
1
1
1
1
1
1
1
1
1
1
1
1
1
1
1
1
1
1
1
