# Vetor de dados - syn_f000005-3-Pre--front--vetorcoluna.txt
# Total de elementos: 1024
# Formato: um valor por linha
#==================================================

1
1
1
1
1
1
1
1
1
1
1
1
1
1
1
1
1
1
1
1
1
1
1
1
1
1
1
1
1
1
1
1
1
1
1
1
1
1
1
1
1
1
1
1
1
1
1
1
1
1
1
1
1
1
1
1
1
1
1
1
1
1
1
1
1
1
1
1
1
1
1
1
1
1
1
1
1
1
1
1
1
1
1
1
1
1
1
1
1
1
1
1
1
1
1
1
1
1
1
1
1
1
1
1
1
1
1
1
1
1
1
1
1
1
1
1
1
1
1
1
1
1
1
1
1
1
1
1
1
1
1
1
1
1
1
1
1
1
1
1
1
1
1
1
1
1
1
1
1
1
1
1
1
1
1
1
1
1
1
1
1
1
1
1
1
1
1
1
1
1
1
1
1
1
1
1
1
1
1
1
1
1
1
1
1
1
1
1
1
1
1
1
1
1
1
1
1
1
1
1
1
1
1
1
1
1
1
1
1
1
1
1
1
1
1
1
1
1
1
1
1
1
1
1
1
1
1
1
6
8
8
8
8
8
8
8
8
8
8
8
8
8
8
9
9
9
9
9
9
9
16
16
17
17
17
18
19
18
18
18
18
18
17
18
18
18
17
17
18
18
19
19
20
20
19
19
20
20
19
19
20
20
19
18
17
18
18
17
17
17
17
17
17
17
17
17
17
17
17
18
19
19
19
19
19
20
21
21
22
22
22
22
23
23
23
23
24
25
25
25
25
26
26
26
26
28
28
28
28
28
29
29
29
29
29
29
30
31
31
31
31
31
31
31
31
31
32
32
32
32
32
33
33
33
33
33
33
33
33
33
33
33
33
32
32
32
32
32
32
32
31
31
31
31
30
30
30
29
28
28
28
27
27
27
27
28
27
27
27
27
27
27
27
28
28
28
28
28
28
29
29
29
29
29
29
29
29
29
29
29
29
29
29
29
29
30
30
30
30
30
30
30
30
30
31
31
31
31
31
32
32
32
33
34
34
34
36
36
37
37
39
39
40
42
45
48
52
56
59
61
63
66
70
72
74
285
289
292
295
299
394
398
402
406
409
415
419
487
488
488
488
487
487
489
490
490
490
489
488
488
489
490
490
491
491
491
491
490
454
424
420
414
482
479
474
468
461
427
423
419
416
413
410
370
354
346
339
331
322
313
307
306
307
313
330
336
342
347
352
357
367
404
409
411
414
415
461
466
470
476
482
486
491
497
498
425
427
429
487
488
489
488
487
487
487
486
486
485
486
487
486
486
486
485
485
484
483
420
416
412
408
403
400
396
393
389
298
294
290
287
285
282
71
66
62
59
57
56
54
50
45
43
41
40
39
38
37
37
35
35
34
34
33
32
32
31
31
31
31
31
30
30
30
30
30
30
30
30
30
29
29
29
29
29
29
29
29
29
29
29
29
29
28
28
28
28
28
28
28
28
28
28
27
27
27
27
27
27
28
28
28
28
28
29
29
29
29
30
30
30
30
31
31
32
32
32
33
33
33
33
33
33
33
33
33
33
33
33
32
32
32
32
32
32
32
32
32
32
32
31
31
31
31
31
30
30
30
29
29
29
29
29
28
28
28
27
27
27
26
26
26
26
26
25
25
25
24
24
24
23
23
23
23
22
22
21
21
21
21
21
20
19
19
19
18
18
18
18
17
17
17
17
17
17
17
16
16
17
17
18
17
18
19
19
20
18
19
19
20
20
18
18
18
18
18
17
17
18
18
18
18
18
19
18
18
19
19
19
20
18
20
18
17
17
9
9
9
9
9
9
9
9
8
8
8
8
8
8
8
8
8
8
8
8
8
5
1
1
1
1
1
1
1
1
1
1
1
1
1
1
1
1
1
1
1
1
1
1
1
1
1
1
1
1
1
1
1
1
1
1
1
1
1
1
1
1
1
1
1
1
1
1
1
1
1
1
1
1
1
1
1
1
1
1
1
1
1
1
1
1
1
1
1
1
1
1
1
1
1
1
1
1
1
1
1
1
1
1
1
1
1
1
1
1
1
1
1
1
1
1
1
1
1
1
1
1
1
1
1
1
1
1
1
1
1
1
1
1
1
1
1
1
1
1
1
1
1
1
1
1
1
1
1
1
1
1
1
1
1
1
1
1
1
1
1
1
1
1
1
1
1
1
1
1
1
1
1
1
1
1
1
1
1
1
1
1
1
1
1
1
1
1
1
1
1
1
1
1
1
1
1
1
1
1
1
1
1
1
1
1
1
1
1
1
1
1
1
1
1
1
1
1
1
1
1
1
1
1
1
1
1
1
1
1
1
1
1
1
1
1
1
1
1
1
1
1
1
1
1
1
1
1
1
1
