# Vetor de dados - syn_f002007-0-Pre--front--vetorlinha.txt
# Total de elementos: 768
# Formato: um valor por linha
#==================================================

1
1
1
1
1
1
1
1
1
1
1
1
1
1
1
1
1
1
1
1
1
1
1
1
1
1
1
1
1
1
1
1
1
1
1
1
1
1
1
1
1
1
1
1
1
1
1
1
1
1
1
1
1
1
1
1
1
1
1
1
1
1
1
1
1
1
1
1
1
1
1
1
1
1
1
1
1
1
1
1
1
1
1
1
1
1
1
1
1
1
1
1
1
1
1
1
1
1
1
1
1
1
1
1
1
1
1
1
1
1
1
1
1
1
1
1
1
1
1
1
8
19
24
28
32
36
38
40
42
44
46
48
49
50
52
53
54
55
56
57
57
58
59
59
60
61
61
61
61
62
62
62
61
61
61
61
61
61
61
60
62
67
68
69
69
69
68
68
68
67
66
66
66
64
64
63
61
60
59
59
55
51
51
51
50
49
49
49
47
47
45
45
43
44
44
44
44
44
43
43
43
43
43
43
43
43
43
45
46
49
53
57
63
67
74
80
84
89
95
122
167
274
287
381
405
420
431
443
457
482
498
531
538
543
549
555
572
587
584
568
564
567
566
565
557
541
478
473
468
462
454
373
359
344
330
312
296
274
255
238
225
214
201
178
169
163
158
155
152
149
147
145
144
142
140
138
136
134
132
131
130
129
128
128
127
127
127
128
128
128
128
128
127
127
127
127
126
126
126
125
125
125
124
123
123
123
121
121
120
119
118
117
117
116
115
114
114
112
112
113
113
113
113
113
113
113
113
113
113
113
113
113
113
113
113
113
114
114
115
116
116
116
116
118
118
118
118
119
119
119
119
119
120
120
120
121
121
122
123
124
126
126
128
130
132
132
134
135
136
137
138
138
139
140
140
140
142
142
142
142
143
144
144
144
144
145
145
145
145
146
146
146
147
147
147
147
147
147
147
147
147
147
147
147
147
147
147
147
147
147
147
147
147
147
147
147
147
147
148
148
149
149
149
149
149
149
149
149
149
149
149
149
148
148
148
148
148
148
148
148
148
148
148
148
147
146
146
146
146
146
146
146
146
145
144
144
144
144
144
142
142
142
142
142
142
140
140
140
140
139
138
138
138
137
137
136
136
136
135
134
134
134
134
134
132
132
132
132
132
131
130
130
130
130
128
128
128
128
126
126
126
124
124
123
122
122
121
120
120
120
119
119
118
118
118
117
117
117
116
116
116
116
116
116
116
116
115
115
115
115
115
115
115
115
115
115
115
115
113
113
113
113
113
113
112
112
112
111
111
111
111
112
112
112
112
112
112
112
114
114
114
114
114
114
114
115
115
115
115
115
115
115
115
116
115
115
115
115
115
116
117
116
116
116
115
115
115
115
115
115
115
114
114
113
113
113
113
113
112
112
111
111
111
111
110
110
109
109
109
109
108
108
107
107
107
106
106
106
105
105
104
104
104
104
103
102
102
102
102
101
100
100
100
99
98
98
98
97
97
96
96
96
95
95
94
94
94
94
94
94
93
93
93
93
93
93
94
94
95
96
96
96
96
96
96
96
96
96
95
95
95
95
97
97
97
97
98
99
99
100
101
102
103
105
107
107
109
110
110
112
112
114
115
115
115
115
116
115
115
114
114
113
110
107
104
100
96
43
39
1
1
1
1
1
1
1
1
1
1
1
1
1
1
1
1
1
1
1
1
1
1
1
1
1
1
1
1
1
1
1
1
1
1
1
1
1
1
1
1
1
1
1
1
1
1
1
1
1
1
1
1
1
1
1
1
1
1
1
