# Vetor de dados - syn_f002988-2-Pre--left--vetorlinha.txt
# Total de elementos: 768
# Formato: um valor por linha
#==================================================

1
1
1
1
1
1
1
1
1
1
1
1
1
1
1
1
1
1
1
1
1
1
1
1
1
1
1
1
1
1
1
1
1
1
1
1
1
1
1
1
1
1
1
1
1
1
1
1
1
1
1
1
1
1
1
1
1
1
1
1
1
1
1
1
1
1
1
1
1
1
1
1
1
1
1
1
1
1
1
1
1
1
1
1
1
1
1
1
1
1
1
1
1
1
1
1
1
1
1
1
1
1
1
1
1
1
1
1
1
1
1
1
1
1
1
1
1
1
1
1
1
1
1
1
1
1
1
1
1
1
1
1
1
1
8
22
29
35
40
43
47
50
53
55
57
59
61
63
65
67
68
68
70
72
72
73
74
75
75
76
76
76
76
77
78
78
78
78
78
78
78
79
79
78
79
79
80
81
80
81
82
82
82
83
82
81
80
79
77
74
72
72
71
70
70
69
69
67
67
67
67
67
66
65
65
65
65
64
65
65
65
64
64
63
63
59
56
52
52
51
50
51
51
51
52
52
52
54
64
73
81
91
152
163
170
176
185
201
210
217
220
223
226
231
237
243
249
258
267
283
285
285
286
285
283
282
280
271
271
269
251
209
205
201
197
191
185
180
172
160
152
130
123
117
113
109
107
107
108
108
108
109
110
110
110
110
110
110
110
109
109
109
108
107
106
105
105
103
103
102
102
101
101
102
102
101
102
103
103
103
103
103
103
103
102
103
103
102
102
102
101
102
102
102
101
100
100
99
99
99
98
98
98
97
97
97
97
96
96
95
94
94
93
93
93
95
95
96
97
98
98
99
100
101
101
102
102
102
103
104
104
105
106
107
107
109
109
110
111
112
113
113
114
114
116
116
116
116
117
117
117
117
119
119
119
119
119
119
119
119
119
118
118
118
117
117
116
116
116
116
115
115
114
113
113
112
112
111
110
109
108
107
107
106
104
103
103
101
101
101
100
100
99
99
98
98
97
97
96
95
95
95
94
94
93
92
91
91
90
90
90
90
89
90
90
90
89
89
89
89
89
89
89
89
89
89
89
88
88
88
88
88
88
88
87
87
87
87
87
86
85
85
85
84
84
84
84
83
83
83
82
82
81
81
81
81
80
80
79
78
78
78
78
77
77
76
75
75
75
74
73
72
72
72
70
70
69
69
68
67
67
66
66
64
64
63
63
62
60
60
59
59
58
57
57
56
56
56
55
54
54
54
54
53
54
53
54
53
54
53
53
53
53
52
53
52
53
52
53
52
53
53
53
53
52
52
53
52
52
52
51
52
52
52
52
52
52
52
52
52
52
52
52
52
52
52
52
51
51
52
52
52
52
52
53
53
52
52
52
52
52
52
51
51
51
51
51
50
50
50
50
50
48
48
48
48
48
46
46
46
46
46
44
44
44
44
43
42
42
41
41
41
39
39
39
39
38
38
38
37
36
36
36
36
35
35
35
35
35
35
36
37
37
38
38
41
42
45
47
49
52
54
58
63
66
69
71
73
74
76
77
79
80
81
81
80
80
80
80
41
42
44
45
47
50
52
56
58
62
64
68
71
74
76
78
81
84
85
83
82
80
80
77
71
62
57
51
45
39
37
1
1
1
1
1
1
1
1
1
1
1
1
1
1
1
1
1
1
1
1
1
1
1
1
1
1
1
1
1
1
1
1
1
1
1
1
1
1
1
1
1
1
1
1
1
1
1
1
1
1
1
1
1
1
1
1
1
1
1
1
1
1
1
1
1
1
1
1
