# Vetor de dados - syn_f003205-1-Pre--front--vetorlinha.txt
# Total de elementos: 768
# Formato: um valor por linha
#==================================================

1
1
1
1
1
1
1
1
1
1
1
1
1
1
1
1
1
1
1
1
1
1
1
1
1
1
1
1
1
1
1
1
1
1
1
1
1
1
1
1
1
1
1
1
1
1
1
1
1
1
1
1
1
1
1
1
1
1
1
1
1
1
1
1
1
1
1
1
1
1
1
1
1
1
1
1
1
1
1
1
1
1
1
1
1
1
1
1
1
1
1
1
1
1
1
1
1
1
1
1
1
1
1
1
1
1
1
1
1
1
1
1
1
1
1
1
1
1
1
1
1
1
1
1
1
1
12
22
26
30
34
37
39
42
44
46
48
48
50
52
52
54
55
56
57
58
58
59
60
60
61
61
62
62
62
62
62
62
62
62
62
61
61
61
61
67
69
70
70
70
70
70
68
68
68
68
66
66
66
64
64
62
61
60
58
52
52
52
50
50
50
49
48
48
46
46
45
45
45
45
45
45
46
46
45
45
47
47
47
47
48
51
55
59
61
65
72
79
111
123
244
263
304
318
327
336
348
360
381
405
413
423
463
471
476
479
479
469
472
481
489
496
504
509
511
449
448
447
445
444
444
441
434
438
424
417
416
409
401
392
384
378
353
352
350
160
154
150
147
144
143
142
140
138
138
136
135
133
131
129
127
126
125
124
122
122
121
120
119
119
119
118
117
116
116
116
114
114
113
112
112
111
110
110
109
108
107
107
105
105
104
104
104
103
103
104
104
104
104
105
105
105
105
104
104
104
104
104
104
104
104
104
103
103
103
103
103
103
103
104
104
104
104
104
105
106
106
106
107
107
107
108
108
109
109
109
108
107
107
107
106
106
106
106
107
108
108
109
109
110
111
112
113
115
115
117
118
119
120
122
122
124
125
126
127
127
128
129
130
130
131
131
131
132
132
133
133
133
133
133
133
133
134
134
135
135
135
135
135
135
135
135
135
135
136
136
137
137
137
137
137
138
139
139
139
139
140
140
140
140
140
141
141
142
142
142
142
142
142
142
142
142
142
142
142
142
142
142
142
141
141
141
141
141
140
140
140
140
140
139
139
138
138
138
138
138
137
137
136
136
135
135
134
134
133
133
132
131
131
131
130
129
129
128
127
127
126
126
125
125
124
124
122
122
122
121
120
120
119
118
118
117
116
116
115
114
113
112
112
112
110
110
109
108
108
107
106
106
105
105
105
104
104
104
104
104
104
104
104
104
103
103
103
103
103
103
102
102
102
102
102
102
102
102
102
102
103
103
104
104
104
104
104
105
106
106
107
107
107
108
109
109
109
110
110
110
111
111
111
111
112
112
112
112
112
112
112
112
112
112
113
112
112
112
111
111
111
111
110
110
110
110
110
109
108
108
108
107
106
106
106
105
105
104
104
104
103
102
102
102
102
100
100
100
100
100
98
98
98
98
98
96
96
96
96
96
95
94
94
94
93
92
92
92
92
90
90
90
90
89
88
88
88
88
88
87
86
86
86
86
86
87
88
88
89
89
90
90
90
90
90
90
90
89
90
89
89
89
90
91
91
92
93
94
95
95
97
98
99
101
102
103
104
104
106
106
106
107
108
107
107
106
105
105
105
104
103
101
98
97
95
93
89
41
1
1
1
1
1
1
1
1
1
1
1
1
1
1
1
1
1
1
1
1
1
1
1
1
1
1
1
1
1
1
1
1
1
1
1
1
1
1
1
1
1
1
1
1
1
1
1
1
1
1
1
1
1
1
1
1
1
1
1
1
1
1
1
1
