# Vetor de dados - syn_f003142-2-Pre--front--vetorcoluna.txt
# Total de elementos: 1024
# Formato: um valor por linha
#==================================================

1
1
1
1
1
1
1
1
1
1
1
1
1
1
1
1
1
1
1
1
1
1
1
1
1
1
1
1
1
1
1
1
1
1
1
1
1
1
1
1
1
1
1
1
1
1
1
1
1
1
1
1
1
1
1
1
1
1
1
1
1
1
1
1
1
1
1
1
1
1
1
1
1
1
1
1
1
1
1
1
1
1
1
1
1
1
1
1
1
1
1
1
1
1
1
1
1
1
1
1
1
1
1
1
1
1
1
1
1
1
1
1
1
1
1
1
1
1
1
1
1
1
1
1
1
1
1
1
1
1
1
1
1
1
1
1
1
1
1
1
1
1
1
1
1
1
1
1
1
1
1
1
1
1
1
1
1
1
1
1
1
1
1
1
1
1
1
1
1
1
1
1
1
1
1
1
1
1
1
1
1
1
1
1
1
1
1
1
1
1
1
1
1
1
1
1
1
1
1
1
1
1
1
1
1
1
1
1
1
1
1
1
1
1
1
1
1
1
1
1
1
1
1
1
1
1
1
1
1
1
1
23
23
23
23
23
23
23
23
23
23
23
23
23
23
23
23
24
24
24
24
24
24
25
25
25
25
25
26
26
26
26
26
27
27
27
28
28
28
29
29
29
29
29
29
29
29
29
29
29
29
29
29
29
29
29
29
29
29
29
30
30
30
30
30
30
30
30
30
30
30
30
31
31
31
31
31
31
31
31
31
31
32
32
32
32
32
32
32
32
32
32
33
33
34
34
34
34
34
35
35
35
35
35
36
36
36
36
36
36
37
36
36
36
36
36
37
37
37
37
37
37
37
37
36
36
36
36
36
36
36
36
36
36
35
35
35
35
35
35
35
35
35
35
35
35
35
35
35
35
35
35
35
35
36
36
36
36
37
37
37
37
37
37
37
38
38
38
38
38
38
38
38
38
39
39
39
40
40
40
40
40
41
41
41
41
42
42
42
43
44
44
44
45
46
46
46
47
48
49
49
50
50
51
51
52
53
55
56
58
59
61
62
63
64
65
65
67
68
70
72
68
294
297
301
304
306
309
313
405
408
412
415
419
423
426
430
501
502
504
503
504
506
506
506
505
506
506
508
508
509
511
511
511
510
508
504
436
504
500
498
494
489
484
478
472
438
434
430
428
425
423
418
411
399
390
380
369
360
349
338
335
342
354
362
368
377
390
398
411
416
420
422
425
426
429
432
470
476
481
485
489
493
497
499
429
433
505
505
506
506
505
504
504
503
502
501
501
502
501
502
502
501
500
499
497
498
426
423
419
416
412
409
406
402
307
302
299
296
292
290
68
65
64
62
61
60
58
57
55
54
53
51
50
50
49
49
47
47
47
47
46
45
45
45
44
44
43
43
42
42
42
41
41
40
40
40
40
40
40
39
40
40
40
40
40
39
39
39
39
39
39
39
39
38
38
38
37
37
37
37
36
36
36
36
36
35
35
35
35
35
35
34
34
34
34
34
34
34
34
34
34
35
35
35
35
36
36
36
36
35
35
37
37
37
37
37
37
37
37
37
37
36
36
36
36
36
36
36
36
37
37
36
36
36
36
36
36
35
34
34
34
34
34
34
33
33
33
33
33
33
32
31
31
31
30
30
30
30
30
29
29
28
28
28
27
27
27
27
27
26
26
26
25
25
24
24
24
24
24
23
23
23
23
23
22
22
22
22
22
22
21
21
21
21
21
20
20
21
20
21
21
22
22
22
22
22
22
22
22
22
22
22
22
22
21
21
21
21
19
20
20
21
19
20
21
21
21
21
21
21
21
22
22
22
22
21
21
20
13
13
13
13
13
13
13
13
13
13
13
13
13
13
13
13
13
14
14
13
13
13
13
12
1
1
1
1
1
1
1
1
1
1
1
1
1
1
1
1
1
1
1
1
1
1
1
1
1
1
1
1
1
1
1
1
1
1
1
1
1
1
1
1
1
1
1
1
1
1
1
1
1
1
1
1
1
1
1
1
1
1
1
1
1
1
1
1
1
1
1
1
1
1
1
1
1
1
1
1
1
1
1
1
1
1
1
1
1
1
1
1
1
1
1
1
1
1
1
1
1
1
1
1
1
1
1
1
1
1
1
1
1
1
1
1
1
1
1
1
1
1
1
1
1
1
1
1
1
1
1
1
1
1
1
1
1
1
1
1
1
1
1
1
1
1
1
1
1
1
1
1
1
1
1
1
1
1
1
1
1
1
1
1
1
1
1
1
1
1
1
1
1
1
1
1
1
1
1
1
1
1
1
1
1
1
1
1
1
1
1
1
1
1
1
1
1
1
1
1
1
1
1
1
1
1
1
1
1
1
1
1
1
1
1
