# Vetor de dados - syn_f000512-0-Pre--front--vetorlinha.txt
# Total de elementos: 768
# Formato: um valor por linha
#==================================================

1
1
1
1
1
1
1
1
1
1
1
1
1
1
1
1
1
1
1
1
1
1
1
1
1
1
1
1
1
1
1
1
1
1
1
1
1
1
1
1
1
1
1
1
1
1
1
1
1
1
1
1
1
1
1
1
1
1
1
1
1
1
1
1
1
1
1
1
1
1
1
1
1
1
1
1
1
1
1
1
1
1
1
1
1
1
1
1
1
1
1
1
1
1
1
1
1
1
1
1
1
1
1
1
1
1
1
1
1
1
1
1
1
1
1
1
1
1
1
1
1
1
1
1
1
1
1
1
1
1
1
1
1
1
1
1
1
1
1
1
1
1
1
8
19
25
29
33
36
39
41
42
45
46
48
48
50
52
52
54
55
56
56
57
58
58
59
59
60
60
60
60
60
60
60
60
59
59
59
59
63
66
67
67
66
66
66
66
66
64
64
64
62
62
61
59
58
57
55
51
51
50
50
49
49
48
47
47
45
45
44
44
44
44
44
44
44
44
44
44
44
44
45
46
47
50
55
59
65
71
77
88
94
105
347
362
379
425
445
457
472
498
518
546
546
546
545
543
540
523
503
500
503
504
504
504
437
362
351
340
329
313
298
285
219
189
175
151
145
141
139
138
136
135
133
133
131
130
129
127
126
123
122
120
119
117
115
113
112
111
112
112
112
112
112
112
113
113
113
113
112
112
111
111
110
110
108
108
107
107
105
105
105
103
103
101
101
101
99
99
99
99
100
100
101
100
100
100
100
100
100
100
100
100
100
99
99
99
99
99
99
99
99
98
98
98
98
98
96
96
96
96
96
96
97
97
98
99
99
100
101
101
101
103
103
104
105
106
106
108
109
110
111
112
113
113
114
115
115
116
116
117
117
117
118
119
119
119
119
120
121
121
121
121
121
122
122
122
122
123
124
124
124
124
124
124
125
126
126
126
126
126
126
127
128
128
128
128
128
130
130
130
130
130
130
130
130
130
130
130
130
130
130
130
129
129
129
128
128
128
128
128
128
127
127
126
126
126
126
126
125
124
124
124
124
124
123
122
122
122
122
120
120
120
120
118
118
118
116
116
116
116
116
115
114
114
114
113
113
113
113
112
112
111
111
111
110
109
109
109
108
108
107
107
106
106
105
105
105
105
103
103
103
103
103
101
101
101
101
101
100
99
99
99
99
99
99
99
99
99
99
98
97
97
97
97
97
97
97
96
95
95
95
95
95
95
95
95
95
96
96
97
97
97
97
97
98
98
99
99
100
100
100
100
102
102
102
102
102
102
104
104
104
104
104
104
104
104
104
104
104
104
104
104
103
103
103
102
102
102
102
102
102
101
101
100
100
100
100
99
99
99
98
98
98
98
97
97
96
96
96
96
95
95
94
94
94
93
93
92
92
92
91
90
90
90
89
89
88
87
87
87
87
86
85
85
85
85
84
83
83
83
83
83
83
83
83
82
82
82
83
84
84
84
84
84
84
85
85
85
86
86
87
87
89
89
89
91
91
92
93
94
94
96
98
99
100
101
102
102
102
103
103
103
103
103
103
103
103
102
101
99
96
95
92
88
37
36
1
1
1
1
1
1
1
1
1
1
1
1
1
1
1
1
1
1
1
1
1
1
1
1
1
1
1
1
1
1
1
1
1
1
1
1
1
1
1
1
1
1
1
1
1
1
1
1
1
1
1
1
1
1
1
1
1
1
1
1
1
1
1
1
1
1
1
1
1
1
1
1
1
1
1
1
1
1
1
1
