# Vetor de dados - syn_f003591-1-Pre--front--vetorcoluna.txt
# Total de elementos: 1024
# Formato: um valor por linha
#==================================================

1
1
1
1
1
1
1
1
1
1
1
1
1
1
1
1
1
1
1
1
1
1
1
1
1
1
1
1
1
1
1
1
1
1
1
1
1
1
1
1
1
1
1
1
1
1
1
1
1
1
1
1
1
1
1
1
1
1
1
1
1
1
1
1
1
1
1
1
1
1
1
1
1
1
1
1
1
1
1
1
1
1
1
1
1
1
1
1
1
1
1
1
1
1
1
1
1
1
1
1
1
1
1
1
1
1
1
1
1
1
1
1
1
1
1
1
1
1
1
1
1
1
1
1
1
1
1
1
1
1
1
1
1
1
1
1
1
1
1
1
1
1
1
1
1
1
1
1
1
1
1
1
1
1
1
1
1
1
1
1
1
1
1
1
1
1
1
1
1
1
1
1
1
1
1
1
1
1
1
1
1
1
1
1
1
1
1
1
1
1
1
1
1
1
1
1
1
1
1
1
1
1
1
1
1
1
1
1
1
1
1
1
1
1
1
1
1
1
1
1
1
1
1
1
1
1
1
1
1
1
1
1
1
8
8
8
8
8
8
8
8
8
8
8
8
8
9
9
9
9
9
9
9
16
17
17
18
18
18
18
18
18
18
18
18
18
18
18
17
17
17
18
18
18
18
18
20
20
19
19
18
20
20
18
18
17
16
17
16
16
16
16
15
15
15
16
16
16
16
16
16
16
16
16
16
16
16
16
16
17
17
17
18
18
18
18
19
19
19
19
19
19
19
21
21
21
22
22
22
22
22
22
24
24
24
24
25
25
25
25
25
25
26
26
27
27
27
28
28
28
28
29
29
29
29
29
29
29
29
30
30
30
30
30
30
30
30
30
29
29
29
29
29
29
29
28
27
27
27
27
27
27
27
27
27
27
27
27
27
27
27
27
27
27
27
27
27
27
27
28
28
28
28
29
29
29
29
30
30
30
30
30
30
30
31
31
31
31
31
31
32
32
32
32
32
32
32
32
34
34
34
34
34
35
35
36
36
37
37
37
38
38
38
39
40
41
41
42
43
45
47
50
52
53
54
55
56
57
58
59
60
278
282
286
291
377
383
389
396
403
410
479
479
479
478
480
481
481
481
480
480
480
481
481
482
483
482
482
482
480
447
421
415
486
481
475
468
417
414
412
408
404
400
392
379
364
355
348
343
337
331
323
310
326
335
342
346
351
355
361
370
378
400
405
408
411
412
464
469
474
479
484
493
496
498
485
486
485
484
484
483
482
481
480
481
481
482
482
482
480
479
478
479
479
410
405
400
394
389
382
300
292
287
283
279
276
65
63
62
60
59
58
56
56
55
53
52
50
48
46
44
42
41
41
40
39
38
37
37
37
35
35
35
35
35
34
34
33
33
33
33
33
33
33
32
32
32
32
32
32
32
31
31
31
31
31
31
30
30
30
30
30
30
30
30
29
29
29
29
29
29
29
28
28
28
28
28
28
28
29
29
29
29
29
29
29
29
29
30
30
31
31
31
31
31
32
32
32
32
32
32
32
32
32
31
31
31
31
31
31
30
30
30
30
30
30
29
29
29
29
29
29
28
27
27
27
27
26
26
26
26
26
25
24
24
24
24
24
24
23
23
22
22
22
22
21
21
21
21
21
21
20
20
20
20
20
20
18
18
18
18
18
18
18
20
18
18
18
19
19
19
20
20
19
19
20
19
19
19
20
19
20
20
19
19
20
20
20
20
19
19
19
19
19
19
18
18
18
18
18
18
19
20
20
18
18
18
18
18
18
18
16
12
12
12
12
12
12
12
1
1
1
1
1
1
1
1
1
1
1
1
1
1
1
1
1
1
1
1
1
1
1
1
1
1
1
1
1
1
1
1
1
1
1
1
1
1
1
1
1
1
1
1
1
1
1
1
1
1
1
1
1
1
1
1
1
1
1
1
1
1
1
1
1
1
1
1
1
1
1
1
1
1
1
1
1
1
1
1
1
1
1
1
1
1
1
1
1
1
1
1
1
1
1
1
1
1
1
1
1
1
1
1
1
1
1
1
1
1
1
1
1
1
1
1
1
1
1
1
1
1
1
1
1
1
1
1
1
1
1
1
1
1
1
1
1
1
1
1
1
1
1
1
1
1
1
1
1
1
1
1
1
1
1
1
1
1
1
1
1
1
1
1
1
1
1
1
1
1
1
1
1
1
1
1
1
1
1
1
1
1
1
1
1
1
1
1
1
1
1
1
1
1
1
1
1
1
1
1
1
1
1
1
1
1
1
1
1
1
1
1
1
1
1
1
1
1
1
1
1
1
1
1
1
1
1
1
1
1
1
1
1
1
1
1
1
1
1
1
1
1
1
1
1
