# Vetor de dados - syn_f004475-3-Pre--front--vetorlinha.txt
# Total de elementos: 768
# Formato: um valor por linha
#==================================================

1
1
1
1
1
1
1
1
1
1
1
1
1
1
1
1
1
1
1
1
1
1
1
1
1
1
1
1
1
1
1
1
1
1
1
1
1
1
1
1
1
1
1
1
1
1
1
1
1
1
1
1
1
1
1
1
1
1
1
1
1
1
1
1
1
1
1
1
1
1
1
1
1
1
1
1
1
1
1
1
1
1
1
1
1
1
1
1
1
1
1
1
1
1
1
1
1
1
1
1
1
1
1
1
1
1
1
1
1
1
1
1
1
1
1
1
1
1
1
1
1
1
1
1
1
1
1
1
1
12
22
26
30
34
37
39
41
43
45
47
48
50
50
52
54
54
56
56
57
58
58
59
60
60
60
60
60
60
60
60
60
60
60
60
60
60
60
65
67
68
68
68
68
67
66
66
66
65
65
64
64
62
60
60
60
57
54
52
52
51
51
50
50
50
48
48
46
44
44
44
44
44
44
44
44
43
43
44
45
47
51
56
63
70
92
101
125
143
153
164
179
202
265
277
288
308
326
339
384
403
426
436
444
453
462
472
482
497
514
535
544
546
548
549
552
553
539
538
544
549
553
561
566
489
490
414
383
381
379
377
375
353
156
154
151
150
149
147
146
146
144
144
142
142
140
138
137
135
133
132
131
130
129
129
128
127
126
126
124
124
124
122
122
120
120
119
118
116
115
113
113
111
109
108
108
107
106
106
106
106
106
106
106
106
105
104
104
104
104
104
104
103
102
102
102
102
101
101
101
101
101
101
101
101
102
102
102
103
104
105
105
105
106
107
107
107
107
108
108
108
109
109
109
111
111
111
113
113
113
115
115
115
116
117
118
119
119
119
120
121
121
121
121
122
123
123
123
123
125
125
125
125
125
126
127
127
127
127
128
129
129
129
129
129
129
129
129
131
131
131
132
133
133
133
134
135
135
136
137
137
137
137
137
137
138
139
139
139
139
139
140
140
141
141
141
141
141
141
141
141
141
141
141
141
141
142
142
142
142
142
142
142
142
142
142
142
141
141
140
141
141
140
140
140
140
140
140
140
140
140
139
139
139
137
137
137
135
135
135
134
133
133
131
131
129
129
129
127
127
125
125
124
123
123
121
121
119
119
118
117
116
115
114
114
112
112
111
110
110
108
108
108
106
106
106
106
106
105
104
104
104
106
106
105
105
105
105
105
105
105
105
105
105
105
105
105
105
105
105
105
105
106
106
106
106
106
106
106
107
107
108
108
109
109
110
110
110
111
111
112
112
113
114
114
114
114
114
115
115
116
116
116
116
116
116
116
116
116
116
116
116
116
116
116
115
115
115
115
115
115
114
113
113
113
113
113
111
111
111
111
110
109
109
109
108
107
107
106
106
105
105
104
103
103
102
102
101
101
100
100
99
99
99
98
97
97
97
96
96
95
95
95
94
94
93
93
93
92
92
91
91
91
91
89
89
89
89
89
89
89
89
89
89
89
90
91
91
91
92
92
92
92
93
93
93
93
93
93
92
92
92
92
92
92
93
94
94
95
96
96
97
97
99
99
101
102
103
104
106
106
107
108
108
110
110
112
112
111
111
109
108
106
105
105
103
100
98
96
92
90
1
1
1
1
1
1
1
1
1
1
1
1
1
1
1
1
1
1
1
1
1
1
1
1
1
1
1
1
1
1
1
1
1
1
1
1
1
1
1
1
1
1
1
1
1
1
1
1
1
1
1
1
1
1
1
1
1
1
1
1
1
1
1
1
1
1
1
1
