# Vetor de dados - syn_f002781-0-Pre--front--vetorlinha.txt
# Total de elementos: 768
# Formato: um valor por linha
#==================================================

1
1
1
1
1
1
1
1
1
1
1
1
1
1
1
1
1
1
1
1
1
1
1
1
1
1
1
1
1
1
1
1
1
1
1
1
1
1
1
1
1
1
1
1
1
1
1
1
1
1
1
1
1
1
1
1
1
1
1
1
1
1
1
1
1
1
1
1
1
1
1
1
1
1
1
1
1
1
1
1
1
1
1
1
1
1
1
1
1
1
1
1
1
1
1
1
1
1
1
1
1
1
1
1
1
1
1
1
1
1
1
1
1
1
1
1
1
1
1
1
1
1
1
1
1
1
1
1
8
21
26
29
33
37
39
41
43
45
47
49
50
52
52
54
54
56
58
58
58
60
60
60
62
62
62
62
62
62
63
63
63
62
62
62
62
62
62
62
64
68
70
71
71
70
70
70
70
70
68
68
68
66
66
65
65
63
62
61
57
56
53
52
51
51
50
49
47
47
45
46
46
46
46
46
45
45
45
45
45
43
43
43
43
44
44
45
45
46
50
55
62
69
78
84
223
258
276
311
320
326
334
342
352
362
397
405
462
468
472
475
477
476
468
467
475
483
488
492
494
497
440
439
438
436
433
431
428
422
422
417
412
417
413
409
405
399
394
386
341
340
337
145
142
140
137
135
133
132
131
129
128
126
125
125
123
123
123
122
122
121
120
120
120
120
120
119
119
119
119
119
119
118
118
118
118
118
117
117
117
116
115
114
113
112
110
110
110
110
109
109
109
109
109
109
109
109
108
108
109
109
109
109
109
109
109
110
111
111
111
112
113
113
114
114
115
116
116
116
117
117
119
119
119
119
119
119
120
121
121
122
123
124
124
126
126
128
128
130
130
132
132
133
134
135
135
136
137
137
138
138
139
140
140
140
142
142
142
142
142
142
143
142
143
144
144
144
144
144
143
143
143
143
143
143
143
143
143
143
143
143
143
143
143
143
143
143
143
143
143
143
143
143
145
145
145
145
145
145
145
145
145
145
145
145
145
145
145
145
145
145
145
144
144
143
143
143
143
142
142
142
141
141
140
140
140
139
139
138
138
138
137
137
136
136
135
135
134
134
134
133
133
133
132
132
131
131
130
129
129
128
127
127
125
125
125
123
123
123
121
121
120
119
119
118
118
117
116
116
115
115
114
114
114
113
112
112
112
112
111
111
110
110
110
110
110
110
109
109
109
109
109
109
109
109
109
109
109
109
109
109
109
109
109
109
109
109
109
109
109
109
109
109
109
109
109
109
108
108
109
109
109
109
109
109
109
109
110
110
110
110
110
110
111
112
112
112
112
112
112
112
112
112
112
112
112
112
112
112
112
112
112
111
111
111
111
110
110
110
110
109
109
109
109
108
108
108
107
107
107
106
106
106
106
105
105
105
104
104
104
103
103
103
102
102
102
102
102
101
100
100
100
100
100
98
98
98
98
98
98
96
96
96
96
96
96
95
94
94
94
94
94
94
94
94
94
94
93
93
93
94
94
94
94
94
94
94
95
95
95
95
95
95
95
94
95
95
95
95
96
97
97
98
99
99
101
101
102
103
103
105
107
107
109
109
111
112
113
113
112
112
112
111
111
109
107
103
102
101
97
93
91
81
28
1
1
1
1
1
1
1
1
1
1
1
1
1
1
1
1
1
1
1
1
1
1
1
1
1
1
1
1
1
1
1
1
1
1
1
1
1
1
1
1
1
1
1
1
1
1
1
1
1
1
1
1
1
1
1
1
1
1
1
1
1
1
1
1
1
