# Vetor de dados - syn_f001985-0-Pre--front--vetorlinha.txt
# Total de elementos: 768
# Formato: um valor por linha
#==================================================

1
1
1
1
1
1
1
1
1
1
1
1
1
1
1
1
1
1
1
1
1
1
1
1
1
1
1
1
1
1
1
1
1
1
1
1
1
1
1
1
1
1
1
1
1
1
1
1
1
1
1
1
1
1
1
1
1
1
1
1
1
1
1
1
1
1
1
1
1
1
1
1
1
1
1
1
1
1
1
1
1
1
1
1
1
1
1
1
1
1
1
1
1
1
1
1
1
1
1
1
1
1
1
1
1
1
1
1
1
1
1
1
1
1
1
1
1
1
1
1
1
1
1
1
1
1
12
22
25
29
33
36
38
40
42
44
46
48
48
50
50
52
54
54
55
56
56
57
58
58
58
58
60
60
60
60
60
60
60
60
60
58
58
58
61
65
67
67
67
67
67
66
65
65
64
63
63
63
62
60
59
58
57
53
48
48
46
46
45
44
44
44
44
44
44
44
44
44
43
43
44
44
44
44
44
44
44
44
44
45
45
49
54
59
64
227
245
277
288
337
363
366
371
374
377
380
381
378
444
448
455
460
464
470
475
482
433
433
433
432
432
431
434
434
434
436
439
442
449
445
438
432
424
417
410
402
377
343
341
339
220
204
189
140
139
137
136
136
134
134
132
130
130
128
127
126
125
124
123
122
122
121
120
120
120
120
120
120
120
120
120
118
118
118
118
118
118
117
117
117
116
116
114
113
111
111
111
112
113
113
113
113
113
113
114
114
114
114
114
113
113
112
112
111
111
110
109
109
109
108
108
108
108
108
108
108
109
110
110
110
112
112
112
113
113
113
113
113
114
113
112
112
112
112
114
114
115
115
117
119
120
121
123
125
125
127
129
129
129
130
130
131
131
132
132
132
132
132
132
132
132
132
132
132
132
132
132
132
132
132
132
131
131
131
131
131
131
131
131
131
132
132
132
132
132
132
132
132
132
133
133
134
134
134
134
134
134
135
135
135
135
135
135
135
135
135
135
135
135
135
135
135
135
135
135
135
135
135
134
134
134
134
134
134
134
133
133
133
132
132
132
132
132
131
131
131
131
130
130
130
130
129
129
129
129
128
128
127
127
127
127
126
125
125
125
124
123
123
123
122
122
121
121
121
120
119
119
119
119
118
117
117
117
116
116
116
116
115
114
114
114
113
113
113
113
112
111
111
111
111
111
110
109
109
109
109
108
108
108
108
108
108
108
108
108
107
107
107
107
107
107
106
106
106
106
106
105
105
105
105
105
105
105
104
105
105
105
105
105
105
105
106
106
106
106
106
106
106
108
108
108
108
108
108
108
109
109
109
109
109
109
109
109
109
109
109
109
109
109
109
109
108
108
108
108
107
107
107
107
106
106
106
106
105
104
104
104
104
104
104
102
102
102
102
101
100
100
100
100
100
98
98
98
98
98
97
96
96
96
95
95
94
94
93
93
93
92
92
91
91
91
90
89
89
89
88
88
87
87
86
86
86
85
85
85
85
85
85
85
85
85
85
86
86
87
87
87
87
87
87
88
88
88
88
88
88
89
90
90
91
92
92
94
94
96
96
98
100
100
102
103
105
105
106
107
107
109
108
108
108
108
107
107
106
105
104
101
101
99
92
90
45
42
40
1
1
1
1
1
1
1
1
1
1
1
1
1
1
1
1
1
1
1
1
1
1
1
1
1
1
1
1
1
1
1
1
1
1
1
1
1
1
1
1
1
1
1
1
1
1
1
1
1
1
1
1
1
1
1
1
1
1
1
1
1
1
1
1
