# Vetor de dados - syn_f002536-1-Pre--front--vetorcoluna.txt
# Total de elementos: 1024
# Formato: um valor por linha
#==================================================

1
1
1
1
1
1
1
1
1
1
1
1
1
1
1
1
1
1
1
1
1
1
1
1
1
1
1
1
1
1
1
1
1
1
1
1
1
1
1
1
1
1
1
1
1
1
1
1
1
1
1
1
1
1
1
1
1
1
1
1
1
1
1
1
1
1
1
1
1
1
1
1
1
1
1
1
1
1
1
1
1
1
1
1
1
1
1
1
1
1
1
1
1
1
1
1
1
1
1
1
1
1
1
1
1
1
1
1
1
1
1
1
1
1
1
1
1
1
1
1
1
1
1
1
1
1
1
1
1
1
1
1
1
1
1
1
1
1
1
1
1
1
1
1
1
1
1
1
1
1
1
1
1
1
1
1
1
1
1
1
1
1
1
1
1
1
1
1
1
1
1
1
1
1
1
1
1
1
1
1
1
1
1
1
1
1
1
1
1
1
1
1
1
1
1
1
1
1
1
1
1
1
1
1
1
1
1
1
1
1
1
1
1
1
1
1
1
1
1
1
1
1
1
1
1
1
1
1
1
1
1
1
1
1
1
1
1
1
1
1
1
1
1
1
1
1
1
1
1
1
1
1
1
1
1
1
1
1
1
1
1
1
1
1
1
1
1
1
1
1
1
1
1
1
1
1
1
1
1
1
1
1
1
1
1
1
1
1
1
1
1
1
1
1
41
41
41
41
41
42
42
42
42
42
42
42
42
42
43
43
43
43
43
43
43
43
43
44
44
44
44
44
44
44
44
44
44
44
44
44
44
44
44
44
44
45
45
45
45
44
44
44
44
44
44
44
44
44
44
43
43
43
43
43
42
42
42
42
41
41
41
41
41
40
40
40
40
40
40
39
39
39
39
39
39
39
39
38
38
38
38
38
38
38
38
38
38
38
38
38
38
38
38
39
39
39
39
39
39
39
39
39
39
39
39
39
39
39
39
40
41
41
41
41
41
41
42
42
42
43
43
43
44
45
45
46
46
47
47
48
49
50
52
53
55
57
58
60
62
63
65
66
67
69
71
73
75
78
290
294
297
300
303
307
311
315
319
323
423
428
433
437
442
447
453
523
523
523
522
524
526
526
526
525
525
524
524
525
526
528
529
529
530
530
530
529
526
527
522
518
515
510
506
501
496
452
448
446
443
441
438
432
415
385
377
370
362
354
345
337
336
336
353
363
369
374
380
386
405
422
433
438
441
443
446
448
493
497
501
505
509
513
519
523
527
515
517
523
524
525
524
523
523
522
521
521
521
521
522
523
524
523
523
522
523
523
522
521
444
440
436
431
426
422
417
314
309
303
299
294
290
287
284
79
75
73
70
68
66
65
64
62
60
59
58
56
54
52
51
49
48
46
46
44
43
43
42
41
41
40
40
39
39
39
38
38
37
37
37
38
38
38
38
37
37
37
37
37
37
38
38
38
37
37
37
37
37
37
37
37
37
37
37
37
37
37
36
36
36
36
36
36
36
35
35
35
35
35
35
35
35
35
35
36
36
36
36
36
36
36
37
37
37
37
37
37
37
38
38
38
39
39
39
39
38
38
38
38
38
38
37
37
37
37
36
36
36
36
35
35
35
35
34
34
34
34
34
34
34
34
33
33
32
32
32
32
31
31
31
31
30
29
29
29
29
29
28
28
28
28
28
27
27
27
27
27
26
26
26
26
26
26
25
25
25
25
25
25
25
25
25
24
24
24
24
24
24
24
24
24
24
24
24
24
24
24
23
23
23
23
23
23
23
23
23
23
23
23
23
23
22
22
22
22
21
21
21
21
21
21
21
21
21
22
21
21
22
22
22
21
21
21
21
21
20
19
18
16
16
14
14
14
14
14
1
1
1
1
1
1
1
1
1
1
1
1
1
1
1
1
1
1
1
1
1
1
1
1
1
1
1
1
1
1
1
1
1
1
1
1
1
1
1
1
1
1
1
1
1
1
1
1
1
1
1
1
1
1
1
1
1
1
1
1
1
1
1
1
1
1
1
1
1
1
1
1
1
1
1
1
1
1
1
1
1
1
1
1
1
1
1
1
1
1
1
1
1
1
1
1
1
1
1
1
1
1
1
1
1
1
1
1
1
1
1
1
1
1
1
1
1
1
1
1
1
1
1
1
1
1
1
1
1
1
1
1
1
1
1
1
1
1
1
1
1
1
1
1
1
1
1
1
1
1
1
1
1
1
1
1
1
1
1
1
1
1
1
1
1
1
1
1
1
1
1
1
1
1
1
1
1
1
1
1
1
1
1
1
1
1
1
1
1
1
1
1
1
1
1
1
1
1
1
1
1
1
1
1
1
1
1
1
1
1
1
1
1
1
1
1
1
1
1
1
