# Vetor de dados - syn_f001097-3-Pre--front--vetorlinha.txt
# Total de elementos: 768
# Formato: um valor por linha
#==================================================

1
1
1
1
1
1
1
1
1
1
1
1
1
1
1
1
1
1
1
1
1
1
1
1
1
1
1
1
1
1
1
1
1
1
1
1
1
1
1
1
1
1
1
1
1
1
1
1
1
1
1
1
1
1
1
1
1
1
1
1
1
1
1
1
1
1
1
1
1
1
1
1
1
1
1
1
1
1
1
1
1
1
1
1
1
1
1
1
1
1
1
1
1
1
1
1
1
1
1
1
1
1
1
1
1
1
1
1
1
1
1
1
1
1
1
1
1
1
10
22
26
30
35
38
40
42
44
46
48
50
51
52
54
54
56
57
58
58
60
60
61
62
62
62
62
63
64
64
64
64
64
64
64
62
62
62
62
63
69
71
71
71
71
71
70
70
70
69
68
68
67
67
66
64
63
62
62
58
54
54
54
54
52
52
52
50
50
48
48
46
46
47
47
47
47
47
47
47
47
48
49
50
51
54
57
60
64
68
71
75
244
265
285
322
335
451
466
505
516
527
540
544
548
550
553
547
560
578
580
581
581
580
579
576
514
495
486
484
481
476
471
465
459
387
378
367
357
347
334
298
280
255
230
217
204
180
171
167
163
160
159
157
157
155
154
154
154
152
152
152
151
150
149
148
146
146
144
143
142
141
140
139
138
137
137
135
135
133
133
132
131
130
129
128
127
127
125
124
123
122
121
119
117
116
114
113
113
113
113
113
114
114
114
115
115
115
115
115
115
113
113
113
113
112
112
111
110
110
110
109
108
108
108
108
107
107
107
107
107
107
107
107
107
106
107
107
108
109
109
111
112
112
114
114
116
117
117
118
119
120
122
122
124
125
126
127
129
129
131
131
131
133
133
134
135
135
135
135
135
135
135
135
135
135
135
135
135
135
135
134
134
133
133
133
133
133
133
133
133
133
133
133
133
133
133
133
134
134
135
135
135
136
137
137
137
137
139
139
139
140
140
141
141
141
142
142
143
143
143
144
145
145
145
145
146
146
146
146
147
147
147
147
147
147
147
147
147
147
147
147
147
147
147
147
147
147
147
147
147
147
147
147
147
147
147
146
146
145
145
145
145
144
144
143
143
143
142
142
141
140
140
140
139
138
138
137
137
136
135
134
133
132
131
130
129
129
127
127
126
125
124
124
122
122
121
120
119
118
118
117
116
115
114
114
113
112
112
112
112
110
110
110
110
110
109
109
109
109
109
109
109
109
108
109
109
109
108
107
107
107
107
107
107
108
108
108
108
108
109
109
109
109
110
110
111
111
112
112
113
114
114
114
114
115
116
116
116
117
117
118
118
119
119
119
119
119
120
120
120
121
121
121
121
121
121
121
120
120
120
119
119
119
119
119
119
118
117
117
117
116
115
115
115
114
113
113
113
112
111
111
110
110
109
109
108
107
107
106
106
105
104
104
104
103
102
102
102
101
100
100
100
99
98
98
98
98
96
96
96
96
96
94
94
94
94
94
93
93
92
92
92
92
92
92
92
92
92
93
94
94
95
95
96
97
96
96
96
96
96
96
96
96
96
96
96
96
97
98
98
100
100
102
102
104
105
106
108
109
110
111
112
113
114
114
115
116
116
116
115
115
115
115
113
112
109
108
105
101
98
93
45
44
1
1
1
1
1
1
1
1
1
1
1
1
1
1
1
1
1
1
1
1
1
1
1
1
1
1
1
1
1
1
1
1
1
1
1
1
1
1
1
1
1
1
1
1
1
1
1
1
1
1
1
1
1
1
1
1
