# Vetor de dados - syn_f003658-0-Pre--front--vetorlinha.txt
# Total de elementos: 768
# Formato: um valor por linha
#==================================================

1
1
1
1
1
1
1
1
1
1
1
1
1
1
1
1
1
1
1
1
1
1
1
1
1
1
1
1
1
1
1
1
1
1
1
1
1
1
1
1
1
1
1
1
1
1
1
1
1
1
1
1
1
1
1
1
1
1
1
1
1
1
1
1
1
1
1
1
1
1
1
1
1
1
1
1
1
1
1
1
1
1
1
1
1
1
1
1
1
1
1
1
1
1
1
1
1
1
1
1
1
1
1
1
1
1
1
1
1
1
1
1
1
1
1
1
1
1
1
1
1
1
8
21
25
29
33
37
39
41
43
45
47
49
50
51
52
53
55
56
57
58
58
59
60
61
61
61
61
61
63
63
63
63
62
62
62
61
61
61
61
63
68
70
70
70
70
70
69
68
68
68
67
66
66
66
64
64
62
61
60
57
53
53
52
51
51
51
50
49
48
47
46
46
46
46
46
46
46
45
45
45
45
45
45
44
44
44
44
44
46
47
52
56
63
72
112
123
230
386
461
495
512
540
564
572
595
613
612
612
610
605
590
581
578
568
562
565
566
565
499
495
490
406
396
385
373
361
346
332
318
293
252
239
226
212
193
181
174
169
164
161
158
156
154
153
152
150
148
147
145
144
142
141
139
137
136
134
134
133
132
131
131
131
129
129
129
129
128
128
128
128
128
128
127
126
126
126
126
125
124
124
124
122
122
121
119
119
117
116
116
115
115
115
115
115
116
116
116
116
116
116
116
116
116
116
116
116
116
116
116
116
117
117
117
117
117
117
117
118
118
118
118
117
117
117
117
117
116
118
118
119
120
121
123
123
124
125
126
127
127
128
129
130
130
131
131
131
132
132
132
133
133
133
133
133
133
133
133
133
133
133
133
133
133
133
133
133
133
131
131
131
131
131
129
129
129
129
129
129
129
129
129
129
129
129
128
128
128
128
128
128
128
128
128
128
128
128
128
128
128
128
129
129
129
129
129
129
129
129
129
129
129
129
129
129
129
129
129
128
128
128
127
127
127
127
127
126
126
126
125
125
124
124
124
124
124
124
124
123
122
122
122
122
122
121
121
121
120
120
119
119
119
119
118
118
117
117
117
117
117
116
116
115
115
115
115
115
114
114
113
113
113
113
113
112
111
111
111
111
111
110
110
110
110
109
109
108
108
108
108
107
107
107
106
106
106
106
106
106
106
105
105
105
105
105
105
105
104
104
104
104
104
104
104
104
102
102
102
102
102
102
102
101
101
102
102
102
101
102
102
102
102
102
102
104
104
104
104
104
105
105
106
106
106
107
108
108
108
108
109
108
108
109
109
109
109
109
109
109
109
108
108
108
107
107
107
107
107
107
107
106
106
105
105
105
104
104
104
104
103
103
102
102
102
101
101
101
100
100
100
99
99
99
98
98
97
97
97
96
95
95
95
94
94
93
93
92
92
91
91
90
90
89
89
88
88
88
88
87
87
87
88
88
88
88
88
88
88
88
89
89
90
90
90
90
91
91
91
91
91
91
91
90
90
92
92
92
92
93
93
94
95
95
97
97
97
99
99
101
103
103
105
107
107
109
109
111
112
113
113
114
113
113
113
111
111
110
108
107
106
102
99
97
95
43
42
1
1
1
1
1
1
1
1
1
1
1
1
1
1
1
1
1
1
1
1
1
1
1
1
1
1
1
1
1
1
1
1
1
1
1
1
1
1
1
1
1
1
1
1
1
1
1
1
1
1
1
1
1
1
1
1
1
1
1
1
1
