# Vetor de dados - syn_f000138-3-Pre--left--vetorlinha.txt
# Total de elementos: 768
# Formato: um valor por linha
#==================================================

1
1
1
1
1
1
1
1
1
1
1
1
1
1
1
1
1
1
1
1
1
1
1
1
1
1
1
1
1
1
1
1
1
1
1
1
1
1
1
1
1
1
1
1
1
1
1
1
1
1
1
1
1
1
1
1
1
1
1
1
1
1
1
1
1
1
1
1
1
1
1
1
1
1
1
1
1
1
1
1
1
1
1
1
1
1
1
1
1
1
1
1
1
1
1
1
1
1
1
1
1
1
1
1
1
1
1
1
1
1
1
1
1
1
1
1
1
1
1
1
1
1
1
1
1
1
1
1
1
1
1
1
1
1
1
1
1
1
1
1
1
1
1
1
1
1
1
1
1
1
1
1
1
1
1
1
1
1
1
18
26
32
37
41
44
47
50
52
54
56
58
59
61
63
64
65
65
67
67
68
69
70
70
71
71
71
71
71
71
73
73
73
73
73
73
73
73
74
75
75
75
76
76
77
76
76
75
74
72
71
69
68
68
67
66
64
64
63
63
62
61
59
59
58
58
58
58
57
56
56
55
51
44
43
43
42
43
42
43
44
43
44
44
45
46
46
46
46
47
46
47
48
48
48
49
49
49
50
52
140
146
152
158
162
168
174
180
187
191
194
197
200
205
211
216
222
231
238
247
248
247
248
246
243
241
234
233
212
166
155
145
86
81
81
82
82
82
82
82
82
82
82
82
81
81
82
82
82
82
82
81
81
81
81
81
80
80
78
78
78
78
77
76
74
73
73
73
72
71
71
70
70
69
68
68
67
66
64
64
62
62
62
60
59
59
57
57
55
54
54
54
53
53
53
53
53
53
53
53
53
54
54
54
55
54
54
56
56
57
58
59
61
62
63
63
64
64
64
64
65
65
66
67
67
69
69
70
71
72
72
74
74
74
75
76
76
77
77
78
78
79
79
79
79
80
80
80
80
81
81
81
81
81
81
81
81
81
81
81
81
81
81
81
81
81
80
80
79
78
78
78
78
78
78
78
77
77
78
77
77
77
76
76
75
75
75
75
74
73
72
72
73
72
72
72
71
71
71
71
71
73
73
72
73
73
73
73
72
72
73
73
73
73
73
73
73
73
72
72
72
72
71
70
70
70
70
70
68
68
68
68
67
67
66
65
65
65
65
63
63
63
63
61
61
61
60
60
59
58
58
57
56
55
55
54
54
54
53
52
51
51
50
50
49
49
49
49
49
49
50
50
51
52
52
53
53
53
54
54
54
54
54
54
53
54
54
53
53
53
52
53
52
51
51
51
51
50
51
51
50
50
50
50
50
50
50
50
50
49
49
50
50
50
51
51
51
51
51
52
52
52
51
50
50
50
50
50
50
50
50
49
49
48
48
48
48
47
46
46
45
45
45
44
44
42
42
41
41
40
40
40
39
38
37
37
37
36
36
36
36
36
36
36
36
37
38
39
39
41
43
45
47
49
51
53
56
59
62
64
64
66
69
72
74
77
78
78
77
77
47
50
53
56
60
65
67
70
73
75
77
78
78
77
76
74
75
72
64
52
45
40
35
33
1
1
1
1
1
1
1
1
1
1
1
1
1
1
1
1
1
1
1
1
1
1
1
1
1
1
1
1
1
1
1
1
1
1
1
1
1
1
1
1
1
1
1
1
1
1
1
1
1
1
1
1
1
1
1
1
1
1
1
1
1
1
1
1
1
1
1
1
1
1
1
1
1
1
1
1
1
1
1
1
1
1
1
1
1
1
1
1
1
1
1
1
1
1
1
