# Vetor de dados - syn_f001937-0-Pre--left--vetorlinha.txt
# Total de elementos: 768
# Formato: um valor por linha
#==================================================

1
1
1
1
1
1
1
1
1
1
1
1
1
1
1
1
1
1
1
1
1
1
1
1
1
1
1
1
1
1
1
1
1
1
1
1
1
1
1
1
1
1
1
1
1
1
1
1
1
1
1
1
1
1
1
1
1
1
1
1
1
1
1
1
1
1
1
1
1
1
1
1
1
1
1
1
1
1
1
1
1
1
1
1
1
1
1
1
1
1
1
1
1
1
1
1
1
1
1
1
1
1
1
1
1
1
1
1
1
1
1
1
1
1
1
1
1
1
1
1
1
1
1
1
1
1
1
1
1
1
19
27
33
37
42
45
47
50
52
54
56
58
60
61
63
64
66
67
67
69
69
70
70
72
72
72
72
72
72
73
73
73
73
74
74
75
76
75
76
77
78
77
78
79
80
81
81
81
82
82
82
81
81
80
79
77
74
72
71
70
70
69
68
67
66
66
65
65
64
63
62
62
61
61
61
61
60
60
59
58
43
41
41
41
41
40
41
40
41
40
41
40
41
41
42
41
42
43
44
45
46
47
48
49
49
50
50
52
52
55
154
160
167
174
186
207
213
218
224
232
238
250
257
272
275
274
274
274
272
270
269
260
259
258
189
181
174
165
151
106
99
91
81
81
81
83
84
84
85
85
86
85
86
86
86
86
86
86
86
87
86
86
86
85
85
85
84
84
84
83
83
81
81
81
80
79
79
78
77
75
75
73
73
73
73
74
74
74
73
73
73
73
73
73
73
73
73
72
72
72
72
72
71
70
70
70
70
69
69
69
69
69
68
68
68
68
68
67
67
67
67
66
67
67
67
67
68
68
67
67
68
68
68
69
69
69
70
71
71
71
73
73
73
73
73
73
74
74
75
75
75
76
77
77
77
78
78
78
78
79
79
79
79
79
80
80
80
80
80
80
80
80
80
80
80
79
80
79
79
78
79
79
78
79
78
78
77
78
78
77
77
78
77
77
78
78
78
79
79
79
79
80
80
79
79
79
79
80
80
80
80
79
79
78
78
77
78
77
77
76
75
75
74
74
73
73
72
72
71
71
70
70
69
69
69
68
68
68
67
67
66
66
65
65
65
64
64
63
63
63
63
63
62
62
61
61
61
60
60
60
60
59
59
59
59
58
58
58
57
57
57
56
56
56
56
55
55
55
54
53
53
53
52
52
52
51
51
51
51
50
50
50
49
49
49
49
48
48
48
48
48
47
47
47
48
48
48
48
48
48
48
49
49
49
49
49
49
50
50
50
50
50
51
50
50
50
50
50
50
49
48
48
48
47
47
47
46
46
45
44
44
43
43
43
42
42
42
43
43
43
43
44
44
44
43
43
43
43
43
43
43
43
43
43
43
42
42
42
42
42
42
42
41
41
41
41
41
39
39
39
39
39
39
38
37
37
37
36
36
36
35
35
35
35
35
34
34
34
34
34
34
34
33
33
33
33
34
34
34
33
33
34
34
34
35
35
34
36
37
36
38
39
40
43
45
48
51
54
56
59
61
64
67
70
72
74
75
78
81
81
82
82
82
82
81
72
64
70
73
77
82
85
87
88
88
88
88
88
86
85
85
84
83
80
69
53
45
36
33
1
1
1
1
1
1
1
1
1
1
1
1
1
1
1
1
1
1
1
1
1
1
1
1
1
1
1
1
1
1
1
1
1
1
1
1
1
1
1
1
1
1
1
1
1
1
1
1
1
1
1
1
1
1
1
1
1
1
1
1
1
1
1
1
1
1
1
1
1
