# Vetor de dados - syn_f004848-0-Pre--left--vetorlinha.txt
# Total de elementos: 768
# Formato: um valor por linha
#==================================================

1
1
1
1
1
1
1
1
1
1
1
1
1
1
1
1
1
1
1
1
1
1
1
1
1
1
1
1
1
1
1
1
1
1
1
1
1
1
1
1
1
1
1
1
1
1
1
1
1
1
1
1
1
1
1
1
1
1
1
1
1
1
1
1
1
1
1
1
1
1
1
1
1
1
1
1
1
1
1
1
1
1
1
1
1
1
1
1
1
1
1
1
1
1
1
1
1
1
1
1
1
1
1
1
1
8
23
30
36
40
44
48
51
54
56
58
60
62
64
66
68
69
71
71
73
73
75
75
76
77
77
79
79
79
79
80
80
80
80
80
80
80
81
81
82
82
81
82
82
83
83
83
83
84
84
84
85
85
84
83
82
80
77
75
74
74
73
72
70
69
69
68
67
66
65
63
63
63
63
62
62
62
62
61
61
60
59
57
56
54
52
50
49
48
47
47
46
46
46
46
46
47
47
48
48
48
49
50
50
51
52
53
53
54
55
61
67
73
172
180
190
217
230
234
238
245
252
260
265
279
288
303
303
304
303
302
300
297
297
288
287
285
266
265
215
211
206
202
199
194
189
182
174
166
160
154
123
115
108
100
99
100
102
102
102
103
104
104
105
106
106
107
107
107
107
108
107
108
108
108
108
108
108
108
107
107
106
106
106
106
105
105
105
105
104
104
102
102
101
101
100
99
98
99
98
99
99
99
100
100
101
101
101
101
101
102
102
102
102
102
103
102
102
103
102
102
103
103
103
103
104
103
103
103
104
104
104
104
103
103
104
104
104
104
103
103
103
103
102
102
102
102
101
101
101
101
101
102
102
102
102
102
103
103
104
104
104
105
105
106
106
106
107
107
108
108
109
108
109
109
110
110
111
110
110
111
111
112
112
112
112
112
113
113
113
114
114
114
115
114
114
115
115
115
115
115
116
116
116
116
117
117
117
116
116
116
116
117
117
116
116
115
114
114
113
113
112
112
111
109
108
108
108
107
107
107
107
106
106
106
105
105
104
103
103
102
101
100
99
98
96
95
94
93
92
92
92
91
91
90
90
89
89
88
88
88
87
87
86
85
85
85
85
84
84
84
83
83
82
82
81
81
81
80
80
80
80
80
79
79
79
78
78
78
77
77
76
76
76
76
76
75
75
75
74
74
74
73
73
72
72
72
71
71
71
70
70
70
69
69
69
68
68
67
67
66
66
66
64
64
63
63
63
62
62
62
61
61
61
61
60
60
60
59
59
60
59
59
60
59
60
60
59
60
60
59
60
59
59
59
59
58
59
58
57
57
57
57
56
55
56
55
54
54
53
53
52
52
52
51
50
50
49
49
49
50
50
50
49
49
49
50
50
50
50
49
49
49
49
50
50
50
50
49
49
49
49
49
48
48
48
48
48
47
47
47
47
47
46
46
46
46
45
45
44
44
44
44
44
44
43
42
42
42
42
41
41
41
41
41
40
39
39
39
39
39
38
38
38
38
39
39
38
38
38
39
39
39
38
39
39
39
40
40
40
41
41
42
44
45
46
48
50
52
55
57
59
63
68
71
73
75
77
78
80
81
82
84
84
85
88
88
88
88
88
49
51
53
55
58
60
63
65
69
71
73
75
77
79
81
82
84
85
87
86
84
82
76
66
60
55
50
47
43
41
36
1
1
1
1
1
1
1
1
1
1
1
1
1
1
1
1
1
1
1
1
1
1
1
1
1
1
1
1
1
1
1
1
1
1
1
1
1
1
1
1
1
1
