# Vetor de dados - syn_f003422-2-Pre--front--vetorlinha.txt
# Total de elementos: 768
# Formato: um valor por linha
#==================================================

1
1
1
1
1
1
1
1
1
1
1
1
1
1
1
1
1
1
1
1
1
1
1
1
1
1
1
1
1
1
1
1
1
1
1
1
1
1
1
1
1
1
1
1
1
1
1
1
1
1
1
1
1
1
1
1
1
1
1
1
1
1
1
1
1
1
1
1
1
1
1
1
1
1
1
1
1
1
1
1
1
1
1
1
1
1
1
1
1
1
1
1
1
1
1
1
1
1
1
1
1
1
1
1
1
1
1
1
1
1
1
1
1
17
24
28
32
36
39
40
43
44
46
48
50
52
53
54
55
57
57
59
59
61
61
61
62
63
63
64
64
64
65
65
65
65
65
65
65
64
64
64
63
64
68
72
72
74
74
73
72
72
72
72
71
70
70
70
69
68
67
65
65
64
62
59
55
55
53
53
53
51
51
51
50
49
49
49
48
48
48
48
47
47
47
48
47
47
48
48
49
50
53
59
65
68
72
75
79
84
257
281
334
344
355
447
461
480
497
535
543
547
551
556
561
564
566
559
564
578
592
592
592
591
590
588
532
513
503
502
499
495
490
485
479
417
405
393
382
371
360
348
324
313
299
283
263
248
231
210
177
171
167
164
161
160
158
158
157
156
155
155
154
154
154
153
152
152
151
151
151
151
150
150
150
150
150
150
149
149
148
148
148
148
148
147
147
147
147
145
145
144
144
142
142
141
140
138
136
135
133
131
130
129
128
127
127
127
129
129
129
129
130
130
130
130
130
130
130
130
130
130
129
129
129
129
129
129
129
129
129
129
128
128
128
128
128
129
129
129
129
130
130
131
132
133
134
134
136
137
137
139
140
141
142
143
144
146
146
148
148
150
150
150
151
152
152
153
153
154
154
155
155
156
156
157
157
157
157
157
157
157
157
157
157
157
157
157
157
157
157
156
156
156
155
155
155
154
154
154
154
154
153
152
152
152
152
152
152
152
153
154
154
154
154
154
154
155
155
155
155
155
155
155
155
155
155
155
155
155
154
154
154
154
154
154
154
154
153
152
152
152
152
152
152
152
152
152
150
150
150
150
150
148
148
148
148
148
146
146
146
146
144
144
144
144
142
142
142
142
140
140
140
139
138
138
138
136
136
136
135
135
134
134
133
132
132
131
130
130
129
129
128
127
127
126
125
125
124
123
123
123
122
122
121
120
120
120
120
118
118
118
118
118
118
118
117
116
116
116
116
116
116
116
116
116
116
116
116
116
115
115
115
115
114
114
115
116
116
116
116
116
116
116
116
117
117
118
118
119
119
120
120
120
121
121
122
122
122
123
123
123
124
124
124
124
124
124
125
125
125
125
125
125
125
125
125
125
125
125
124
124
124
124
124
123
123
123
123
122
122
121
121
121
120
120
119
119
119
118
118
117
117
116
116
115
115
114
114
113
113
112
112
111
111
111
110
110
109
109
108
108
107
107
106
106
106
105
105
104
104
104
103
102
102
102
102
101
100
100
100
100
100
99
99
99
98
98
98
98
99
99
99
99
100
100
100
100
101
101
101
101
101
101
101
102
102
102
103
104
104
104
104
106
106
108
108
109
110
111
113
114
114
116
116
118
118
119
120
120
120
121
121
122
121
120
119
116
116
113
110
108
102
50
49
45
40
1
1
1
1
1
1
1
1
1
1
1
1
1
1
1
1
1
1
1
1
1
1
1
1
1
1
1
1
1
1
1
1
1
1
1
1
1
1
1
1
1
1
1
1
1
1
1
1
1
1
1
