# Vetor de dados - syn_f003156-2-Pre--front--vetorlinha.txt
# Total de elementos: 768
# Formato: um valor por linha
#==================================================

1
1
1
1
1
1
1
1
1
1
1
1
1
1
1
1
1
1
1
1
1
1
1
1
1
1
1
1
1
1
1
1
1
1
1
1
1
1
1
1
1
1
1
1
1
1
1
1
1
1
1
1
1
1
1
1
1
1
1
1
1
1
1
1
1
1
1
1
1
1
1
1
1
1
1
1
1
1
1
1
1
1
1
1
1
1
1
1
1
1
1
1
1
1
1
1
1
1
1
1
1
1
1
1
1
1
1
1
1
1
1
1
1
1
1
1
1
1
1
1
1
1
1
1
1
1
1
1
1
1
1
1
1
1
1
1
1
1
1
1
1
19
24
28
32
36
38
40
42
44
46
48
49
50
52
52
54
55
56
56
58
58
59
60
60
60
60
60
61
62
62
60
60
60
60
60
60
60
60
65
67
68
68
68
68
68
67
66
66
65
64
64
63
62
60
60
58
57
53
51
51
51
50
50
49
48
48
46
45
44
42
42
42
42
42
42
42
42
42
42
42
43
42
44
45
47
50
55
248
254
263
277
318
325
347
352
355
358
373
379
387
407
415
420
424
429
431
432
385
386
387
388
390
394
393
392
390
388
387
385
385
369
364
365
366
366
371
367
355
351
349
349
345
325
325
143
142
142
140
140
140
138
138
138
136
136
134
134
132
131
129
129
127
126
126
125
123
123
121
121
120
120
118
118
117
116
116
115
115
114
114
112
112
112
110
110
110
110
109
108
108
108
108
108
107
106
106
106
106
106
105
105
105
105
104
103
103
103
103
101
101
100
100
98
98
98
96
96
95
94
93
93
93
93
91
91
92
93
93
95
96
97
98
100
101
102
104
104
106
107
108
109
109
111
111
111
113
113
114
115
115
115
116
116
116
117
117
117
117
117
117
117
117
117
117
117
117
118
118
118
118
119
119
119
120
120
120
120
120
120
120
120
122
122
122
122
124
124
124
124
126
126
126
126
127
127
128
128
128
128
129
129
130
130
130
130
130
130
130
130
130
130
130
129
129
129
129
129
129
129
128
128
128
128
128
128
128
127
127
127
127
127
127
127
127
126
126
125
125
124
124
124
124
124
122
122
121
120
120
118
118
117
116
116
116
114
114
114
113
112
112
112
111
110
110
110
109
109
108
108
107
107
106
106
105
105
105
104
104
103
103
103
103
102
102
102
102
102
101
101
101
101
101
101
101
101
101
101
101
101
101
101
101
101
101
101
101
101
101
101
101
102
102
103
103
103
103
104
105
105
105
106
107
107
107
107
108
108
109
109
109
109
110
111
111
111
111
111
111
111
111
111
111
112
111
111
111
111
111
111
111
110
110
110
110
109
108
108
108
107
107
106
106
106
104
104
104
104
102
102
102
102
100
100
100
100
98
98
98
98
96
96
96
95
95
94
94
93
93
92
92
92
91
90
90
90
89
89
88
88
88
87
87
87
87
87
87
87
88
88
88
88
88
88
88
89
89
89
89
89
89
89
89
89
90
90
90
91
91
93
93
95
95
96
97
99
99
101
102
103
104
105
106
107
107
109
109
109
109
108
107
106
104
102
101
99
94
46
45
43
1
1
1
1
1
1
1
1
1
1
1
1
1
1
1
1
1
1
1
1
1
1
1
1
1
1
1
1
1
1
1
1
1
1
1
1
1
1
1
1
1
1
1
1
1
1
1
1
1
1
1
1
1
1
1
1
1
1
1
1
1
1
1
1
1
1
1
1
1
1
1
1
1
1
1
1
1
1
