# Vetor de dados - syn_f001715-0-Pre--front--vetorlinha.txt
# Total de elementos: 768
# Formato: um valor por linha
#==================================================

1
1
1
1
1
1
1
1
1
1
1
1
1
1
1
1
1
1
1
1
1
1
1
1
1
1
1
1
1
1
1
1
1
1
1
1
1
1
1
1
1
1
1
1
1
1
1
1
1
1
1
1
1
1
1
1
1
1
1
1
1
1
1
1
1
1
1
1
1
1
1
1
1
1
1
1
1
1
1
1
1
1
1
1
1
1
1
1
1
1
1
1
1
1
1
1
1
1
1
1
1
1
1
1
1
1
1
1
1
1
1
1
1
1
1
1
1
1
1
1
1
1
1
1
1
1
1
1
1
1
1
1
1
1
1
1
1
1
1
1
1
1
16
23
27
31
35
38
40
41
43
45
47
49
49
51
52
53
54
56
56
57
58
58
59
59
60
60
60
60
61
60
60
60
60
60
60
60
59
59
63
67
67
67
67
67
67
67
65
65
65
64
63
63
61
60
59
58
57
53
49
49
48
48
47
47
47
46
45
44
44
42
41
41
41
41
41
41
41
41
40
40
39
39
39
39
40
41
44
48
54
236
409
431
449
474
515
523
560
560
560
559
556
550
537
525
517
514
517
517
516
516
513
454
393
380
366
353
342
330
318
304
292
278
247
227
213
193
180
167
154
147
143
139
137
136
134
132
130
129
128
126
124
122
120
117
116
114
112
110
108
108
107
106
105
105
104
103
103
103
103
102
101
101
101
101
99
99
99
97
97
96
95
95
95
95
95
96
96
97
97
97
96
96
96
96
96
95
95
95
94
93
93
93
93
91
91
91
91
90
90
90
90
89
88
88
88
88
88
88
88
89
90
91
93
94
95
97
98
100
101
103
103
104
105
105
105
107
107
107
107
107
107
107
108
109
109
110
111
112
113
115
115
117
117
119
119
119
121
121
122
122
122
124
124
124
125
126
126
126
127
127
128
128
128
129
130
130
131
131
131
133
133
133
134
134
135
135
136
136
137
138
138
138
139
140
140
140
140
140
141
141
141
142
142
142
142
142
142
142
141
141
141
141
141
140
140
139
139
139
139
138
138
137
137
136
136
135
135
134
134
134
133
132
132
132
131
130
130
130
129
128
128
127
127
126
126
125
124
124
123
122
121
120
120
119
119
118
117
117
116
115
115
115
114
113
113
113
112
112
112
112
112
111
111
111
110
110
110
110
110
110
110
110
110
110
110
110
110
110
109
109
109
109
109
109
109
109
107
107
107
107
107
106
106
106
106
106
106
105
106
106
106
106
106
106
107
107
107
107
107
107
108
108
109
109
109
109
109
109
109
109
109
109
109
109
109
109
109
109
109
109
109
109
110
109
109
109
109
109
109
109
109
109
109
109
108
108
108
108
107
107
107
107
107
106
106
106
105
105
105
105
104
104
104
103
103
103
103
101
101
101
101
101
100
99
99
99
99
98
98
97
97
96
96
96
96
94
94
94
93
92
92
92
92
90
90
90
90
89
88
89
89
90
90
90
91
91
91
91
91
91
91
91
91
92
92
93
94
94
95
96
97
98
100
101
102
104
105
105
106
107
108
109
110
110
110
110
110
110
110
110
108
106
104
101
99
95
89
1
1
1
1
1
1
1
1
1
1
1
1
1
1
1
1
1
1
1
1
1
1
1
1
1
1
1
1
1
1
1
1
1
1
1
1
1
1
1
1
1
1
1
1
1
1
1
1
1
1
1
1
1
1
1
1
1
1
1
1
1
1
1
1
1
1
1
1
1
1
1
1
1
1
1
1
1
1
1
