# Vetor de dados - syn_f000954-2-Pre--front--vetorlinha.txt
# Total de elementos: 768
# Formato: um valor por linha
#==================================================

1
1
1
1
1
1
1
1
1
1
1
1
1
1
1
1
1
1
1
1
1
1
1
1
1
1
1
1
1
1
1
1
1
1
1
1
1
1
1
1
1
1
1
1
1
1
1
1
1
1
1
1
1
1
1
1
1
1
1
1
1
1
1
1
1
1
1
1
1
1
1
1
1
1
1
1
1
1
1
1
1
1
1
1
1
1
1
1
1
1
1
1
1
1
1
1
1
1
1
1
1
1
1
1
1
1
1
1
1
1
1
1
1
1
1
1
1
1
1
1
1
1
1
1
1
1
1
1
1
10
22
27
30
34
38
40
42
44
46
48
50
51
53
54
55
57
57
59
59
61
61
61
63
63
63
63
64
64
65
65
65
64
64
64
64
63
63
63
64
70
72
72
72
72
72
72
72
71
70
70
70
69
68
68
67
65
65
63
62
58
55
55
55
55
54
53
53
52
51
50
48
48
48
48
49
48
49
49
49
50
50
51
52
53
55
58
61
65
68
72
247
272
324
333
341
431
448
460
498
502
508
515
522
525
527
529
525
517
518
525
532
537
549
559
572
571
509
505
501
496
490
469
457
455
451
447
439
435
351
328
311
290
278
256
236
216
202
172
167
165
164
162
161
161
159
159
159
158
157
156
155
155
153
153
151
150
150
149
148
147
147
147
146
146
146
146
145
145
145
144
144
143
143
143
143
143
142
142
141
140
140
138
137
136
134
133
133
132
132
131
131
130
130
130
129
129
129
128
127
127
126
126
125
125
125
124
124
124
123
124
123
123
124
125
125
125
126
127
127
127
128
129
129
129
129
129
129
128
127
127
127
127
128
128
128
129
129
129
131
131
133
133
135
135
137
139
139
141
141
143
143
144
145
145
146
146
147
147
147
146
146
146
146
146
146
146
145
144
144
144
144
143
143
143
143
143
143
141
141
141
141
141
141
140
140
141
141
141
141
141
141
141
143
143
143
143
143
143
143
143
144
144
145
145
145
145
145
145
145
145
145
145
145
145
145
145
144
144
143
143
143
143
143
143
143
143
143
143
142
142
142
141
141
141
141
141
141
141
140
140
140
139
139
139
139
138
138
138
138
137
136
136
136
136
135
134
134
134
134
132
132
131
130
129
129
127
127
127
125
125
125
123
123
121
121
121
120
119
119
118
118
118
118
117
116
116
116
116
116
116
116
116
116
116
115
115
115
114
114
114
114
114
114
113
113
113
112
112
112
112
112
112
112
112
112
112
113
114
114
114
115
116
116
116
117
118
118
118
119
119
120
120
120
121
121
121
121
122
122
122
122
122
122
122
123
123
123
123
122
122
122
122
121
121
121
121
121
120
120
120
119
118
118
118
117
117
116
116
115
115
114
114
113
113
112
112
111
110
110
110
109
108
108
107
106
106
106
105
104
104
104
103
102
102
102
100
100
100
100
98
98
98
98
98
97
96
96
96
96
96
96
96
96
96
97
97
97
97
97
98
99
99
100
100
100
100
100
100
100
100
100
100
100
100
101
101
101
103
103
103
104
105
106
107
108
109
110
112
113
114
116
116
118
120
121
122
123
123
123
123
123
122
122
121
119
115
113
111
109
101
47
1
1
1
1
1
1
1
1
1
1
1
1
1
1
1
1
1
1
1
1
1
1
1
1
1
1
1
1
1
1
1
1
1
1
1
1
1
1
1
1
1
1
1
1
1
1
1
1
1
1
1
1
1
1
1
1
1
1
1
1
1
1
1
1
1
1
1
