# Vetor de dados - syn_f004670-2-Pre--front--vetorcoluna.txt
# Total de elementos: 1024
# Formato: um valor por linha
#==================================================

1
1
1
1
1
1
1
1
1
1
1
1
1
1
1
1
1
1
1
1
1
1
1
1
1
1
1
1
1
1
1
1
1
1
1
1
1
1
1
1
1
1
1
1
1
1
1
1
1
1
1
1
1
1
1
1
1
1
1
1
1
1
1
1
1
1
1
1
1
1
1
1
1
1
1
1
1
1
1
1
1
1
1
1
1
1
1
1
1
1
1
1
1
1
1
1
1
1
1
1
1
1
1
1
1
1
1
1
1
1
1
1
1
1
1
1
1
1
1
1
1
1
1
1
1
1
1
1
1
1
1
1
1
1
1
1
1
1
1
1
1
1
1
1
1
1
1
1
1
1
1
1
1
1
1
1
1
1
1
1
1
1
1
1
1
1
1
1
1
1
1
1
1
1
1
1
1
1
1
1
1
1
1
1
1
1
1
1
1
1
1
1
1
1
1
1
1
1
1
1
1
1
1
1
1
1
1
1
1
1
1
1
1
1
1
1
1
1
1
1
1
1
1
1
1
1
1
1
1
1
1
1
1
1
1
1
1
1
1
1
1
1
28
28
28
28
28
28
28
28
28
28
28
28
29
29
29
29
29
29
29
29
29
30
30
30
30
30
30
31
31
31
31
31
31
32
32
1
1
1
1
1
32
32
32
32
32
32
32
32
32
32
31
31
31
31
31
31
31
31
31
31
31
31
31
31
32
32
32
32
32
32
32
32
32
32
32
32
32
33
33
33
33
33
33
33
33
33
33
33
33
33
33
33
33
33
33
33
33
33
33
33
33
33
33
33
33
33
33
33
33
33
33
33
34
33
33
33
33
33
33
32
32
32
32
32
31
31
31
31
31
30
30
30
29
29
29
29
28
28
28
28
28
28
28
28
28
29
29
29
29
29
29
29
30
30
30
30
30
30
30
30
30
31
31
31
31
31
31
31
31
31
31
31
31
31
31
31
32
32
32
32
32
32
32
32
33
33
34
34
34
34
36
36
37
38
38
39
40
42
43
45
48
50
53
55
57
58
59
61
62
64
66
68
70
72
73
293
297
400
404
408
412
416
421
496
496
496
495
496
497
497
497
496
495
495
496
497
498
498
498
499
499
499
499
498
496
493
543
506
501
494
488
481
476
471
435
430
425
421
415
411
395
378
362
354
347
339
330
327
332
339
345
351
357
362
368
377
388
409
414
419
422
428
434
474
479
485
490
496
502
508
574
577
579
502
502
503
502
502
501
500
499
498
498
499
499
499
500
499
498
497
498
499
498
496
419
414
409
404
400
396
288
282
73
70
68
65
62
60
59
58
56
54
52
50
48
46
44
42
41
40
40
39
38
37
37
37
36
35
35
35
35
33
33
33
33
32
32
32
32
32
32
32
32
32
32
31
31
31
31
31
31
31
31
31
30
30
30
30
30
30
30
30
30
30
30
29
29
29
29
29
29
29
29
29
28
28
28
28
29
29
29
29
29
30
30
30
30
29
30
30
30
30
30
30
30
32
32
32
32
32
32
32
32
32
32
32
32
32
32
32
32
32
32
32
32
32
32
32
32
31
31
31
31
31
31
31
31
30
30
30
30
30
29
29
29
29
29
28
27
27
27
27
26
26
26
26
25
25
25
25
23
23
23
23
22
22
22
22
21
21
21
21
21
21
19
19
19
20
20
20
20
20
18
18
18
18
18
18
18
17
18
18
19
20
19
20
21
20
21
21
21
21
21
21
21
20
20
20
19
19
19
19
20
19
19
19
20
20
19
19
20
21
19
19
20
20
20
19
18
17
10
10
10
10
10
10
10
10
10
10
10
12
12
12
12
12
12
12
12
10
10
9
8
1
1
1
1
1
1
1
1
1
1
1
1
1
1
1
1
1
1
1
1
1
1
1
1
1
1
1
1
1
1
1
1
1
1
1
1
1
1
1
1
1
1
1
1
1
1
1
1
1
1
1
1
1
1
1
1
1
1
1
1
1
1
1
1
1
1
1
1
1
1
1
1
1
1
1
1
1
1
1
1
1
1
1
1
1
1
1
1
1
1
1
1
1
1
1
1
1
1
1
1
1
1
1
1
1
1
1
1
1
1
1
1
1
1
1
1
1
1
1
1
1
1
1
1
1
1
1
1
1
1
1
1
1
1
1
1
1
1
1
1
1
1
1
1
1
1
1
1
1
1
1
1
1
1
1
1
1
1
1
1
1
1
1
1
1
1
1
1
1
1
1
1
1
1
1
1
1
1
1
1
1
1
1
1
1
1
1
1
1
1
1
1
1
1
1
1
1
1
1
1
1
1
1
1
1
1
1
1
1
1
1
1
1
1
1
1
1
1
1
