# Vetor de dados - syn_f002734-0-Pre--left--vetorlinha.txt
# Total de elementos: 768
# Formato: um valor por linha
#==================================================

1
1
1
1
1
1
1
1
1
1
1
1
1
1
1
1
1
1
1
1
1
1
1
1
1
1
1
1
1
1
1
1
1
1
1
1
1
1
1
1
1
1
1
1
1
1
1
1
1
1
1
1
1
1
1
1
1
1
1
1
1
1
1
1
1
1
1
1
1
1
1
1
1
1
1
1
1
1
1
1
1
1
1
1
1
1
1
1
1
1
1
1
1
1
1
1
1
1
1
1
1
1
1
1
1
1
1
1
1
1
1
1
1
9
21
29
35
38
42
45
47
50
52
54
56
58
60
62
63
65
65
67
67
68
69
69
70
71
71
72
72
72
72
72
72
72
73
73
74
74
75
75
76
76
77
77
77
78
79
80
80
80
81
81
80
80
78
75
74
72
70
70
69
69
68
66
66
65
64
64
64
62
62
62
62
62
62
62
62
62
62
61
60
59
58
55
52
48
47
46
46
46
46
47
46
46
46
46
46
46
46
45
46
47
46
47
47
48
47
48
49
49
52
56
58
62
155
166
174
181
191
201
221
227
230
235
240
247
254
258
267
276
282
294
296
296
295
294
292
290
287
280
278
185
175
158
85
81
81
82
83
83
84
84
85
85
86
86
86
86
86
86
87
87
87
86
86
86
86
85
85
85
85
84
84
84
84
83
83
83
82
82
81
81
81
79
79
78
78
78
79
79
79
78
79
79
79
79
79
80
80
80
80
81
81
81
81
81
81
81
81
81
82
82
82
82
82
81
81
81
81
81
80
80
80
80
79
79
79
78
78
78
77
78
78
78
79
78
78
80
80
80
81
82
82
83
83
84
84
86
86
86
87
88
89
89
89
91
91
92
92
92
92
92
92
93
93
93
92
93
93
92
92
93
92
92
91
92
91
91
92
91
91
91
90
91
91
90
90
89
89
89
89
88
88
87
86
86
85
84
83
83
82
81
82
82
82
81
81
81
81
81
82
81
81
81
81
80
80
79
79
79
79
78
78
77
75
74
72
71
71
71
70
70
69
69
69
68
68
68
67
67
66
66
65
65
65
65
64
64
64
64
63
62
62
62
62
62
62
61
61
61
61
61
61
60
60
60
60
60
60
60
59
59
59
59
58
58
57
57
57
57
57
57
56
56
55
55
54
54
54
54
53
53
52
52
51
51
51
50
50
50
49
48
48
48
48
47
47
47
47
47
46
47
47
47
47
47
47
47
47
48
48
48
49
49
49
50
50
50
51
50
50
50
50
50
49
50
50
49
50
49
49
49
48
48
47
48
47
47
47
47
46
46
45
46
45
45
44
44
43
43
43
43
43
43
43
43
42
42
42
42
42
43
42
42
42
42
42
42
42
42
42
42
42
42
42
41
41
41
42
42
42
42
41
41
41
41
41
41
41
39
39
39
39
39
39
39
39
39
39
39
38
38
38
38
38
38
38
37
37
37
37
37
37
36
36
36
36
36
36
36
36
36
36
35
35
35
35
35
35
36
37
38
38
39
41
43
44
46
48
51
53
54
57
59
61
63
66
73
75
78
80
81
83
83
85
86
87
87
86
86
87
87
83
76
67
57
61
64
68
72
75
79
86
88
90
90
91
92
92
92
91
90
89
89
88
86
80
55
49
45
42
39
1
1
1
1
1
1
1
1
1
1
1
1
1
1
1
1
1
1
1
1
1
1
1
1
1
1
1
1
1
1
1
1
1
1
1
1
1
1
1
1
1
1
1
1
1
1
1
1
1
1
1
1
1
1
