# Vetor de dados - syn_f002123-0-Pre--left--vetorlinha.txt
# Total de elementos: 768
# Formato: um valor por linha
#==================================================

1
1
1
1
1
1
1
1
1
1
1
1
1
1
1
1
1
1
1
1
1
1
1
1
1
1
1
1
1
1
1
1
1
1
1
1
1
1
1
1
1
1
1
1
1
1
1
1
1
1
1
1
1
1
1
1
1
1
1
1
1
1
1
1
1
1
1
1
1
1
1
1
1
1
1
1
1
1
1
1
1
1
1
1
1
1
1
1
1
1
1
1
1
1
1
1
1
1
1
1
1
1
1
1
1
1
1
1
1
1
1
1
1
1
1
1
1
1
1
1
1
1
1
1
1
1
1
1
1
1
1
1
1
1
1
1
1
1
1
12
22
30
35
38
42
45
48
50
52
54
56
58
60
61
63
63
65
65
66
67
67
69
69
69
69
69
69
70
70
70
70
70
71
71
70
70
70
71
70
71
72
72
72
73
74
73
73
72
72
69
67
66
65
65
64
63
63
62
61
60
60
60
59
59
59
59
59
59
58
57
57
55
55
52
48
43
41
41
41
40
41
41
40
41
41
41
42
43
43
44
45
46
46
50
57
63
70
149
156
162
169
182
199
209
212
215
220
225
233
239
247
257
267
276
276
277
276
275
272
270
263
262
245
189
182
174
168
160
147
121
115
110
105
100
92
87
87
88
88
88
89
89
89
89
89
89
90
90
90
90
90
90
89
89
89
88
88
87
87
87
87
87
86
86
85
84
84
84
84
83
83
83
83
83
82
82
81
81
82
81
81
81
80
80
80
81
80
80
80
80
79
80
80
80
80
80
80
81
81
80
80
80
81
81
81
81
80
81
81
81
82
82
82
84
84
85
85
86
86
87
87
88
89
89
90
91
92
93
93
94
94
95
95
97
97
98
98
99
99
99
99
99
100
100
100
100
100
100
101
100
100
101
100
100
99
99
99
99
98
98
97
97
96
96
95
95
94
94
93
92
92
91
91
92
91
91
91
91
91
90
91
91
91
91
90
91
90
90
90
90
89
89
88
88
87
87
87
86
85
85
84
83
83
82
82
81
81
80
80
80
79
79
79
79
78
78
77
76
76
76
76
75
75
75
73
73
73
73
72
72
72
72
71
70
70
70
70
69
70
70
69
69
69
69
68
68
68
68
67
67
67
67
66
66
65
65
64
64
64
63
63
63
63
62
61
61
60
60
60
59
59
59
58
58
57
56
56
55
55
55
54
55
55
55
54
54
54
53
53
54
53
54
53
54
54
54
53
53
53
52
53
52
52
51
52
51
51
51
50
50
50
50
50
49
49
48
49
48
48
48
49
49
48
48
48
48
49
49
49
49
49
49
49
49
49
49
49
49
49
48
48
48
48
48
48
49
48
48
48
48
48
48
47
47
47
47
47
47
46
46
46
46
46
46
45
45
44
44
44
44
43
43
42
42
42
42
41
40
40
40
40
39
38
38
38
38
37
37
37
37
37
36
37
37
37
38
38
39
39
40
42
44
45
47
49
52
54
56
58
63
67
68
70
72
75
77
78
78
78
78
78
78
71
41
42
44
45
47
50
51
53
57
60
63
67
70
72
74
77
78
81
85
86
85
84
82
81
77
64
54
48
41
34
29
1
1
1
1
1
1
1
1
1
1
1
1
1
1
1
1
1
1
1
1
1
1
1
1
1
1
1
1
1
1
1
1
1
1
1
1
1
1
1
1
1
1
1
1
1
1
1
1
1
1
1
1
1
1
1
1
1
1
1
1
1
1
1
1
1
1
1
1
1
1
1
1
1
1
