# Vetor de dados - syn_f002455-1-Pre--front--vetorcoluna.txt
# Total de elementos: 1024
# Formato: um valor por linha
#==================================================

1
1
1
1
1
1
1
1
1
1
1
1
1
1
1
1
1
1
1
1
1
1
1
1
1
1
1
1
1
1
1
1
1
1
1
1
1
1
1
1
1
1
1
1
1
1
1
1
1
1
1
1
1
1
1
1
1
1
1
1
1
1
1
1
1
1
1
1
1
1
1
1
1
1
1
1
1
1
1
1
1
1
1
1
1
1
1
1
1
1
1
1
1
1
1
1
1
1
1
1
1
1
1
1
1
1
1
1
1
1
1
1
1
1
1
1
1
1
1
1
1
1
1
1
1
1
1
1
1
1
1
1
1
1
1
1
1
1
1
1
1
1
1
1
1
1
1
1
1
1
1
1
1
1
1
1
1
1
1
1
1
1
1
1
1
1
1
1
1
1
1
1
1
1
1
1
1
1
1
1
1
1
1
1
1
1
1
1
1
1
1
1
1
1
1
1
1
1
1
1
1
1
1
1
1
1
1
1
1
1
1
1
1
1
1
1
1
1
1
1
1
1
1
1
1
1
1
1
1
1
1
1
1
1
1
1
8
8
9
9
9
9
9
9
9
9
9
9
9
9
9
9
9
9
9
9
10
10
10
17
17
18
18
18
18
18
20
19
19
18
18
18
18
19
18
18
18
18
18
20
20
19
19
19
20
20
19
19
20
20
19
18
18
17
17
17
17
17
17
16
16
16
16
17
17
18
18
18
18
18
18
18
18
18
19
19
19
21
21
21
21
21
21
21
23
23
23
23
23
23
24
25
25
25
25
26
26
26
26
27
27
27
28
28
28
28
28
28
30
30
30
30
30
30
30
31
31
32
32
32
32
32
32
32
32
33
33
33
33
33
32
32
32
32
32
31
31
31
31
31
30
30
30
30
30
30
30
30
30
30
30
30
30
30
29
30
30
30
30
30
30
30
30
30
30
30
30
30
30
30
30
30
30
30
30
31
31
31
31
32
32
32
32
32
32
33
33
33
33
34
34
34
34
35
35
36
36
36
37
37
39
40
40
41
43
45
47
48
50
52
53
54
55
56
58
60
61
62
64
65
70
252
257
265
365
370
375
380
384
388
456
457
459
459
459
459
460
461
462
462
461
461
461
462
463
464
465
465
466
465
390
385
449
446
444
440
436
400
397
395
390
338
333
330
325
322
319
313
306
296
292
292
299
317
322
325
328
331
334
339
345
389
392
395
398
435
439
442
447
451
457
463
470
538
538
469
468
467
467
465
463
464
464
463
464
463
462
461
460
460
459
458
392
388
384
378
373
369
261
254
249
245
242
72
69
67
66
63
59
57
56
54
53
53
51
50
48
47
44
43
41
41
40
39
38
38
36
36
35
35
35
33
33
33
33
33
32
32
31
31
31
31
31
31
30
30
30
30
30
30
30
30
30
30
30
30
30
29
29
29
29
29
29
29
29
29
29
29
29
29
29
29
29
29
30
30
30
30
30
30
30
31
31
31
31
31
32
32
33
33
33
33
33
33
34
34
34
34
34
34
33
33
33
33
33
33
33
33
32
32
32
32
32
31
31
30
30
30
30
30
30
29
29
29
28
28
28
28
27
27
27
26
26
25
25
25
25
25
24
24
23
23
23
23
22
22
22
22
22
21
21
21
21
20
20
19
18
18
18
18
18
18
18
18
18
18
18
18
18
17
18
18
19
18
19
20
20
19
19
20
20
20
19
19
19
19
19
20
18
18
18
18
18
18
19
20
18
19
19
19
19
20
20
19
19
18
17
12
9
9
9
9
9
9
9
9
9
9
9
9
8
8
8
8
8
8
8
8
2
1
1
1
1
1
1
1
1
1
1
1
1
1
1
1
1
1
1
1
1
1
1
1
1
1
1
1
1
1
1
1
1
1
1
1
1
1
1
1
1
1
1
1
1
1
1
1
1
1
1
1
1
1
1
1
1
1
1
1
1
1
1
1
1
1
1
1
1
1
1
1
1
1
1
1
1
1
1
1
1
1
1
1
1
1
1
1
1
1
1
1
1
1
1
1
1
1
1
1
1
1
1
1
1
1
1
1
1
1
1
1
1
1
1
1
1
1
1
1
1
1
1
1
1
1
1
1
1
1
1
1
1
1
1
1
1
1
1
1
1
1
1
1
1
1
1
1
1
1
1
1
1
1
1
1
1
1
1
1
1
1
1
1
1
1
1
1
1
1
1
1
1
1
1
1
1
1
1
1
1
1
1
1
1
1
1
1
1
1
1
1
1
1
1
1
1
1
1
1
1
1
1
1
1
1
1
1
1
1
1
1
1
1
1
1
1
1
1
1
1
1
1
1
1
1
1
1
1
1
1
1
1
1
1
1
