# Vetor de dados - syn_f001884-2-Pre--front--vetorlinha.txt
# Total de elementos: 768
# Formato: um valor por linha
#==================================================

1
1
1
1
1
1
1
1
1
1
1
1
1
1
1
1
1
1
1
1
1
1
1
1
1
1
1
1
1
1
1
1
1
1
1
1
1
1
1
1
1
1
1
1
1
1
1
1
1
1
1
1
1
1
1
1
1
1
1
1
1
1
1
1
1
1
1
1
1
1
1
1
1
1
1
1
1
1
1
1
1
1
1
1
1
1
1
1
1
1
1
1
1
1
1
1
1
1
1
1
1
1
1
1
1
1
1
1
1
1
1
14
23
27
31
35
37
39
41
43
45
47
49
49
51
52
53
54
55
56
57
58
58
59
60
60
61
61
61
61
61
61
61
61
61
61
61
61
60
61
65
67
68
68
68
68
68
68
68
66
66
66
65
64
64
62
61
60
60
56
53
50
50
50
48
48
48
46
46
46
45
44
44
44
44
44
44
43
42
42
42
42
42
42
43
43
45
48
51
55
57
61
63
67
71
75
82
91
110
122
134
384
395
444
454
465
491
504
518
538
567
584
604
604
604
603
601
598
581
567
557
557
559
559
559
557
490
414
401
387
375
362
347
300
254
228
209
187
170
162
158
155
152
149
147
146
145
144
143
142
141
140
139
138
137
137
135
133
131
129
128
126
125
124
122
122
120
119
119
117
117
116
116
115
114
114
113
113
111
111
110
109
108
108
106
105
104
102
101
99
98
97
97
97
95
96
96
96
96
97
97
97
97
97
97
97
98
96
96
96
96
96
96
95
95
95
94
94
94
94
94
94
93
93
92
91
91
91
90
90
89
89
89
90
90
91
91
92
93
95
96
97
99
100
102
104
105
106
108
109
109
111
111
113
113
114
115
115
115
116
117
117
117
118
118
118
118
119
120
120
120
121
122
122
122
123
123
123
125
125
125
126
126
127
128
128
128
130
130
130
130
131
132
132
133
133
133
134
135
135
135
135
135
136
136
136
136
136
137
137
137
137
137
138
138
137
137
137
137
137
137
137
137
137
137
137
137
137
137
137
137
137
137
137
136
136
136
136
136
136
135
135
135
134
134
134
134
134
134
132
132
132
132
132
131
130
130
130
130
129
128
128
128
126
126
126
126
125
125
124
124
123
123
123
123
121
121
121
121
120
119
119
119
117
117
116
116
115
115
114
114
114
113
112
112
112
112
110
110
110
110
109
108
108
108
108
108
107
107
107
107
107
107
107
106
106
106
106
106
106
106
106
106
105
105
105
105
105
105
105
105
105
105
106
106
106
106
106
107
107
107
107
108
108
109
109
109
110
110
110
111
111
111
112
112
113
113
113
113
114
114
115
115
115
115
115
115
115
115
115
115
115
115
115
115
115
115
114
114
114
114
114
113
113
113
113
112
112
112
111
111
111
110
110
109
109
109
108
108
107
107
106
106
106
105
104
104
104
104
103
102
102
102
102
100
100
100
100
100
98
98
98
98
98
96
96
96
96
96
94
94
94
94
92
92
92
92
92
92
90
90
90
90
90
90
90
90
90
90
90
90
90
90
90
90
92
92
92
92
92
92
92
92
92
92
92
92
93
94
94
94
96
96
96
98
98
98
99
100
102
103
104
105
107
108
109
110
110
111
112
113
114
114
115
114
114
114
114
114
114
112
110
106
104
100
97
91
42
1
1
1
1
1
1
1
1
1
1
1
1
1
1
1
1
1
1
1
1
1
1
1
1
1
1
1
1
1
1
1
1
1
1
1
1
1
1
1
1
1
1
1
1
1
1
1
1
1
1
