# Vetor de dados - syn_f000944-0-Pre--front--vetorcoluna.txt
# Total de elementos: 1024
# Formato: um valor por linha
#==================================================

1
1
1
1
1
1
1
1
1
1
1
1
1
1
1
1
1
1
1
1
1
1
1
1
1
1
1
1
1
1
1
1
1
1
1
1
1
1
1
1
1
1
1
1
1
1
1
1
1
1
1
1
1
1
1
1
1
1
1
1
1
1
1
1
1
1
1
1
1
1
1
1
1
1
1
1
1
1
1
1
1
1
1
1
1
1
1
1
1
1
1
1
1
1
1
1
1
1
1
1
1
1
1
1
1
1
1
1
1
1
1
1
1
1
1
1
1
1
1
1
1
1
1
1
1
1
1
1
1
1
1
1
1
1
1
1
1
1
1
1
1
1
1
1
1
1
1
1
1
1
1
1
1
1
1
1
1
1
1
1
1
1
1
1
1
1
1
1
1
1
1
1
1
1
1
1
1
1
1
1
1
1
1
1
1
1
1
1
1
1
1
1
1
1
1
1
1
1
1
1
1
1
1
1
1
1
1
1
1
1
1
1
1
1
1
1
1
1
1
1
1
1
1
1
1
1
8
8
8
8
8
8
8
8
8
8
8
8
8
8
9
9
9
10
10
10
10
16
17
18
18
19
19
19
19
19
18
18
20
19
18
18
18
18
18
18
19
19
19
19
19
20
20
20
19
19
20
20
19
19
20
18
18
17
16
17
17
16
16
16
16
16
16
16
16
16
16
16
16
16
16
16
16
17
17
17
17
18
18
19
19
19
20
20
20
20
20
20
22
22
22
22
22
23
23
24
24
24
25
25
25
25
25
26
26
27
27
27
27
27
27
27
28
29
29
29
29
29
29
29
30
30
30
30
31
31
31
31
31
31
31
31
31
31
31
31
31
31
31
30
30
30
30
30
30
30
30
30
30
29
29
29
29
29
29
29
29
29
29
29
29
29
29
29
29
29
29
30
30
30
30
30
30
30
31
31
31
31
31
31
31
31
31
31
32
33
33
33
33
33
33
34
34
34
34
35
35
35
35
36
36
37
37
38
38
38
39
40
40
41
41
42
42
42
44
45
46
47
49
50
51
52
54
55
56
57
58
59
60
61
62
64
65
270
278
284
289
311
375
383
391
397
403
408
482
484
484
484
484
485
486
485
485
484
483
484
486
486
486
487
487
486
560
486
483
480
477
474
471
467
463
457
417
413
409
405
398
367
356
349
343
337
333
327
319
316
320
327
332
336
340
345
351
359
399
403
406
408
412
458
462
466
469
473
476
479
411
415
486
486
486
484
483
482
482
483
483
484
484
483
481
481
482
481
480
479
414
410
406
403
398
393
388
382
289
279
272
267
61
59
58
56
55
54
52
51
50
49
47
46
45
44
43
42
41
41
41
39
39
39
38
37
37
37
36
36
36
36
35
35
35
34
34
34
34
33
33
33
32
33
32
31
31
31
31
31
31
30
30
30
30
30
29
29
29
29
29
29
29
29
29
29
29
29
29
28
28
28
28
28
28
28
28
28
28
28
28
28
29
29
29
29
29
29
30
30
31
31
31
31
31
31
31
31
31
31
31
31
31
31
31
30
30
30
30
30
30
29
29
29
29
29
29
29
29
29
29
28
27
27
27
27
27
27
27
26
26
26
25
25
24
24
24
24
24
24
23
23
22
22
22
22
22
21
21
21
21
20
20
19
19
19
18
18
18
18
17
17
17
17
17
17
17
17
17
17
17
17
17
18
17
18
18
20
19
19
20
19
19
20
20
20
19
19
19
20
18
18
18
18
18
19
18
18
18
19
19
20
19
19
19
19
19
19
19
18
17
9
9
9
9
9
9
9
9
8
8
8
8
8
8
8
8
8
8
8
8
8
5
1
1
1
1
1
1
1
1
1
1
1
1
1
1
1
1
1
1
1
1
1
1
1
1
1
1
1
1
1
1
1
1
1
1
1
1
1
1
1
1
1
1
1
1
1
1
1
1
1
1
1
1
1
1
1
1
1
1
1
1
1
1
1
1
1
1
1
1
1
1
1
1
1
1
1
1
1
1
1
1
1
1
1
1
1
1
1
1
1
1
1
1
1
1
1
1
1
1
1
1
1
1
1
1
1
1
1
1
1
1
1
1
1
1
1
1
1
1
1
1
1
1
1
1
1
1
1
1
1
1
1
1
1
1
1
1
1
1
1
1
1
1
1
1
1
1
1
1
1
1
1
1
1
1
1
1
1
1
1
1
1
1
1
1
1
1
1
1
1
1
1
1
1
1
1
1
1
1
1
1
1
1
1
1
1
1
1
1
1
1
1
1
1
1
1
1
1
1
1
1
1
1
1
1
1
1
1
1
1
1
1
1
1
1
1
1
1
1
1
1
1
1
1
1
1
