# Vetor de dados - syn_f001962-1-Pre--front--vetorlinha.txt
# Total de elementos: 768
# Formato: um valor por linha
#==================================================

1
1
1
1
1
1
1
1
1
1
1
1
1
1
1
1
1
1
1
1
1
1
1
1
1
1
1
1
1
1
1
1
1
1
1
1
1
1
1
1
1
1
1
1
1
1
1
1
1
1
1
1
1
1
1
1
1
1
1
1
1
1
1
1
1
1
1
1
1
1
1
1
1
1
1
1
1
1
1
1
1
1
1
1
1
1
1
1
1
1
1
1
12
23
27
31
35
38
39
41
43
45
47
49
51
52
53
54
56
56
58
58
60
60
60
62
62
62
64
64
64
64
64
64
64
64
64
64
64
64
64
64
63
62
63
68
71
72
72
72
72
72
72
71
70
70
69
68
68
68
66
65
63
62
61
57
56
52
52
51
51
51
50
49
48
47
45
45
45
45
45
45
45
45
45
45
45
45
45
45
45
46
46
45
45
45
45
46
47
49
51
55
57
60
63
65
69
73
82
89
292
321
341
355
373
419
422
426
431
525
532
538
542
544
541
544
559
565
570
575
579
583
587
525
535
539
547
543
538
532
526
520
511
487
480
477
450
444
434
420
319
303
292
277
231
205
185
180
176
173
171
168
166
166
164
164
162
161
160
159
157
157
155
154
152
149
148
146
145
143
142
141
139
139
137
136
136
134
133
133
132
131
131
130
130
130
128
128
128
127
126
125
125
123
123
121
120
118
118
119
119
119
120
120
120
120
120
120
120
120
118
118
118
117
116
116
115
115
115
113
113
113
113
112
112
112
112
112
111
111
111
112
112
112
112
113
113
113
114
114
114
114
116
116
116
116
116
117
118
118
118
120
120
120
122
123
124
126
126
128
129
130
131
132
133
134
135
135
136
137
137
138
138
138
138
139
139
140
140
140
140
140
140
140
140
140
139
139
138
138
138
138
138
138
138
138
138
138
138
138
138
139
140
140
140
140
140
140
141
141
142
142
142
143
144
144
144
144
144
145
145
146
146
146
146
146
146
146
146
146
146
146
147
147
147
146
146
146
146
146
145
145
144
144
144
144
144
144
144
144
144
142
142
142
142
142
142
142
142
141
141
140
140
140
140
140
139
139
138
138
138
138
138
137
136
136
136
136
135
134
134
134
134
134
132
132
132
132
132
131
130
130
130
130
130
129
128
128
128
127
127
127
125
125
125
124
124
123
123
122
122
121
121
120
120
119
119
118
118
118
117
116
116
116
116
116
114
114
114
114
114
114
114
114
114
114
114
114
114
114
114
113
113
113
113
112
112
112
112
112
112
112
112
112
112
112
112
112
111
112
112
112
112
113
113
113
114
115
115
116
116
117
118
118
118
119
120
120
120
120
122
122
122
122
122
122
122
123
123
123
124
124
124
124
124
124
123
123
123
123
123
123
122
122
122
122
121
121
121
121
120
120
119
119
119
119
118
117
117
117
117
117
116
115
115
115
114
114
113
113
113
113
112
111
111
111
111
109
109
109
109
108
108
107
107
106
106
106
106
105
104
104
104
104
102
102
102
102
102
102
100
100
100
100
100
100
98
98
98
98
98
98
98
98
98
98
98
98
98
98
98
98
98
98
98
98
98
99
99
99
99
99
99
100
100
101
101
101
103
103
104
105
106
106
108
109
111
112
113
115
116
116
117
118
119
119
121
121
122
122
122
122
122
122
122
121
120
117
115
113
106
103
99
93
46
40
1
1
1
1
1
1
1
1
1
1
1
1
1
1
1
1
1
1
1
1
1
1
1
1
1
1
1
1
1
1
1
1
