# Vetor de dados - syn_f002003-2-Pre--front--vetorlinha.txt
# Total de elementos: 768
# Formato: um valor por linha
#==================================================

1
1
1
1
1
1
1
1
1
1
1
1
1
1
1
1
1
1
1
1
1
1
1
1
1
1
1
1
1
1
1
1
1
1
1
1
1
1
1
1
1
1
1
1
1
1
1
1
1
1
1
1
1
1
1
1
1
1
1
1
1
1
1
1
1
1
1
1
1
1
1
1
1
1
1
1
1
1
1
1
1
1
1
1
1
1
1
1
1
1
1
1
1
1
13
23
27
31
34
38
39
41
43
45
47
49
49
51
53
53
55
55
57
57
59
59
59
60
61
61
61
61
62
63
63
63
63
63
62
62
61
61
61
61
61
67
69
70
70
70
70
70
70
68
68
68
66
66
66
64
64
62
61
60
58
51
50
49
48
47
47
47
46
47
47
47
47
47
46
46
46
46
46
46
46
46
46
46
46
46
46
46
46
46
46
47
48
51
54
57
60
252
262
272
299
315
365
368
371
394
400
405
406
404
400
497
500
507
513
517
522
526
531
535
476
478
480
482
483
486
489
490
495
500
510
505
501
497
463
457
451
444
416
407
403
394
390
387
281
211
198
180
172
169
165
163
161
160
158
157
156
155
154
153
152
151
149
148
146
144
142
141
139
137
136
134
134
133
131
131
130
130
129
128
127
127
126
125
124
124
122
122
120
119
118
117
115
114
113
112
112
111
111
111
111
111
111
111
110
109
109
109
109
109
107
107
107
106
106
106
105
104
104
103
103
102
101
101
100
99
99
98
97
96
96
95
94
94
94
93
92
92
92
92
92
94
94
95
96
97
98
100
101
103
104
106
108
109
110
112
114
115
116
118
118
120
121
121
122
123
123
124
125
125
125
125
125
125
125
125
125
125
125
125
125
125
125
125
125
125
125
125
125
125
126
126
126
126
126
126
126
126
127
128
128
128
128
128
129
130
130
130
130
131
132
132
132
133
134
134
134
135
136
136
136
136
136
136
136
137
138
138
138
138
138
138
138
138
138
138
138
138
138
138
138
138
138
138
138
138
138
138
137
137
137
137
136
136
136
136
136
136
136
136
136
136
135
134
134
134
134
133
133
133
133
132
131
131
131
130
130
129
129
129
128
128
127
127
127
126
126
125
125
125
124
123
123
123
123
121
121
121
121
119
119
119
118
117
117
117
117
115
115
115
114
113
113
113
112
111
111
111
110
109
109
109
108
107
107
107
107
107
107
107
107
107
107
107
107
107
107
107
107
108
108
107
107
107
107
107
107
108
108
108
108
108
108
108
108
108
109
109
109
109
110
110
111
112
112
113
113
114
114
115
115
116
116
117
118
118
119
119
120
120
121
121
122
122
122
122
122
122
123
123
123
123
123
123
123
123
123
122
122
122
121
121
121
121
121
121
120
120
119
119
119
118
118
117
117
117
116
116
115
115
115
114
114
113
113
112
112
112
111
110
110
110
109
109
108
108
108
107
106
106
106
105
105
104
104
103
103
102
102
101
101
100
100
99
99
98
97
97
97
96
96
95
95
94
94
93
93
92
92
92
92
92
92
92
92
92
92
92
92
92
92
92
92
92
92
92
92
92
92
92
92
92
92
92
93
93
94
95
95
96
97
97
98
98
99
100
101
102
104
105
106
107
108
109
110
110
111
112
112
112
112
113
112
112
112
112
110
110
109
107
107
106
103
99
97
93
90
46
46
43
1
1
1
1
1
1
1
1
1
1
1
1
1
1
1
1
1
1
1
1
1
1
1
1
1
1
1
1
1
1
1
1
1
1
