# Vetor de dados - syn_f004374-0-Pre--front--vetorcoluna.txt
# Total de elementos: 1024
# Formato: um valor por linha
#==================================================

1
1
1
1
1
1
1
1
1
1
1
1
1
1
1
1
1
1
1
1
1
1
1
1
1
1
1
1
1
1
1
1
1
1
1
1
1
1
1
1
1
1
1
1
1
1
1
1
1
1
1
1
1
1
1
1
1
1
1
1
1
1
1
1
1
1
1
1
1
1
1
1
1
1
1
1
1
1
1
1
1
1
1
1
1
1
1
1
1
1
1
1
1
1
1
1
1
1
1
1
1
1
1
1
1
1
1
1
1
1
1
1
1
1
1
1
1
1
1
1
1
1
1
1
1
1
1
1
1
1
1
1
1
1
1
1
1
1
1
1
1
1
1
1
1
1
1
1
1
1
1
1
1
1
1
1
1
1
1
1
1
1
1
1
1
1
1
1
1
1
1
1
1
1
1
1
1
1
1
1
1
1
1
1
1
1
1
1
1
1
1
1
1
1
1
1
1
1
1
1
1
1
1
1
1
1
1
1
1
1
1
1
1
1
1
1
1
1
14
16
16
16
16
16
18
18
19
19
19
19
19
21
21
20
19
19
21
20
20
19
19
19
20
20
20
20
21
21
21
21
22
22
21
21
22
22
21
21
22
22
22
22
23
23
23
23
23
24
24
24
24
24
24
25
25
25
25
25
25
25
25
25
25
26
26
26
26
26
26
26
26
27
27
27
27
27
27
28
28
28
28
28
28
28
29
29
29
29
29
29
30
30
30
30
30
30
30
31
31
31
31
31
31
31
32
32
32
32
32
32
32
33
33
33
33
33
33
33
34
34
34
34
35
35
35
35
35
35
35
35
35
35
34
34
34
33
33
33
33
32
32
32
32
32
32
32
32
32
32
32
32
32
32
32
32
32
32
32
32
33
33
33
33
33
33
33
33
33
33
33
34
34
34
34
34
34
34
34
34
34
35
35
35
35
35
35
35
35
36
36
36
36
36
37
37
37
37
38
38
38
39
39
39
40
40
40
40
41
41
41
41
41
42
42
42
42
43
43
44
45
46
48
50
51
53
55
56
57
59
61
62
64
68
71
305
313
322
331
412
420
427
434
439
444
449
454
531
531
531
531
532
532
532
532
532
532
533
533
534
534
535
535
536
536
537
538
538
539
540
583
581
550
544
540
536
532
529
524
519
476
472
468
465
461
458
403
397
389
380
368
361
348
371
382
388
392
398
405
415
453
459
461
464
467
470
518
522
528
532
536
541
546
551
556
492
495
536
536
535
534
534
533
532
532
532
531
531
531
531
531
531
531
531
531
530
530
530
530
455
450
445
439
435
430
425
420
347
323
313
69
68
66
65
62
61
61
60
58
57
56
54
52
51
50
48
47
46
44
44
43
43
42
41
41
40
39
39
39
39
38
38
38
37
37
37
36
36
36
36
35
35
35
35
34
34
34
34
34
33
33
33
33
33
33
32
32
32
32
32
32
32
32
32
32
31
31
31
31
31
31
31
31
31
31
30
30
30
30
30
30
30
30
30
30
30
30
30
30
30
30
30
31
31
31
32
33
33
33
33
34
34
34
34
34
34
34
34
34
34
34
34
34
34
33
33
33
32
32
32
32
32
32
32
31
31
31
31
31
30
30
30
30
30
29
29
28
28
28
28
27
27
27
27
27
27
26
26
26
26
26
25
24
24
24
24
24
23
23
23
23
23
23
22
22
22
22
22
22
21
21
21
21
21
21
21
21
20
20
20
20
20
20
20
20
19
19
19
19
19
18
18
18
18
20
19
20
21
19
20
21
21
21
21
21
21
21
20
20
20
20
19
19
19
19
20
19
19
19
20
21
19
20
21
21
21
19
19
19
19
19
18
12
12
9
9
9
9
9
9
9
9
9
9
9
9
8
8
8
8
8
8
8
8
8
1
1
1
1
1
1
1
1
1
1
1
1
1
1
1
1
1
1
1
1
1
1
1
1
1
1
1
1
1
1
1
1
1
1
1
1
1
1
1
1
1
1
1
1
1
1
1
1
1
1
1
1
1
1
1
1
1
1
1
1
1
1
1
1
1
1
1
1
1
1
1
1
1
1
1
1
1
1
1
1
1
1
1
1
1
1
1
1
1
1
1
1
1
1
1
1
1
1
1
1
1
1
1
1
1
1
1
1
1
1
1
1
1
1
1
1
1
1
1
1
1
1
1
1
1
1
1
1
1
1
1
1
1
1
1
1
1
1
1
1
1
1
1
1
1
1
1
1
1
1
1
1
1
1
1
1
1
1
1
1
1
1
1
1
1
1
1
1
1
1
1
1
1
1
1
1
1
1
1
1
1
1
1
1
1
1
1
1
1
1
1
1
1
1
1
1
1
1
1
1
