# Vetor de dados - syn_f004739-1-Pre--front--vetorlinha.txt
# Total de elementos: 768
# Formato: um valor por linha
#==================================================

1
1
1
1
1
1
1
1
1
1
1
1
1
1
1
1
1
1
1
1
1
1
1
1
1
1
1
1
1
1
1
1
1
1
1
1
1
1
1
1
1
1
1
1
1
1
1
1
1
1
1
1
1
1
1
1
1
1
1
1
1
1
1
1
1
1
1
1
1
1
1
1
1
1
1
1
1
1
1
1
1
1
1
1
1
1
1
1
1
1
1
1
1
1
1
1
1
1
1
1
1
1
1
1
1
1
1
1
1
1
1
1
1
1
1
1
1
1
1
13
22
26
30
34
36
38
40
42
44
46
47
48
49
51
52
53
54
55
55
56
57
57
58
58
58
59
59
59
59
59
59
59
59
58
58
57
57
60
64
66
66
66
66
66
64
64
64
63
62
62
62
60
59
57
56
55
52
47
47
47
46
46
45
45
44
44
43
41
41
40
40
40
40
40
40
40
40
40
40
40
40
40
40
40
40
42
43
45
47
49
52
54
57
61
323
352
358
362
365
367
368
365
360
360
365
372
380
387
428
434
438
390
390
389
389
388
389
391
403
402
400
399
399
372
371
369
368
370
370
374
374
370
366
364
363
359
337
145
141
140
139
137
136
135
134
133
132
131
130
128
126
124
122
120
118
118
116
115
113
112
110
110
108
108
108
108
107
106
105
105
105
103
103
102
101
101
99
99
97
97
96
96
95
94
94
94
94
94
94
94
94
94
94
94
94
94
93
93
92
92
92
92
90
90
90
89
89
88
87
87
86
85
84
84
84
84
84
84
85
85
87
87
88
90
91
92
93
94
95
95
97
97
98
99
99
101
101
102
104
105
106
107
109
109
111
111
113
113
115
115
115
117
117
117
118
118
118
118
118
119
120
120
120
121
121
121
121
122
122
122
122
122
124
124
124
124
125
125
125
125
125
125
126
126
126
126
127
127
127
127
128
129
129
129
130
130
131
131
131
132
132
132
132
132
132
132
132
133
133
133
134
133
133
133
133
132
132
132
132
132
132
132
132
132
132
132
132
132
132
131
131
131
130
130
130
130
130
130
130
130
129
129
129
128
128
128
127
127
127
126
126
125
125
125
123
123
123
123
122
121
121
121
120
119
119
118
117
117
117
116
115
115
114
114
114
113
112
112
112
110
110
110
110
109
108
108
108
107
107
106
106
106
105
105
104
104
104
103
103
103
103
103
103
103
103
103
102
102
102
101
101
102
101
101
101
101
101
101
101
101
102
102
102
102
102
102
102
102
102
103
103
103
103
103
103
104
104
104
104
104
104
105
105
105
106
106
106
106
106
106
106
106
106
106
106
106
106
106
106
106
106
105
105
105
105
105
105
105
105
104
103
103
103
103
103
103
102
101
101
101
101
101
101
99
99
99
99
99
99
98
97
97
97
97
96
96
96
96
95
95
94
94
94
94
94
94
92
92
92
92
92
92
91
91
91
91
90
90
89
89
89
89
89
88
87
87
87
87
87
87
87
87
87
86
86
86
87
87
87
87
87
87
87
87
88
89
89
89
89
89
90
90
92
92
93
94
94
95
95
96
97
98
99
101
101
103
103
104
104
105
106
106
106
106
106
106
106
104
104
104
103
102
101
99
97
95
90
42
40
38
1
1
1
1
1
1
1
1
1
1
1
1
1
1
1
1
1
1
1
1
1
1
1
1
1
1
1
1
1
1
1
1
1
1
1
1
1
1
1
1
1
1
1
1
1
1
1
1
1
1
1
1
1
1
1
1
1
1
