# Vetor de dados - syn_f000672-1-Pre--left--vetorlinha.txt
# Total de elementos: 768
# Formato: um valor por linha
#==================================================

1
1
1
1
1
1
1
1
1
1
1
1
1
1
1
1
1
1
1
1
1
1
1
1
1
1
1
1
1
1
1
1
1
1
1
1
1
1
1
1
1
1
1
1
1
1
1
1
1
1
1
1
1
1
1
1
1
1
1
1
1
1
1
1
1
1
1
1
1
1
1
1
1
1
1
1
1
1
1
1
1
1
1
1
1
1
1
1
1
1
1
1
1
1
1
1
1
1
1
1
1
1
1
1
1
1
1
1
14
23
30
36
41
43
47
50
53
55
57
59
61
62
64
66
67
68
69
70
71
72
73
73
73
75
75
75
75
75
75
76
76
76
77
77
77
77
77
78
77
78
78
79
79
79
80
81
81
81
81
81
79
78
76
75
73
73
72
72
71
69
69
68
68
68
66
65
64
64
63
63
63
63
63
63
62
61
60
59
57
55
53
51
50
50
49
49
50
49
50
50
50
51
51
52
53
54
55
55
56
57
58
60
67
76
165
175
183
189
197
209
224
233
238
244
251
258
266
271
284
292
310
311
312
311
311
310
308
306
304
296
295
293
274
219
215
210
205
200
193
181
172
167
151
118
111
107
108
109
110
111
112
112
112
113
114
114
114
114
115
115
115
115
115
114
114
114
114
114
113
112
112
112
112
111
110
110
110
108
108
107
107
106
106
106
105
106
106
105
106
106
106
106
106
106
106
105
106
106
106
106
106
105
106
106
105
105
104
104
103
103
103
102
102
101
101
101
101
100
100
100
99
99
99
98
98
98
97
97
97
96
97
97
96
97
98
98
98
100
100
101
101
102
103
103
104
105
105
107
107
108
109
110
111
112
112
113
114
114
114
115
116
117
117
117
117
118
118
118
119
119
118
118
119
119
119
118
118
119
118
118
118
118
117
117
116
116
116
115
115
114
114
113
113
113
112
111
110
110
109
108
107
106
106
105
104
103
102
100
100
100
99
99
99
98
99
99
98
98
97
98
97
97
96
97
96
95
95
94
93
92
93
92
92
92
91
91
91
90
90
90
90
90
90
90
90
89
89
89
89
89
89
89
88
88
88
87
87
87
87
86
86
86
86
86
85
85
85
85
85
84
84
84
83
83
83
83
82
82
82
81
81
81
80
80
79
78
78
78
77
77
77
75
75
74
74
74
72
72
71
71
70
69
69
68
67
67
65
65
64
64
63
62
62
61
61
60
60
58
58
58
57
57
57
58
58
57
58
58
58
59
59
59
59
59
60
60
61
60
60
60
60
61
60
60
60
60
59
60
59
59
59
59
58
59
58
58
57
57
56
56
56
56
55
55
55
54
54
54
54
54
53
53
54
54
54
54
55
55
54
54
54
54
54
54
54
54
54
54
54
54
54
54
53
53
53
53
53
53
52
52
52
51
51
51
50
50
50
49
49
48
48
48
48
47
46
46
46
46
45
45
44
44
43
43
43
42
42
41
41
41
41
40
39
39
39
39
39
39
38
37
37
37
37
37
38
38
39
39
41
42
42
43
45
48
49
51
53
56
58
60
63
65
68
73
77
78
80
82
84
86
87
89
89
89
88
89
90
90
90
91
90
90
56
59
61
63
67
69
72
76
78
80
83
86
88
90
91
93
93
92
91
90
89
88
84
71
64
57
52
47
42
40
33
1
1
1
1
1
1
1
1
1
1
1
1
1
1
1
1
1
1
1
1
1
1
1
1
1
1
1
1
1
1
1
1
1
1
1
1
1
1
1
1
1
1
1
1
1
