# Vetor de dados - syn_f003989-3-Pre--left--vetorlinha.txt
# Total de elementos: 768
# Formato: um valor por linha
#==================================================

1
1
1
1
1
1
1
1
1
1
1
1
1
1
1
1
1
1
1
1
1
1
1
1
1
1
1
1
1
1
1
1
1
1
1
1
1
1
1
1
1
1
1
1
1
1
1
1
1
1
1
1
1
1
1
1
1
1
1
1
1
1
1
1
1
1
1
1
1
1
1
1
1
1
1
1
1
1
1
1
1
1
1
1
1
1
1
1
1
1
1
1
1
1
1
1
17
25
32
37
42
45
47
50
53
55
58
60
62
63
65
66
68
70
70
72
72
72
74
74
75
76
77
77
77
78
78
78
78
79
79
79
79
80
80
81
81
82
82
82
83
83
84
84
84
85
86
85
84
84
82
80
78
77
76
75
74
73
73
72
70
70
70
70
68
68
67
67
66
66
66
66
65
66
66
65
64
63
61
58
51
49
48
48
48
48
48
48
48
48
49
48
49
49
49
49
50
49
50
51
51
51
51
52
51
52
53
54
58
62
66
104
176
183
188
194
201
207
212
218
225
232
238
243
247
252
257
264
270
274
284
293
300
312
312
312
311
310
309
305
303
294
293
272
215
207
200
190
109
91
85
85
86
86
87
86
87
87
87
87
88
88
88
88
88
88
88
89
89
88
88
89
89
89
88
88
88
88
87
87
87
86
85
85
84
84
82
82
82
81
79
78
77
76
76
76
76
77
76
76
76
76
76
76
76
76
76
75
73
73
72
72
71
71
71
71
70
70
70
69
69
69
69
68
68
68
68
68
67
67
67
67
67
67
67
67
67
67
68
68
68
67
67
68
68
69
71
72
73
73
74
75
76
77
78
78
79
79
81
82
83
84
84
86
86
87
88
88
89
90
90
91
91
91
91
92
92
92
92
91
91
91
92
92
92
92
92
92
92
92
92
92
91
91
91
91
91
91
90
90
90
91
91
91
92
92
91
91
92
92
92
92
92
92
92
92
92
92
92
91
91
90
90
89
89
89
89
88
87
86
85
84
83
83
82
81
81
81
80
80
80
80
80
80
80
80
81
81
81
81
81
81
80
80
80
81
81
81
81
81
81
81
81
81
81
80
80
80
81
81
81
81
81
79
79
79
79
79
79
79
79
79
78
78
78
77
77
77
77
77
76
76
75
75
75
74
74
74
74
73
72
72
72
72
71
70
70
70
69
69
68
68
67
67
67
66
65
65
64
64
63
63
63
62
62
62
61
61
60
60
59
59
58
58
58
57
57
57
57
56
56
56
56
56
56
56
57
57
58
57
58
58
58
59
58
59
58
59
59
59
59
58
59
58
59
58
58
58
57
58
57
57
57
56
56
55
56
55
55
54
54
54
53
54
54
54
54
54
54
54
54
54
53
53
53
53
53
54
54
54
54
55
55
54
54
55
55
55
55
55
55
55
55
54
54
54
54
54
54
54
54
54
53
53
53
53
52
52
52
51
50
50
50
50
50
48
48
48
48
47
47
46
45
45
45
44
44
44
42
42
42
41
41
41
41
39
39
39
39
39
38
38
38
38
38
38
38
38
39
39
40
40
40
41
42
44
45
47
48
51
53
56
58
60
62
65
69
73
76
79
81
82
85
85
86
87
90
90
90
91
91
90
81
54
56
59
62
65
69
73
77
80
84
87
88
90
91
92
94
95
93
93
92
90
90
88
82
65
58
51
47
46
42
1
1
1
1
1
1
1
1
1
1
1
1
1
1
1
1
1
1
1
1
1
1
1
1
1
1
1
1
1
1
1
1
1
1
1
