# Vetor de dados - syn_f000252-3-Pre--front--vetorlinha.txt
# Total de elementos: 768
# Formato: um valor por linha
#==================================================

1
1
1
1
1
1
1
1
1
1
1
1
1
1
1
1
1
1
1
1
1
1
1
1
1
1
1
1
1
1
1
1
1
1
1
1
1
1
1
1
1
1
1
1
1
1
1
1
1
1
1
1
1
1
1
1
1
1
1
1
1
1
1
1
1
1
1
1
1
1
1
1
1
1
1
1
1
1
1
1
1
1
1
1
1
1
1
1
1
1
1
1
1
1
1
1
1
1
1
1
1
1
1
1
1
1
1
1
1
18
24
28
32
36
38
40
42
44
46
47
49
49
51
53
53
55
55
56
57
57
59
59
59
59
59
61
61
61
61
61
61
60
59
59
59
59
59
65
67
67
67
67
67
66
66
65
64
64
64
62
62
61
60
58
57
56
50
50
49
49
48
47
47
47
45
44
43
42
42
42
42
42
42
42
42
42
42
42
42
42
42
43
43
45
48
52
56
58
61
63
90
102
111
119
142
152
161
168
196
376
392
406
420
435
461
478
486
493
500
508
519
532
545
575
598
610
609
609
609
607
603
584
565
561
564
565
565
564
479
386
373
353
197
174
164
159
155
152
149
146
144
143
141
141
140
139
138
138
137
136
136
135
134
132
130
130
128
127
125
125
124
123
121
120
119
117
115
113
112
110
108
106
105
104
102
100
100
98
100
100
101
102
102
102
101
101
101
100
99
99
99
97
97
97
96
95
95
94
94
93
92
92
92
91
90
88
88
87
86
85
85
85
83
83
83
83
84
84
85
85
86
87
87
88
89
90
91
93
94
95
97
98
100
100
102
104
105
107
109
109
111
113
113
115
115
117
117
119
119
121
121
122
123
123
123
124
125
125
125
125
126
126
127
127
127
127
127
128
129
129
129
130
131
132
132
132
134
134
135
136
136
138
138
138
140
140
141
142
142
143
144
145
145
146
147
147
148
148
148
148
149
150
150
150
150
150
152
152
152
152
152
152
152
152
151
151
151
151
151
151
151
151
151
150
150
150
150
150
150
150
150
150
149
148
148
148
148
148
148
148
148
148
147
147
146
146
145
145
145
145
144
144
143
143
141
141
141
140
139
139
138
137
137
135
135
135
134
134
133
133
132
132
131
131
130
130
129
128
128
128
126
126
125
124
124
123
123
123
121
121
121
120
119
119
119
118
118
117
117
116
116
116
116
116
115
115
114
114
114
114
114
114
114
114
114
114
114
113
113
113
113
113
112
112
112
112
112
112
111
111
111
111
111
111
111
111
112
112
112
112
112
113
113
113
113
114
114
115
115
115
115
116
117
117
117
117
118
118
118
119
119
119
119
119
119
119
120
120
120
121
121
121
121
120
119
119
119
119
119
119
119
119
119
119
119
118
117
117
117
117
117
116
116
115
115
115
115
115
113
113
113
113
111
111
111
111
109
109
109
109
107
107
107
107
107
105
105
105
105
104
103
103
103
103
102
101
101
101
101
100
100
99
99
99
99
98
97
97
97
97
96
95
95
95
95
95
95
94
94
94
93
94
94
94
94
94
95
96
96
96
96
95
95
95
95
95
95
95
95
97
97
97
97
99
99
99
99
100
101
102
103
104
105
106
106
108
108
110
110
112
112
112
114
114
114
113
113
112
113
113
111
110
110
109
107
101
99
98
47
45
1
1
1
1
1
1
1
1
1
1
1
1
1
1
1
1
1
1
1
1
1
1
1
1
1
1
1
1
1
1
1
1
1
1
1
1
1
1
1
1
1
1
1
1
1
1
1
1
