# Vetor de dados - syn_f002935-0-Pre--left--vetorlinha.txt
# Total de elementos: 768
# Formato: um valor por linha
#==================================================

1
1
1
1
1
1
1
1
1
1
1
1
1
1
1
1
1
1
1
1
1
1
1
1
1
1
1
1
1
1
1
1
1
1
1
1
1
1
1
1
1
1
1
1
1
1
1
1
1
1
1
1
1
1
1
1
1
1
1
1
1
1
1
1
1
1
1
1
1
1
1
1
1
1
1
1
1
1
1
1
1
1
1
1
1
1
1
1
1
1
1
1
1
1
1
1
1
1
1
1
1
1
1
1
1
1
1
1
1
1
1
1
1
1
1
1
1
1
1
1
1
1
1
1
1
1
1
1
1
1
1
1
1
1
1
1
1
1
1
16
25
32
36
40
43
46
49
51
53
55
57
59
60
62
62
64
65
66
66
68
68
69
69
70
70
70
70
70
70
71
71
71
71
71
72
72
73
72
73
74
75
75
75
76
75
76
76
74
74
71
68
66
66
65
64
63
62
61
60
60
59
59
58
58
58
58
58
58
57
56
56
52
42
41
41
41
41
41
41
41
41
41
42
41
42
42
42
42
41
41
42
43
45
50
53
58
160
167
210
214
218
225
233
238
251
260
272
272
272
272
270
267
266
258
258
255
239
176
169
160
146
139
130
91
84
78
73
71
72
72
73
74
74
75
75
76
76
76
77
77
77
77
77
77
77
77
77
76
76
77
76
75
75
75
74
73
73
72
71
71
71
71
70
69
68
68
67
64
63
63
62
62
61
62
62
61
62
62
62
62
63
62
62
62
62
62
62
62
62
62
62
62
63
62
62
62
63
63
63
63
63
63
64
64
64
64
64
64
65
66
67
67
68
70
70
72
73
74
76
76
78
78
78
78
78
78
79
79
79
79
79
80
80
81
82
81
81
82
82
82
83
83
83
83
83
83
84
84
83
83
84
83
83
84
83
83
84
83
83
82
83
83
82
82
82
82
81
81
80
80
80
79
79
77
76
76
76
76
77
77
77
77
76
76
76
76
77
76
76
76
75
75
74
74
73
72
72
72
72
71
71
70
69
68
67
67
66
66
66
65
64
64
63
62
62
62
60
60
59
59
59
58
58
58
57
57
57
56
55
55
54
55
54
54
54
54
54
53
53
54
54
54
53
53
53
53
53
53
52
52
52
52
53
53
52
52
52
52
52
51
52
52
52
52
51
51
51
51
51
50
50
51
51
50
50
50
50
50
50
50
49
49
50
50
50
49
49
50
50
50
49
50
50
50
50
50
50
50
51
50
50
50
50
49
50
49
48
49
48
47
46
46
45
45
45
44
43
42
42
41
40
41
40
40
40
40
40
39
39
39
40
40
39
39
39
39
40
40
40
40
40
40
39
39
39
40
39
39
39
39
39
39
39
38
38
38
38
38
38
38
38
38
36
36
36
36
36
36
36
36
35
35
35
35
35
35
35
34
34
34
34
34
34
34
33
33
33
33
33
33
33
33
33
33
33
33
34
34
35
35
36
37
37
39
41
44
46
48
52
54
57
59
61
62
65
69
72
76
78
80
80
80
80
79
80
77
64
51
54
58
61
64
67
70
73
76
79
82
83
84
84
82
82
81
81
79
77
61
49
42
34
32
1
1
1
1
1
1
1
1
1
1
1
1
1
1
1
1
1
1
1
1
1
1
1
1
1
1
1
1
1
1
1
1
1
1
1
1
1
1
1
1
1
1
1
1
1
1
1
1
1
1
1
1
1
1
1
1
1
1
1
1
1
1
1
1
1
1
1
1
1
1
1
1
1
1
1
1
