# Vetor de dados - syn_f001899-3-Pre--front--vetorlinha.txt
# Total de elementos: 768
# Formato: um valor por linha
#==================================================

1
1
1
1
1
1
1
1
1
1
1
1
1
1
1
1
1
1
1
1
1
1
1
1
1
1
1
1
1
1
1
1
1
1
1
1
1
1
1
1
1
1
1
1
1
1
1
1
1
1
1
1
1
1
1
1
1
1
1
1
1
1
1
1
1
1
1
1
1
1
1
1
1
1
1
1
1
1
1
1
1
1
1
1
1
1
1
1
1
1
1
1
1
1
1
1
1
1
1
1
1
1
1
1
1
1
1
1
1
1
1
1
1
1
1
1
14
23
27
31
35
37
39
41
43
45
47
48
49
51
52
53
54
55
56
57
57
58
59
60
60
60
61
61
61
61
61
61
61
61
61
61
60
60
61
66
68
69
69
69
69
68
67
67
66
66
65
65
64
63
61
61
59
59
52
51
50
50
49
48
48
47
47
47
47
47
47
47
46
46
46
46
46
47
46
46
46
46
46
47
49
53
57
60
63
67
235
248
268
288
327
357
372
442
463
504
509
513
519
526
531
533
530
525
528
534
542
547
555
565
578
522
518
515
512
508
502
495
467
463
458
450
445
415
327
294
269
256
246
193
158
155
153
152
151
150
150
149
148
148
147
147
147
147
145
145
145
143
143
141
141
139
139
137
137
136
136
136
134
134
134
133
131
131
129
129
128
127
126
125
125
124
123
122
122
121
120
119
117
116
116
114
112
111
109
109
109
109
108
108
108
108
108
108
108
108
108
108
108
109
110
109
108
108
110
110
110
110
111
112
112
112
112
112
112
111
110
110
109
108
108
108
108
110
110
110
112
114
114
116
118
119
120
122
123
124
125
127
127
128
128
130
130
130
131
131
131
131
131
131
131
131
131
131
131
131
131
131
131
132
132
132
132
132
132
133
133
133
134
134
135
135
136
137
137
137
139
139
139
139
141
141
142
143
143
143
144
145
145
146
146
147
147
147
148
148
149
149
149
149
149
150
151
150
150
150
150
150
150
150
150
150
150
150
150
150
150
150
150
150
150
150
149
149
149
149
149
148
148
148
148
148
147
147
147
147
147
146
146
146
146
144
144
144
144
143
142
141
141
140
139
139
138
137
137
136
136
135
134
134
134
133
132
132
132
131
130
130
130
128
128
127
126
126
125
125
124
124
123
122
121
121
120
119
119
118
118
117
117
116
115
115
114
114
114
113
113
113
113
113
113
113
113
113
113
113
113
112
112
112
112
112
112
112
112
111
110
110
110
110
111
111
111
111
111
111
111
112
112
113
113
113
113
115
115
115
115
117
117
117
117
118
119
119
119
120
120
120
120
120
120
120
121
121
121
121
121
121
120
120
120
120
120
119
119
118
118
118
118
118
116
116
116
116
114
114
114
113
112
112
111
110
110
110
108
108
108
106
106
106
105
104
104
104
103
102
102
101
101
101
100
99
99
99
97
97
97
97
97
96
95
95
95
94
94
94
94
93
93
92
92
92
92
91
91
91
91
91
91
91
91
91
92
92
92
92
92
93
93
93
93
94
95
95
94
95
95
95
95
95
95
96
96
97
98
98
99
100
100
101
102
102
104
106
106
108
109
110
110
112
112
112
114
114
114
115
116
116
115
116
116
115
115
114
111
111
110
106
102
97
48
46
45
1
1
1
1
1
1
1
1
1
1
1
1
1
1
1
1
1
1
1
1
1
1
1
1
1
1
1
1
1
1
1
1
1
1
1
1
1
1
1
1
1
1
1
1
1
1
1
1
1
1
1
1
1
1
1
