# Vetor de dados - syn_f004360-0-Pre--left--vetorlinha.txt
# Total de elementos: 768
# Formato: um valor por linha
#==================================================

1
1
1
1
1
1
1
1
1
1
1
1
1
1
1
1
1
1
1
1
1
1
1
1
1
1
1
1
1
1
1
1
1
1
1
1
1
1
1
1
1
1
1
1
1
1
1
1
1
1
1
1
1
1
1
1
1
1
1
1
1
1
1
1
1
1
1
1
1
1
1
1
1
1
1
1
1
1
1
1
1
1
1
1
1
1
1
1
1
1
1
1
1
1
1
1
1
1
1
1
1
1
1
1
1
1
1
1
1
1
10
24
32
36
41
46
49
52
55
57
59
61
63
65
67
68
70
72
72
74
74
76
76
77
78
79
79
81
81
81
81
81
81
81
82
82
82
82
82
82
83
83
84
85
84
85
86
87
88
88
88
89
89
88
88
86
85
82
81
79
78
77
77
76
75
74
73
73
72
71
70
70
69
69
69
69
69
69
68
67
67
66
64
62
61
58
56
56
56
55
55
54
55
55
55
55
56
56
56
57
58
57
58
59
59
60
63
72
172
178
188
212
222
225
233
244
257
266
284
302
304
304
303
303
302
299
297
295
288
287
285
267
265
216
212
207
203
198
193
188
184
180
173
167
162
158
153
145
122
113
106
107
108
109
110
111
112
112
113
114
114
115
115
116
116
117
117
117
118
118
118
118
118
118
118
118
118
118
117
118
118
118
117
116
116
115
115
113
112
112
110
109
107
105
106
106
106
106
106
106
107
106
106
106
106
107
106
106
107
106
106
106
105
105
104
104
104
104
103
103
104
104
104
103
103
103
103
104
104
104
104
103
103
103
103
103
103
103
103
103
102
103
103
103
103
103
104
104
104
105
105
105
106
107
108
108
109
109
110
111
112
112
114
114
115
115
115
116
117
117
117
118
118
119
119
120
120
121
121
121
121
121
121
121
121
122
121
121
121
121
121
120
120
119
119
119
119
118
118
117
116
116
115
114
114
113
112
111
110
109
108
107
106
105
102
101
101
100
100
100
100
99
99
99
98
98
97
97
97
97
96
95
95
94
93
92
91
90
89
88
87
86
86
85
85
84
84
84
83
83
83
82
82
82
82
81
81
81
80
80
80
80
80
80
79
79
79
79
78
78
78
78
78
77
77
77
77
75
75
75
75
74
74
74
73
73
73
73
71
71
71
71
70
70
70
69
68
68
68
67
67
66
66
65
65
64
64
64
63
62
62
61
61
61
59
59
59
58
58
58
58
58
58
56
56
56
56
56
56
56
56
56
55
56
56
56
57
57
57
57
58
58
57
58
57
57
57
57
57
56
57
56
56
56
56
56
56
56
55
54
55
54
54
53
53
52
53
52
52
52
51
51
51
51
52
52
51
52
52
52
53
53
53
52
52
52
53
53
53
52
52
52
53
53
53
52
52
52
52
52
51
51
51
51
51
50
50
50
49
48
48
48
48
48
47
47
46
46
46
46
46
45
45
45
45
45
45
44
44
44
44
44
43
43
43
43
43
43
42
42
42
42
42
43
43
44
44
45
45
47
48
50
52
54
56
58
60
62
64
66
70
75
78
80
83
85
86
87
88
88
88
87
86
85
86
86
83
44
46
48
49
51
53
56
59
61
65
68
72
75
78
81
84
86
89
90
91
93
92
91
90
89
89
87
85
78
65
57
52
47
38
24
1
1
1
1
1
1
1
1
1
1
1
1
1
1
1
1
1
1
1
1
1
1
1
1
1
1
1
1
1
1
1
1
1
1
1
1
1
1
1
1
1
1
1
1
1
1
