# Vetor de dados - syn_f004223-3-Pre--front--vetorlinha.txt
# Total de elementos: 768
# Formato: um valor por linha
#==================================================

1
1
1
1
1
1
1
1
1
1
1
1
1
1
1
1
1
1
1
1
1
1
1
1
1
1
1
1
1
1
1
1
1
1
1
1
1
1
1
1
1
1
1
1
1
1
1
1
1
1
1
1
1
1
1
1
1
1
1
1
1
1
1
1
1
1
1
1
1
1
1
1
1
1
1
1
1
1
1
1
1
1
1
1
1
1
1
1
1
1
1
1
1
1
1
1
1
1
1
1
1
1
1
1
1
1
1
1
1
1
1
1
1
1
1
1
1
1
1
1
1
1
1
1
1
1
1
1
1
1
13
21
26
30
34
36
38
40
42
44
45
47
47
49
50
51
52
53
54
55
55
56
56
57
57
57
57
57
57
57
57
57
57
57
56
57
61
63
65
65
64
63
63
63
63
61
61
61
61
59
58
57
55
54
50
50
49
48
48
48
46
46
44
43
42
43
42
42
42
41
41
41
41
41
41
41
42
43
47
49
53
57
59
62
69
87
104
114
123
131
137
144
150
156
162
267
277
286
319
374
388
402
412
422
429
438
447
456
466
479
490
506
517
529
533
536
541
545
547
539
540
549
558
559
558
473
461
388
377
350
348
346
155
152
149
147
145
143
142
141
139
139
138
138
136
136
135
134
132
130
128
126
123
122
121
119
118
118
116
116
115
114
113
112
111
110
108
108
106
105
104
103
101
99
97
96
95
94
92
92
91
91
92
92
92
92
92
92
92
92
91
91
91
91
91
91
90
90
89
89
88
88
87
86
85
85
83
83
81
81
80
80
80
81
82
84
85
86
88
90
92
94
96
98
100
101
103
104
105
107
107
109
109
111
111
112
113
114
114
115
115
116
116
116
116
116
118
118
118
118
118
118
118
118
118
118
118
118
119
119
120
120
120
120
120
120
121
121
121
122
122
122
122
124
124
124
126
126
126
127
128
128
128
128
130
130
130
130
130
130
131
132
132
132
132
132
132
132
132
132
132
132
132
132
132
132
132
132
132
132
132
132
132
132
131
131
130
130
130
130
130
130
130
130
130
130
128
128
128
128
128
128
127
126
126
126
125
125
124
124
123
123
123
122
121
121
121
120
119
119
119
118
117
117
116
116
115
114
114
113
112
111
111
110
109
109
107
107
107
105
105
105
104
103
103
102
101
101
101
101
101
100
100
100
100
100
100
101
101
101
101
101
101
101
101
101
100
100
100
100
100
99
99
99
99
100
100
101
101
101
102
102
102
102
102
103
103
104
104
104
105
105
106
106
106
107
108
108
108
109
109
109
110
110
110
110
110
111
111
111
111
111
111
111
111
110
110
110
110
110
110
110
109
109
108
108
108
106
106
106
106
105
104
104
104
103
102
102
101
101
100
99
99
99
98
97
97
96
96
95
95
94
94
93
93
92
92
91
91
91
90
89
89
89
89
88
87
87
87
87
87
85
85
85
85
85
85
85
85
85
86
86
86
86
86
86
87
88
88
88
90
90
90
90
90
90
90
91
91
91
92
92
93
94
94
96
96
96
97
97
99
99
101
102
103
104
105
106
106
106
107
108
108
108
108
107
107
106
105
105
105
103
102
101
100
94
90
41
39
38
1
1
1
1
1
1
1
1
1
1
1
1
1
1
1
1
1
1
1
1
1
1
1
1
1
1
1
1
1
1
1
1
1
1
1
1
1
1
1
1
1
1
1
1
1
1
1
1
1
1
1
1
1
1
1
1
1
1
1
1
1
1
1
1
1
1
1
1
