# Vetor de dados - syn_f004350-1-Pre--front--vetorlinha.txt
# Total de elementos: 768
# Formato: um valor por linha
#==================================================

1
1
1
1
1
1
1
1
1
1
1
1
1
1
1
1
1
1
1
1
1
1
1
1
1
1
1
1
1
1
1
1
1
1
1
1
1
1
1
1
1
1
1
1
1
1
1
1
1
1
1
1
1
1
1
1
1
1
1
1
1
1
1
1
1
1
1
1
1
1
1
1
1
1
1
1
1
1
1
1
1
1
1
1
1
1
1
1
1
1
1
1
1
1
1
1
1
1
1
1
1
1
1
1
1
1
1
1
1
1
1
1
1
1
1
1
1
1
1
1
1
1
1
1
1
1
12
23
27
31
36
38
40
43
45
48
50
51
52
54
54
56
57
58
60
60
61
62
62
63
64
64
64
64
66
66
66
66
66
66
66
65
65
64
64
64
65
71
73
73
73
73
73
73
73
72
71
71
70
70
69
69
67
67
65
65
63
61
58
57
56
56
56
55
55
54
53
53
51
51
49
49
47
45
45
44
44
44
43
43
43
43
43
44
45
47
52
58
63
69
74
80
222
427
440
468
482
492
502
526
547
554
562
595
594
594
592
585
573
565
564
552
546
548
550
549
490
486
481
404
396
387
378
368
359
348
333
323
313
301
291
276
260
242
230
219
184
161
155
152
150
148
148
147
146
146
145
144
144
142
142
141
141
141
141
140
139
139
139
139
139
139
139
139
139
139
139
139
139
138
138
137
137
137
136
136
135
134
134
133
132
131
129
128
127
125
124
122
120
121
120
120
118
119
119
120
120
120
120
120
120
120
119
119
118
118
118
118
118
118
118
117
117
117
117
115
115
115
115
115
115
115
115
115
116
116
117
118
119
119
120
120
121
122
122
122
122
123
124
124
124
125
126
126
128
128
130
130
130
132
132
132
134
134
134
136
136
136
137
137
137
137
138
138
137
137
137
138
138
138
138
138
138
137
137
137
137
137
137
137
137
137
139
139
139
139
139
139
139
139
141
141
141
141
141
141
143
143
143
143
143
144
145
145
145
145
145
145
145
147
147
147
147
147
147
147
147
147
146
146
146
146
146
146
146
146
145
144
144
144
144
144
142
142
142
142
142
140
140
140
140
140
138
138
138
138
138
136
136
136
136
135
134
134
133
132
132
130
130
130
128
128
127
126
125
124
123
122
121
121
120
119
118
118
118
117
117
116
116
115
115
115
114
114
113
113
113
113
112
111
111
111
111
111
111
110
110
110
110
110
109
109
108
108
108
108
108
108
108
108
107
107
106
106
106
106
106
106
106
107
107
108
108
108
108
109
109
110
110
110
111
111
112
112
112
112
112
113
113
114
114
114
114
114
114
114
114
115
115
115
115
115
114
114
114
114
114
113
113
113
113
113
113
112
112
112
111
111
110
110
110
110
109
108
108
108
108
106
106
106
106
104
104
104
104
104
102
102
102
102
100
100
100
100
99
98
98
98
97
96
96
96
96
95
94
94
94
94
92
92
92
91
91
91
91
91
91
91
91
92
92
92
92
93
94
94
94
94
94
94
94
94
94
94
94
95
95
95
96
97
97
97
99
99
101
102
102
104
104
106
107
108
109
110
111
113
113
114
114
114
114
114
114
114
114
113
110
108
105
102
97
44
1
1
1
1
1
1
1
1
1
1
1
1
1
1
1
1
1
1
1
1
1
1
1
1
1
1
1
1
1
1
1
1
1
1
1
1
1
1
1
1
1
1
1
1
1
1
1
1
1
1
1
1
1
1
1
1
1
1
1
1
1
1
1
1
1
1
