# Vetor de dados - syn_f004094-3-Pre--front--vetorcoluna.txt
# Total de elementos: 1024
# Formato: um valor por linha
#==================================================

1
1
1
1
1
1
1
1
1
1
1
1
1
1
1
1
1
1
1
1
1
1
1
1
1
1
1
1
1
1
1
1
1
1
1
1
1
1
1
1
1
1
1
1
1
1
1
1
1
1
1
1
1
1
1
1
1
1
1
1
1
1
1
1
1
1
1
1
1
1
1
1
1
1
1
1
1
1
1
1
1
1
1
1
1
1
1
1
1
1
1
1
1
1
1
1
1
1
1
1
1
1
1
1
1
1
1
1
1
1
1
1
1
1
1
1
1
1
1
1
1
1
1
1
1
1
1
1
1
1
1
1
1
1
1
1
1
1
1
1
1
1
1
1
1
1
1
1
1
1
1
1
1
1
1
1
1
1
1
1
1
1
1
1
1
1
1
1
1
1
1
1
1
1
1
1
1
1
1
1
1
1
1
1
1
1
1
1
1
1
1
1
1
1
1
1
1
1
1
1
1
1
1
1
1
1
1
1
1
1
1
1
1
1
1
1
1
1
1
1
1
1
1
1
1
1
1
1
1
1
1
1
1
1
1
1
1
1
1
1
1
1
1
1
1
1
1
1
1
1
1
1
1
1
1
1
1
1
1
1
1
1
1
1
1
1
1
1
1
1
1
1
1
1
1
1
1
1
1
1
1
1
1
1
1
1
1
1
1
1
1
1
1
1
1
1
1
1
1
1
1
1
1
47
48
48
48
48
48
48
48
48
48
48
48
49
49
49
49
49
49
49
49
49
49
49
49
49
49
49
49
49
49
49
49
48
48
48
48
48
48
48
48
48
48
47
47
47
47
47
47
47
47
46
46
46
46
46
46
45
45
45
45
44
44
44
44
44
44
43
43
43
43
43
43
42
42
42
42
42
42
42
42
42
42
42
42
42
42
42
42
43
43
43
43
43
43
43
43
43
43
43
43
43
44
44
44
44
44
44
44
44
44
44
44
43
43
43
43
43
43
43
44
44
44
44
44
44
44
44
44
44
44
44
45
45
46
48
48
49
50
53
56
60
63
64
66
68
69
71
72
74
75
76
77
301
305
308
311
316
413
416
419
423
426
429
433
439
514
515
516
515
515
515
516
516
515
515
514
514
515
517
517
517
517
517
516
515
511
494
486
447
441
514
511
507
503
500
496
491
487
480
470
442
437
433
428
419
406
387
375
368
361
353
338
321
334
350
356
361
365
371
380
390
401
420
426
430
432
439
475
481
486
490
493
497
501
504
436
442
445
449
481
493
517
518
518
518
517
516
515
514
513
512
514
514
515
515
515
515
514
514
514
512
440
436
431
426
422
419
415
412
409
314
307
304
72
70
67
65
64
62
61
59
56
53
51
50
49
48
47
47
46
44
44
44
43
43
41
41
41
41
40
39
39
39
39
39
38
38
38
38
38
38
38
38
37
37
37
37
37
36
36
36
36
36
36
36
36
36
36
36
35
35
35
35
35
35
34
34
34
34
34
34
34
34
33
33
34
34
34
34
34
34
34
34
34
35
35
35
35
35
35
36
37
37
37
37
37
37
37
36
36
36
37
36
37
37
37
37
37
37
37
37
37
37
36
36
36
35
35
35
35
35
35
35
35
35
35
35
34
33
33
33
33
33
33
33
33
32
32
32
32
32
31
31
31
31
31
31
31
30
30
30
30
30
30
29
29
29
29
29
29
28
28
28
28
28
27
27
27
27
27
27
26
26
26
26
26
26
25
25
25
25
24
24
24
23
23
23
22
22
22
22
22
21
21
21
21
20
20
20
20
20
19
19
19
19
19
20
20
19
19
20
20
20
21
21
20
20
18
17
17
1
1
1
1
1
1
1
1
1
1
1
1
1
1
1
1
1
1
1
1
1
1
1
1
1
1
1
1
1
1
1
1
1
1
1
1
1
1
1
1
1
1
1
1
1
1
1
1
1
1
1
1
1
1
1
1
1
1
1
1
1
1
1
1
1
1
1
1
1
1
1
1
1
1
1
1
1
1
1
1
1
1
1
1
1
1
1
1
1
1
1
1
1
1
1
1
1
1
1
1
1
1
1
1
1
1
1
1
1
1
1
1
1
1
1
1
1
1
1
1
1
1
1
1
1
1
1
1
1
1
1
1
1
1
1
1
1
1
1
1
1
1
1
1
1
1
1
1
1
1
1
1
1
1
1
1
1
1
1
1
1
1
1
1
1
1
1
1
1
1
1
1
1
1
1
1
1
1
1
1
1
1
1
1
1
1
1
1
1
1
1
1
1
1
1
1
1
1
1
1
1
1
1
1
1
1
1
1
1
1
1
1
1
1
1
1
1
1
1
1
1
1
1
1
1
1
1
1
1
1
1
