# Vetor de dados - syn_f003460-1-Pre--front--vetorcoluna.txt
# Total de elementos: 1024
# Formato: um valor por linha
#==================================================

1
1
1
1
1
1
1
1
1
1
1
1
1
1
1
1
1
1
1
1
1
1
1
1
1
1
1
1
1
1
1
1
1
1
1
1
1
1
1
1
1
1
1
1
1
1
1
1
1
1
1
1
1
1
1
1
1
1
1
1
1
1
1
1
1
1
1
1
1
1
1
1
1
1
1
1
1
1
1
1
1
1
1
1
1
1
1
1
1
1
1
1
1
1
1
1
1
1
1
1
1
1
1
1
1
1
1
1
1
1
1
1
1
1
1
1
1
1
1
1
1
1
1
1
1
1
1
1
1
1
1
1
1
1
1
1
1
1
1
1
1
1
1
1
1
1
1
1
1
1
1
1
1
1
1
1
1
1
1
1
1
1
1
1
1
1
1
1
1
1
1
1
1
1
1
1
1
1
1
1
1
1
1
1
1
1
1
1
1
1
1
1
1
1
1
1
1
1
1
1
1
1
1
1
1
1
1
1
1
1
1
1
1
1
1
1
1
1
1
1
1
1
1
1
1
1
1
1
1
1
1
1
1
1
9
9
9
9
9
9
9
9
9
9
9
9
9
9
9
9
9
9
17
17
18
18
18
18
18
18
18
18
17
18
18
18
18
18
18
18
18
18
20
20
19
19
19
21
20
20
20
19
20
20
19
18
20
19
19
19
19
19
19
21
21
21
21
22
22
22
22
23
23
23
24
24
24
24
26
26
26
26
26
26
27
27
27
27
28
28
28
29
29
30
30
30
30
30
31
31
32
32
32
32
32
33
33
33
33
33
33
34
34
34
34
34
34
35
35
35
35
35
35
36
36
36
36
36
36
36
37
37
36
36
36
36
36
36
36
35
35
35
36
36
36
36
36
35
35
35
35
36
36
36
36
36
36
36
35
35
35
36
36
36
36
36
36
35
35
36
36
36
36
36
36
36
37
37
36
36
36
36
36
36
36
36
37
37
37
37
38
38
38
37
37
37
38
38
38
39
39
39
39
40
40
40
41
42
42
42
43
45
44
47
51
53
54
55
78
81
83
84
86
87
254
258
261
265
268
272
276
281
364
368
372
376
380
386
458
459
459
459
459
460
460
460
461
460
460
461
462
464
464
465
465
465
464
533
516
509
504
478
474
470
466
462
458
453
448
411
407
404
402
399
396
392
387
364
352
348
352
361
371
387
393
397
400
402
404
408
411
443
448
454
458
464
471
475
478
480
485
540
542
541
468
468
468
467
467
466
465
464
465
464
465
465
465
463
463
463
463
462
391
387
383
379
375
369
365
280
276
272
267
262
258
84
83
81
78
75
69
57
57
55
55
54
53
51
50
48
46
45
44
44
43
42
41
41
41
40
39
39
39
39
38
38
38
37
37
37
38
37
37
37
37
36
37
37
37
37
36
36
36
36
36
36
36
36
36
36
35
35
35
35
35
35
35
35
35
35
35
35
35
35
35
35
35
35
35
35
35
35
35
35
35
35
36
36
36
36
36
36
36
37
36
37
37
37
37
37
37
36
36
36
36
36
36
35
36
35
36
36
36
36
36
36
34
34
34
34
34
33
33
33
33
33
32
32
32
32
31
31
31
31
30
30
30
30
29
29
29
29
29
29
29
29
28
28
28
28
28
28
28
27
27
27
27
27
27
27
26
26
26
26
26
26
26
26
26
26
26
27
27
28
28
29
29
30
30
30
31
31
31
31
32
32
32
32
32
32
32
32
32
32
33
33
33
34
34
35
35
35
35
35
35
35
35
35
1
1
1
1
1
1
1
1
1
1
1
1
1
1
1
1
1
1
1
1
1
1
1
1
1
1
1
1
1
1
1
1
1
1
1
1
1
1
1
1
1
1
1
1
1
1
1
1
1
1
1
1
1
1
1
1
1
1
1
1
1
1
1
1
1
1
1
1
1
1
1
1
1
1
1
1
1
1
1
1
1
1
1
1
1
1
1
1
1
1
1
1
1
1
1
1
1
1
1
1
1
1
1
1
1
1
1
1
1
1
1
1
1
1
1
1
1
1
1
1
1
1
1
1
1
1
1
1
1
1
1
1
1
1
1
1
1
1
1
1
1
1
1
1
1
1
1
1
1
1
1
1
1
1
1
1
1
1
1
1
1
1
1
1
1
1
1
1
1
1
1
1
1
1
1
1
1
1
1
1
1
1
1
1
1
1
1
1
1
1
1
1
1
1
1
1
1
1
1
1
1
1
1
1
1
1
1
1
1
1
1
1
1
1
1
1
1
1
1
1
1
1
1
1
1
1
1
1
1
1
1
1
1
1
1
1
1
1
1
1
1
1
1
1
1
1
1
1
1
1
1
1
1
1
1
1
