# Vetor de dados - syn_f002475-2-Pre--front--vetorlinha.txt
# Total de elementos: 768
# Formato: um valor por linha
#==================================================

1
1
1
1
1
1
1
1
1
1
1
1
1
1
1
1
1
1
1
1
1
1
1
1
1
1
1
1
1
1
1
1
1
1
1
1
1
1
1
1
1
1
1
1
1
1
1
1
1
1
1
1
1
1
1
1
1
1
1
1
1
1
1
1
1
1
1
1
1
1
1
1
1
1
1
1
1
1
1
1
1
1
1
1
1
1
1
1
1
1
1
1
1
1
1
1
1
1
1
1
1
1
1
1
1
1
1
1
1
1
1
1
1
1
1
1
1
1
1
1
1
1
13
23
26
30
34
37
39
41
43
45
47
49
49
51
52
53
55
55
57
57
57
59
59
59
61
61
61
61
61
61
61
61
61
61
61
61
60
59
63
66
68
69
69
69
68
68
67
67
66
66
65
65
63
63
61
60
59
56
53
49
48
48
47
46
46
45
45
45
45
45
45
45
45
45
45
45
45
44
44
45
45
46
47
49
51
54
58
62
68
123
134
150
202
263
286
304
319
332
382
399
427
435
442
451
463
476
493
514
531
546
550
555
560
564
568
574
566
575
578
579
579
579
578
504
496
467
464
459
451
440
433
313
297
280
242
195
183
164
157
154
150
148
146
145
144
143
141
141
139
139
137
135
134
132
132
130
129
128
127
127
125
125
125
123
123
123
121
121
121
119
119
119
117
116
116
114
112
111
109
109
107
107
106
105
106
106
107
107
107
107
107
107
107
107
107
107
107
106
106
107
106
107
107
107
107
108
108
108
109
109
109
109
111
111
111
111
112
112
113
115
116
118
120
120
122
124
126
128
128
130
132
134
134
136
137
138
139
139
139
141
141
141
142
143
143
143
143
143
144
144
144
144
144
144
144
144
144
144
144
143
143
143
143
142
141
141
141
141
141
141
141
140
140
140
140
141
141
141
141
141
142
142
143
143
143
143
144
144
145
145
145
145
145
145
145
145
145
145
146
146
146
147
147
147
146
146
146
146
146
146
146
146
146
146
146
146
146
146
146
145
144
144
144
144
144
144
144
144
144
144
143
143
143
143
142
142
142
142
142
141
141
141
141
141
141
141
139
139
138
137
136
136
135
134
134
133
132
132
132
131
131
130
130
129
129
128
128
127
127
127
126
125
125
125
124
123
123
123
122
121
121
121
119
119
119
119
117
117
117
116
115
115
114
114
114
114
114
113
112
112
112
112
112
112
112
112
112
112
112
112
111
111
111
111
111
111
111
111
111
112
112
112
112
113
114
114
114
115
115
116
116
116
117
117
118
118
118
118
118
119
119
120
120
120
120
120
120
120
120
120
120
120
120
120
120
120
119
119
119
119
119
119
119
119
119
118
117
117
117
117
117
117
115
115
115
115
115
113
113
113
113
113
111
111
111
111
109
109
109
109
107
107
107
107
107
105
105
105
105
104
103
103
103
103
102
101
101
101
100
100
100
100
100
98
98
98
98
96
96
96
96
95
94
94
94
93
93
93
94
93
93
94
94
94
95
96
96
97
97
97
97
97
97
97
97
97
98
98
98
98
99
100
100
101
101
103
104
105
106
107
108
109
110
112
112
114
114
116
116
117
116
117
116
115
114
113
111
111
109
106
104
98
47
46
43
1
1
1
1
1
1
1
1
1
1
1
1
1
1
1
1
1
1
1
1
1
1
1
1
1
1
1
1
1
1
1
1
1
1
1
1
1
1
1
1
1
1
1
1
1
1
1
1
1
1
1
1
1
1
1
1
1
1
1
1
1
