# Vetor de dados - syn_f001941-1-Pre--front--vetorlinha.txt
# Total de elementos: 768
# Formato: um valor por linha
#==================================================

1
1
1
1
1
1
1
1
1
1
1
1
1
1
1
1
1
1
1
1
1
1
1
1
1
1
1
1
1
1
1
1
1
1
1
1
1
1
1
1
1
1
1
1
1
1
1
1
1
1
1
1
1
1
1
1
1
1
1
1
1
1
1
1
1
1
1
1
1
1
1
1
1
1
1
1
1
1
1
1
1
1
1
1
1
1
1
1
1
1
1
1
1
1
1
1
1
1
1
1
1
1
16
24
27
31
35
38
39
41
43
45
47
48
50
50
52
54
54
56
56
57
58
58
59
60
60
60
60
60
61
61
61
61
61
61
60
60
60
60
60
62
66
68
68
68
68
68
68
66
66
66
65
64
64
63
62
61
59
57
56
53
50
49
49
48
48
48
46
46
45
44
42
42
43
43
43
43
43
43
43
43
42
42
42
42
42
42
42
43
44
45
46
48
51
55
59
63
67
71
76
82
89
113
145
164
175
184
195
370
385
400
410
423
438
465
475
489
500
511
522
533
551
573
580
596
612
613
612
611
608
588
587
584
564
565
566
565
486
480
385
374
355
337
253
223
176
166
161
157
154
152
151
150
148
147
146
145
144
142
142
140
138
136
134
133
131
129
127
127
125
125
123
123
122
122
121
121
121
121
120
120
119
119
119
119
119
118
117
117
116
115
115
114
113
112
111
110
110
110
110
110
110
110
110
111
111
111
111
111
111
111
111
110
109
109
109
109
109
109
109
109
109
109
109
109
109
109
109
109
110
111
111
111
111
112
112
112
112
113
113
113
114
114
114
115
116
118
119
120
122
123
125
127
127
129
131
132
133
134
135
136
138
138
139
140
140
141
142
142
143
144
144
144
145
145
145
145
145
146
146
146
146
147
147
146
146
146
146
146
145
146
146
145
146
146
146
146
146
146
146
146
146
146
146
146
147
147
147
147
148
148
149
149
149
149
149
149
149
150
150
150
150
150
150
150
150
150
150
151
150
150
150
150
150
150
150
150
149
149
149
149
149
149
149
149
148
148
147
147
147
147
147
147
147
145
145
145
145
145
145
145
145
143
143
143
143
143
142
142
142
141
141
140
139
139
139
139
137
137
137
136
135
135
134
134
133
133
132
132
131
130
130
129
129
128
128
127
126
126
125
124
124
124
122
122
122
122
122
120
120
120
120
119
118
118
118
117
117
116
116
115
115
115
115
115
114
114
113
113
113
113
113
113
113
113
113
113
113
113
113
113
113
112
111
111
111
111
111
111
111
112
112
112
112
112
113
113
113
113
113
115
115
115
115
115
115
115
117
117
117
117
117
118
119
119
119
119
119
119
119
119
119
120
120
120
121
121
121
121
120
120
119
119
119
119
119
119
118
118
118
117
117
117
116
116
116
115
115
115
114
114
113
113
113
113
112
111
111
111
110
110
109
109
109
108
107
107
107
107
106
105
105
105
104
103
103
103
102
101
101
101
100
99
99
99
98
97
97
97
97
95
95
95
95
95
94
94
94
94
94
94
95
95
95
95
95
95
95
95
96
96
96
97
97
97
97
97
98
98
98
98
98
99
100
100
101
102
102
103
104
105
106
106
108
108
110
112
112
114
116
116
118
118
120
122
122
123
125
124
124
123
122
122
120
120
118
117
115
114
112
111
108
105
49
47
1
1
1
1
1
1
1
1
1
1
1
1
1
1
1
1
1
1
1
1
1
1
1
1
1
1
1
1
1
1
1
1
1
1
1
1
1
1
1
1
1
1
