# Vetor de dados - syn_f001890-3-Pre--front--vetorlinha.txt
# Total de elementos: 768
# Formato: um valor por linha
#==================================================

1
1
1
1
1
1
1
1
1
1
1
1
1
1
1
1
1
1
1
1
1
1
1
1
1
1
1
1
1
1
1
1
1
1
1
1
1
1
1
1
1
1
1
1
1
1
1
1
1
1
1
1
1
1
1
1
1
1
1
1
1
1
1
1
1
1
1
1
1
1
1
1
1
1
1
1
1
1
1
1
1
1
1
1
1
1
1
1
1
1
1
1
1
1
1
1
1
1
1
1
1
1
1
1
1
1
1
1
1
1
1
1
1
1
1
1
1
1
1
1
1
1
1
1
1
1
1
1
1
1
1
1
1
1
1
1
1
13
22
26
31
35
38
40
42
44
46
48
49
50
52
53
54
55
56
57
57
58
59
60
60
60
60
61
61
61
61
61
61
61
61
60
60
60
62
66
68
68
68
68
68
68
66
66
66
66
64
64
64
62
60
60
59
56
52
52
51
51
51
50
49
48
47
46
44
44
44
44
44
44
44
44
44
44
44
45
46
49
52
57
226
238
258
263
271
432
447
478
505
512
517
523
528
535
557
563
554
550
553
552
552
549
536
528
475
473
471
467
461
457
451
386
378
368
358
343
329
302
292
275
232
223
214
204
187
173
163
157
152
148
146
143
142
142
141
141
141
140
139
139
139
139
139
137
137
136
136
134
134
133
132
132
131
130
129
129
127
127
125
125
123
122
121
120
118
116
114
112
110
107
105
104
104
102
102
102
102
102
102
102
102
101
101
100
99
99
99
99
97
97
97
96
95
95
95
94
93
93
93
93
93
93
93
93
93
93
93
93
93
93
93
93
93
93
93
94
95
96
98
98
100
102
104
104
106
107
109
110
111
113
113
114
115
115
116
116
116
117
117
117
118
118
118
118
118
118
118
118
118
118
118
118
118
117
117
117
117
117
117
117
117
117
117
117
117
117
117
118
119
119
119
120
120
121
121
121
122
123
123
123
124
125
125
125
125
127
127
127
127
128
128
129
129
129
129
129
129
129
129
129
130
130
131
131
131
131
131
131
131
131
131
131
131
130
131
130
130
130
130
130
130
130
130
130
130
129
128
128
128
128
128
128
126
126
126
126
125
124
124
124
124
122
122
122
122
120
120
120
120
119
118
118
117
116
116
115
114
114
113
113
112
111
111
110
109
109
108
107
107
106
106
105
104
104
103
102
102
102
101
100
100
100
100
100
100
100
100
100
100
100
100
100
100
100
100
100
100
100
101
101
101
102
102
103
103
104
104
105
106
107
107
108
109
109
109
111
111
111
113
113
113
114
115
115
115
115
116
117
117
117
117
117
117
118
118
118
118
118
117
118
117
117
117
116
116
116
116
116
114
114
114
114
113
112
112
112
111
110
110
109
108
108
108
106
106
106
104
104
104
102
102
102
100
100
100
98
98
98
98
96
96
96
95
94
94
94
93
93
92
92
91
91
91
90
90
89
89
89
89
89
89
89
89
89
89
90
90
90
91
91
91
91
91
91
90
90
90
90
90
90
91
91
92
92
93
95
95
97
97
99
100
101
103
104
105
106
107
108
109
110
110
111
111
110
110
109
108
104
104
101
93
47
44
42
1
1
1
1
1
1
1
1
1
1
1
1
1
1
1
1
1
1
1
1
1
1
1
1
1
1
1
1
1
1
1
1
1
1
1
1
1
1
1
1
1
1
1
1
1
1
1
1
1
1
1
1
1
1
1
1
1
1
1
1
1
1
1
1
1
1
1
1
1
1
1
1
1
1
