# Vetor de dados - syn_f002143-1-Pre--front--vetorcoluna.txt
# Total de elementos: 1024
# Formato: um valor por linha
#==================================================

1
1
1
1
1
1
1
1
1
1
1
1
1
1
1
1
1
1
1
1
1
1
1
1
1
1
1
1
1
1
1
1
1
1
1
1
1
1
1
1
1
1
1
1
1
1
1
1
1
1
1
1
1
1
1
1
1
1
1
1
1
1
1
1
1
1
1
1
1
1
1
1
1
1
1
1
1
1
1
1
1
1
1
1
1
1
1
1
1
1
1
1
1
1
1
1
1
1
1
1
1
1
1
1
1
1
1
1
1
1
1
1
1
1
1
1
1
1
1
1
1
1
1
1
1
1
1
1
1
1
1
1
1
1
1
1
1
1
1
1
1
1
1
1
1
1
1
1
1
1
1
1
1
1
1
1
1
1
1
1
1
1
1
1
1
1
1
1
1
1
1
1
1
1
1
1
1
1
1
1
1
1
1
1
1
1
1
1
1
1
1
1
1
1
1
1
1
1
1
1
1
1
1
1
1
1
1
1
1
1
1
1
1
1
1
1
1
1
1
1
1
1
1
1
1
1
1
1
1
1
1
1
8
6
8
8
8
8
8
8
8
8
8
8
8
8
8
8
9
9
9
9
10
16
17
18
18
18
18
18
18
18
18
18
17
18
18
18
18
17
17
17
18
18
18
18
20
19
19
19
20
20
19
18
18
18
17
16
17
16
16
16
16
15
14
14
14
14
14
15
16
16
16
16
17
17
17
17
18
20
20
20
20
20
20
20
21
22
22
22
22
22
24
24
24
24
24
25
25
25
25
25
26
26
27
27
27
27
27
27
28
28
28
28
28
28
28
28
28
28
28
29
29
29
29
30
30
30
30
30
30
30
30
30
31
31
31
30
30
30
29
29
29
29
29
29
29
29
29
28
28
28
28
28
28
27
27
27
28
28
28
28
28
28
28
28
28
28
28
28
28
28
28
29
29
29
29
29
29
29
29
29
29
29
29
29
30
30
30
30
30
30
30
31
32
32
32
32
32
33
34
34
34
34
35
36
36
36
37
38
38
39
39
39
40
41
42
42
43
44
46
48
50
52
53
54
56
57
58
59
61
63
64
265
269
275
282
288
294
381
386
391
397
402
407
412
483
484
484
483
484
485
486
486
486
486
485
485
487
488
488
489
571
571
571
494
491
488
484
480
476
420
416
411
390
379
372
366
359
352
347
342
336
331
328
334
339
344
348
352
357
361
366
372
378
390
404
409
413
469
474
477
480
484
488
492
486
487
486
485
484
483
482
482
481
482
482
482
481
480
481
480
479
477
413
408
402
398
393
388
384
379
291
285
279
273
267
56
55
54
54
53
51
49
48
46
45
44
43
42
42
40
40
39
38
38
37
36
36
35
35
34
33
33
32
32
32
31
31
31
30
29
29
29
28
28
28
28
28
28
28
27
27
27
27
27
27
27
27
26
26
26
26
26
26
26
25
25
25
25
25
25
25
25
25
25
25
26
26
26
26
26
26
26
26
26
26
26
26
26
27
27
27
27
27
27
28
28
28
28
27
27
27
27
27
27
27
27
27
27
27
27
27
26
26
26
26
26
27
26
26
26
26
26
25
25
25
25
25
24
24
24
24
23
23
23
23
23
22
22
21
21
21
20
20
20
20
19
19
19
19
19
20
20
20
20
20
20
20
20
20
20
20
20
20
20
20
20
20
21
21
21
21
22
22
23
23
24
25
25
26
26
26
27
27
27
27
27
27
27
28
28
28
28
28
29
29
29
30
30
30
31
31
31
31
31
31
30
29
1
1
1
1
1
1
1
1
1
1
1
1
1
1
1
1
1
1
1
1
1
1
1
1
1
1
1
1
1
1
1
1
1
1
1
1
1
1
1
1
1
1
1
1
1
1
1
1
1
1
1
1
1
1
1
1
1
1
1
1
1
1
1
1
1
1
1
1
1
1
1
1
1
1
1
1
1
1
1
1
1
1
1
1
1
1
1
1
1
1
1
1
1
1
1
1
1
1
1
1
1
1
1
1
1
1
1
1
1
1
1
1
1
1
1
1
1
1
1
1
1
1
1
1
1
1
1
1
1
1
1
1
1
1
1
1
1
1
1
1
1
1
1
1
1
1
1
1
1
1
1
1
1
1
1
1
1
1
1
1
1
1
1
1
1
1
1
1
1
1
1
1
1
1
1
1
1
1
1
1
1
1
1
1
1
1
1
1
1
1
1
1
1
1
1
1
1
1
1
1
1
1
1
1
1
1
1
1
1
1
1
1
1
1
1
1
1
1
1
1
1
1
1
1
1
1
1
1
1
1
1
1
1
1
1
1
1
1
1
1
1
1
1
1
1
1
1
1
1
1
1
1
1
1
1
