# Vetor de dados - syn_f003884-2-Pre--front--vetorcoluna.txt
# Total de elementos: 1024
# Formato: um valor por linha
#==================================================

1
1
1
1
1
1
1
1
1
1
1
1
1
1
1
1
1
1
1
1
1
1
1
1
1
1
1
1
1
1
1
1
1
1
1
1
1
1
1
1
1
1
1
1
1
1
1
1
1
1
1
1
1
1
1
1
1
1
1
1
1
1
1
1
1
1
1
1
1
1
1
1
1
1
1
1
1
1
1
1
1
1
1
1
1
1
1
1
1
1
1
1
1
1
1
1
1
1
1
1
1
1
1
1
1
1
1
1
1
1
1
1
1
1
1
1
1
1
1
1
1
1
1
1
1
1
1
1
1
1
1
1
1
1
1
1
1
1
1
1
1
1
1
1
1
1
1
1
1
1
1
1
1
1
1
1
1
1
1
1
1
1
1
1
1
1
1
1
1
1
1
1
1
1
1
1
1
1
1
1
1
1
1
1
1
1
1
1
1
1
1
1
1
1
1
1
1
1
1
1
1
1
1
1
1
1
1
1
1
1
1
1
1
1
1
1
1
1
1
1
1
1
1
1
1
1
1
1
1
1
1
1
1
1
1
1
1
1
1
1
1
1
1
1
1
16
17
18
18
19
19
19
19
19
19
19
20
20
19
19
19
18
18
20
20
20
20
20
21
21
21
21
22
22
22
21
22
22
21
22
21
21
22
22
22
22
23
23
23
23
23
23
23
23
23
23
24
25
25
25
25
26
26
26
26
27
27
27
28
29
29
29
29
29
30
30
30
30
32
32
32
32
32
34
34
34
34
34
36
36
36
36
36
36
37
37
37
37
37
37
37
38
39
39
39
39
39
39
39
40
40
40
40
41
40
41
41
41
41
41
42
42
42
42
42
42
42
41
41
41
41
41
42
42
42
42
42
42
42
42
42
42
42
43
43
43
43
43
43
43
43
43
43
44
44
44
45
45
45
45
45
45
45
45
45
45
46
46
46
46
46
46
47
47
47
47
46
46
47
47
47
47
47
47
48
48
48
48
48
48
48
49
49
50
50
50
52
54
56
58
59
62
66
69
83
90
284
286
288
291
294
298
301
307
315
395
397
400
403
406
409
412
415
418
422
492
494
495
496
495
495
497
497
497
497
497
497
496
496
498
499
500
500
501
501
500
497
491
471
534
509
503
500
496
493
491
488
485
481
477
471
461
449
439
436
433
431
428
426
423
417
379
333
383
395
423
427
430
432
435
439
442
453
466
478
483
488
491
495
498
501
504
507
512
535
544
579
503
504
504
503
502
502
500
498
497
498
499
498
499
498
497
495
494
495
494
495
495
494
420
416
412
408
405
402
398
395
392
389
303
299
295
291
288
285
283
280
86
81
67
66
64
61
59
57
55
52
51
49
48
47
48
47
47
46
46
46
46
45
45
45
44
44
44
44
44
44
45
44
44
44
45
45
44
44
44
44
45
45
44
44
44
44
44
43
43
42
42
42
42
42
42
42
42
42
42
41
41
41
41
41
41
40
40
40
40
40
40
40
40
40
40
40
40
40
40
40
40
40
40
40
40
40
40
40
40
40
40
41
40
40
40
40
39
39
38
38
38
38
38
38
38
38
38
38
38
38
38
38
37
37
36
36
36
36
36
36
35
35
35
34
34
34
33
33
33
33
32
31
31
31
31
30
29
29
29
28
28
28
28
26
26
26
25
25
25
24
24
24
24
22
22
22
21
21
21
21
21
19
20
20
20
19
20
20
19
20
21
19
20
21
21
19
20
20
20
19
19
19
19
19
18
18
18
18
18
20
18
19
19
19
20
18
18
18
18
17
16
10
10
10
10
9
8
8
8
9
9
9
9
8
8
8
8
8
8
8
8
6
1
1
1
1
1
1
1
1
1
1
1
1
1
1
1
1
1
1
1
1
1
1
1
1
1
1
1
1
1
1
1
1
1
1
1
1
1
1
1
1
1
1
1
1
1
1
1
1
1
1
1
1
1
1
1
1
1
1
1
1
1
1
1
1
1
1
1
1
1
1
1
1
1
1
1
1
1
1
1
1
1
1
1
1
1
1
1
1
1
1
1
1
1
1
1
1
1
1
1
1
1
1
1
1
1
1
1
1
1
1
1
1
1
1
1
1
1
1
1
1
1
1
1
1
1
1
1
1
1
1
1
1
1
1
1
1
1
1
1
1
1
1
1
1
1
1
1
1
1
1
1
1
1
1
1
1
1
1
1
1
1
1
1
1
1
1
1
1
1
1
1
1
1
1
1
1
1
1
1
1
1
1
1
1
1
1
1
1
1
1
1
1
1
1
1
1
1
1
1
1
1
1
1
1
1
1
1
1
1
1
1
1
1
1
1
1
1
1
1
1
1
1
1
1
1
