# Vetor de dados - syn_f002967-3-Pre--front--vetorcoluna.txt
# Total de elementos: 1024
# Formato: um valor por linha
#==================================================

1
1
1
1
1
1
1
1
1
1
1
1
1
1
1
1
1
1
1
1
1
1
1
1
1
1
1
1
1
1
1
1
1
1
1
1
1
1
1
1
1
1
1
1
1
1
1
1
1
1
1
1
1
1
1
1
1
1
1
1
1
1
1
1
1
1
1
1
1
1
1
1
1
1
1
1
1
1
1
1
1
1
1
1
1
1
1
1
1
1
1
1
1
1
1
1
1
1
1
1
1
1
1
1
1
1
1
1
1
1
1
1
1
1
1
1
1
1
1
1
1
1
1
1
1
1
1
1
1
1
1
1
1
1
1
1
1
1
1
1
1
1
1
1
1
1
1
1
1
1
1
1
1
1
1
1
1
1
1
1
1
1
1
1
1
1
1
1
1
1
1
1
1
1
1
1
1
1
1
1
1
1
1
1
1
1
1
1
1
1
1
1
1
1
1
1
1
1
1
1
1
1
1
1
1
1
1
1
1
1
1
1
1
1
1
1
1
1
1
1
1
1
1
1
1
1
1
1
1
1
1
1
1
1
1
1
1
1
1
1
1
1
1
1
1
1
28
28
28
27
27
27
28
28
28
28
28
28
28
1
28
28
28
28
28
29
29
29
29
29
30
30
30
30
30
30
31
31
31
31
31
32
32
32
32
32
32
32
32
32
32
32
32
32
32
32
32
32
32
32
33
33
33
33
33
33
33
33
33
33
33
33
33
33
33
33
33
34
34
34
34
34
34
34
34
34
35
35
35
35
35
35
35
35
35
35
35
35
35
35
35
35
35
36
36
35
35
35
36
36
36
36
36
36
37
36
36
36
36
36
36
35
36
36
36
36
35
35
35
35
34
34
34
34
33
33
33
33
33
33
32
32
32
32
32
32
32
32
32
32
32
32
33
33
33
33
33
33
33
34
34
34
34
34
33
33
34
34
34
34
34
34
34
34
34
34
35
34
34
34
34
34
34
34
34
34
34
34
35
36
36
36
37
37
37
38
39
40
40
41
42
43
45
51
56
59
60
62
63
64
65
66
68
70
73
75
77
285
288
292
296
303
398
401
405
409
413
418
422
493
495
494
494
493
495
496
496
496
496
495
494
493
495
496
498
499
500
501
502
501
501
575
554
508
504
500
496
492
488
484
478
429
424
420
414
401
389
374
367
361
355
342
332
329
333
340
347
352
358
365
377
392
410
416
420
425
482
486
490
494
498
502
506
511
577
577
501
502
502
501
500
500
498
497
496
496
496
496
498
497
498
497
496
497
496
495
494
493
421
416
412
408
404
400
397
393
294
290
286
80
77
74
72
69
67
65
63
62
61
60
59
57
56
53
50
47
44
43
42
41
39
38
38
37
37
36
36
35
35
35
35
34
34
34
34
34
34
34
34
34
34
34
34
34
34
34
34
34
34
34
34
33
33
33
33
33
32
33
33
33
33
33
33
33
33
33
33
33
33
32
32
32
32
33
33
33
33
33
33
33
33
34
34
34
34
34
36
36
36
36
36
37
37
36
36
36
37
37
37
36
36
36
36
36
35
35
35
35
35
36
36
36
36
35
35
35
35
35
35
34
34
34
34
34
34
34
34
34
34
34
34
34
34
34
34
33
33
33
33
33
33
33
33
33
33
33
33
33
33
33
33
33
32
32
32
32
32
32
32
32
32
32
32
32
32
32
32
32
32
32
32
32
32
31
31
31
31
30
30
30
29
29
29
29
29
28
28
28
28
28
28
28
27
27
27
27
27
27
27
27
27
27
27
27
27
27
27
27
27
1
1
1
1
1
1
1
1
1
1
1
1
1
1
1
1
1
1
1
1
1
1
1
1
1
1
1
1
1
1
1
1
1
1
1
1
1
1
1
1
1
1
1
1
1
1
1
1
1
1
1
1
1
1
1
1
1
1
1
1
1
1
1
1
1
1
1
1
1
1
1
1
1
1
1
1
1
1
1
1
1
1
1
1
1
1
1
1
1
1
1
1
1
1
1
1
1
1
1
1
1
1
1
1
1
1
1
1
1
1
1
1
1
1
1
1
1
1
1
1
1
1
1
1
1
1
1
1
1
1
1
1
1
1
1
1
1
1
1
1
1
1
1
1
1
1
1
1
1
1
1
1
1
1
1
1
1
1
1
1
1
1
1
1
1
1
1
1
1
1
1
1
1
1
1
1
1
1
1
1
1
1
1
1
1
1
1
1
1
1
1
1
1
1
1
1
1
1
1
1
1
1
1
1
1
1
1
1
1
1
1
1
1
1
1
1
1
1
1
1
1
1
1
1
1
1
1
1
1
1
1
1
1
1
1
1
1
1
1
1
1
1
1
1
1
