# Vetor de dados - syn_f001324-3-Pre--front--vetorcoluna.txt
# Total de elementos: 1024
# Formato: um valor por linha
#==================================================

1
1
1
1
1
1
1
1
1
1
1
1
1
1
1
1
1
1
1
1
1
1
1
1
1
1
1
1
1
1
1
1
1
1
1
1
1
1
1
1
1
1
1
1
1
1
1
1
1
1
1
1
1
1
1
1
1
1
1
1
1
1
1
1
1
1
1
1
1
1
1
1
1
1
1
1
1
1
1
1
1
1
1
1
1
1
1
1
1
1
1
1
1
1
1
1
1
1
1
1
1
1
1
1
1
1
1
1
1
1
1
1
1
1
1
1
1
1
1
1
1
1
1
1
1
1
1
1
1
1
1
1
1
1
1
1
1
1
1
1
1
1
1
1
1
1
1
1
1
1
1
1
1
1
1
1
1
1
1
1
1
1
1
1
1
1
1
1
1
1
1
1
1
1
1
1
1
1
1
1
1
1
1
1
1
1
1
1
1
1
1
1
1
1
1
1
1
1
1
1
1
1
1
1
1
1
1
1
1
1
1
14
14
14
14
14
14
17
18
18
18
20
20
20
20
19
19
19
20
20
19
19
19
20
20
19
19
21
21
21
22
22
22
21
22
22
22
23
22
23
23
22
23
23
23
24
24
24
24
24
25
25
25
25
25
25
26
26
26
26
26
26
27
27
27
27
27
27
28
28
28
28
29
29
29
29
29
30
30
30
30
30
30
31
31
31
32
32
33
33
33
33
33
34
35
35
35
35
35
36
36
37
37
37
37
37
38
38
38
38
39
39
39
39
40
40
40
40
41
41
41
41
41
41
41
41
41
42
42
42
42
42
42
41
41
41
41
41
41
40
40
40
40
40
40
39
39
39
39
39
39
38
38
38
39
39
39
39
39
38
38
39
39
39
39
39
39
39
40
40
40
40
40
40
41
41
41
41
41
41
42
42
41
41
41
41
41
41
42
42
42
42
42
43
43
43
44
44
44
44
44
44
45
45
45
45
46
46
46
46
47
47
47
47
47
47
48
48
48
49
49
49
50
50
50
53
56
59
61
63
65
69
73
296
298
301
304
308
311
315
319
322
418
422
426
428
431
434
438
442
445
518
521
521
521
521
523
524
525
525
524
524
524
525
527
527
528
530
530
530
529
528
526
525
523
457
525
522
520
516
513
509
505
500
494
454
449
444
442
438
432
415
395
384
374
366
358
345
332
331
331
332
348
358
362
367
372
378
386
406
431
437
441
443
446
449
453
500
505
509
513
516
519
522
525
528
521
524
528
529
531
531
531
530
529
529
528
527
527
528
527
527
526
526
525
524
524
522
521
520
444
439
435
432
428
424
421
417
318
315
311
308
304
302
298
295
291
288
285
81
75
73
78
77
73
71
69
68
66
65
62
60
56
55
53
52
51
50
49
48
48
47
46
46
45
44
44
44
43
43
42
42
42
42
42
42
42
42
42
42
42
42
42
42
42
42
42
42
42
41
41
41
41
41
41
41
41
41
41
41
40
40
40
40
40
40
40
40
40
39
39
39
39
39
39
39
39
39
39
39
39
39
39
39
39
39
39
39
39
39
39
39
39
40
40
41
41
41
41
41
41
42
41
41
41
41
41
41
41
41
41
41
41
41
41
41
41
41
41
41
41
41
41
41
41
41
41
41
40
40
40
40
40
40
40
40
40
39
39
39
39
39
39
39
38
38
38
38
38
38
38
37
37
37
37
37
37
37
37
37
36
36
36
36
36
36
36
36
36
36
35
35
35
35
35
35
35
35
35
35
35
35
35
35
35
34
34
34
34
33
33
33
33
32
32
32
32
32
31
31
31
31
31
30
30
30
30
30
30
30
29
29
29
29
29
29
29
28
28
28
28
28
28
28
28
28
28
1
1
1
1
1
1
1
1
1
1
1
1
1
1
1
1
1
1
1
1
1
1
1
1
1
1
1
1
1
1
1
1
1
1
1
1
1
1
1
1
1
1
1
1
1
1
1
1
1
1
1
1
1
1
1
1
1
1
1
1
1
1
1
1
1
1
1
1
1
1
1
1
1
1
1
1
1
1
1
1
1
1
1
1
1
1
1
1
1
1
1
1
1
1
1
1
1
1
1
1
1
1
1
1
1
1
1
1
1
1
1
1
1
1
1
1
1
1
1
1
1
1
1
1
1
1
1
1
1
1
1
1
1
1
1
1
1
1
1
1
1
1
1
1
1
1
1
1
1
1
1
1
1
1
1
1
1
1
1
1
1
1
1
1
1
1
1
1
1
1
1
1
1
1
1
1
1
1
1
1
1
1
1
1
1
1
1
1
1
1
1
1
1
1
1
1
1
1
1
1
1
1
1
1
1
1
1
1
1
1
1
1
1
1
1
1
1
