# Vetor de dados - syn_f002811-2-Pre--front--vetorcoluna.txt
# Total de elementos: 1024
# Formato: um valor por linha
#==================================================

1
1
1
1
1
1
1
1
1
1
1
1
1
1
1
1
1
1
1
1
1
1
1
1
1
1
1
1
1
1
1
1
1
1
1
1
1
1
1
1
1
1
1
1
1
1
1
1
1
1
1
1
1
1
1
1
1
1
1
1
1
1
1
1
1
1
1
1
1
1
1
1
1
1
1
1
1
1
1
1
1
1
1
1
1
1
1
1
1
1
1
1
1
1
1
1
1
1
1
1
1
1
1
1
1
1
1
1
1
1
1
1
1
1
1
1
1
1
1
1
1
1
1
1
1
1
1
1
1
1
1
1
1
1
1
1
1
1
1
1
1
1
1
1
1
1
1
1
1
1
1
1
1
1
1
1
1
1
1
1
1
1
1
1
1
1
1
1
1
1
1
1
1
1
1
1
1
1
1
1
1
1
1
1
1
1
1
1
1
1
1
1
1
1
1
1
1
1
1
1
1
1
1
1
1
1
8
8
8
8
8
8
9
9
9
8
8
8
8
9
9
9
9
9
9
12
12
12
12
12
17
18
19
19
19
19
21
21
20
19
21
21
20
19
21
21
20
20
19
21
21
21
22
22
22
23
23
23
23
23
23
23
23
23
23
23
23
22
23
22
22
23
23
22
22
22
23
23
23
23
23
24
24
25
25
25
25
26
26
27
27
27
27
27
28
29
29
29
29
29
30
30
31
31
31
32
32
32
32
32
33
34
34
34
35
35
35
35
35
36
37
37
37
37
37
37
37
39
39
39
39
39
39
39
40
40
40
40
40
40
40
41
42
42
42
42
42
42
42
42
42
42
42
43
43
43
43
42
41
41
41
41
41
41
41
41
41
41
41
42
42
42
42
42
42
42
42
42
41
41
41
42
42
42
42
42
42
42
42
42
43
43
43
43
43
43
43
43
43
43
43
43
43
43
43
43
43
43
43
43
43
43
43
43
43
43
43
44
43
43
43
43
44
44
44
44
45
45
45
45
46
46
46
46
47
48
49
49
51
54
56
53
56
59
61
63
66
70
80
287
292
295
298
303
308
313
319
411
415
419
423
427
431
435
440
445
514
514
516
517
517
517
517
519
519
520
520
519
520
520
522
522
524
524
525
524
524
522
520
523
452
448
514
510
506
500
493
485
465
453
449
446
443
441
439
437
434
414
387
379
369
331
330
366
373
380
386
400
424
433
437
439
441
442
444
446
448
451
477
487
496
503
509
515
521
525
526
528
529
460
518
523
524
525
525
525
523
523
522
520
520
519
520
520
520
519
519
519
517
518
518
439
436
432
429
425
422
418
414
409
405
400
314
309
304
300
297
294
71
68
65
63
64
64
63
62
60
57
55
54
52
51
50
48
47
46
46
45
44
43
43
43
43
41
41
41
41
41
41
40
40
40
40
40
41
41
41
41
41
41
41
41
41
41
42
42
42
42
42
41
41
41
41
41
41
41
41
41
41
41
41
41
40
40
40
40
40
40
40
40
40
40
40
40
40
40
40
40
40
40
40
40
40
40
40
40
40
40
41
41
41
42
41
41
41
41
41
41
41
41
41
41
40
40
40
40
40
40
40
39
39
39
39
39
39
38
38
38
38
38
37
37
37
36
36
36
35
35
35
35
35
34
33
33
33
33
32
32
32
32
32
30
30
30
30
30
30
29
28
28
28
28
28
27
26
26
26
26
26
26
25
24
24
24
24
24
24
23
24
24
24
24
24
24
24
23
24
23
24
24
24
24
23
24
23
23
23
23
22
22
22
21
21
21
20
21
21
21
21
20
21
21
21
21
21
21
21
21
20
20
20
20
19
19
18
12
10
10
10
10
10
10
10
9
9
9
9
9
9
8
8
8
8
8
8
8
8
1
1
1
1
1
1
1
1
1
1
1
1
1
1
1
1
1
1
1
1
1
1
1
1
1
1
1
1
1
1
1
1
1
1
1
1
1
1
1
1
1
1
1
1
1
1
1
1
1
1
1
1
1
1
1
1
1
1
1
1
1
1
1
1
1
1
1
1
1
1
1
1
1
1
1
1
1
1
1
1
1
1
1
1
1
1
1
1
1
1
1
1
1
1
1
1
1
1
1
1
1
1
1
1
1
1
1
1
1
1
1
1
1
1
1
1
1
1
1
1
1
1
1
1
1
1
1
1
1
1
1
1
1
1
1
1
1
1
1
1
1
1
1
1
1
1
1
1
1
1
1
1
1
1
1
1
1
1
1
1
1
1
1
1
1
1
1
1
1
1
1
1
1
1
1
1
1
1
1
1
1
1
1
1
1
1
1
1
1
1
1
1
1
1
1
1
1
1
1
1
1
1
1
1
1
1
1
