# Vetor de dados - syn_f002306-1-Pre--front--vetorlinha.txt
# Total de elementos: 768
# Formato: um valor por linha
#==================================================

1
1
1
1
1
1
1
1
1
1
1
1
1
1
1
1
1
1
1
1
1
1
1
1
1
1
1
1
1
1
1
1
1
1
1
1
1
1
1
1
1
1
1
1
1
1
1
1
1
1
1
1
1
1
1
1
1
1
1
1
1
1
1
1
1
1
1
1
1
1
1
1
1
1
1
1
1
1
1
1
1
1
1
1
1
1
1
1
1
1
1
1
1
1
1
1
1
1
1
1
1
1
1
1
1
1
1
1
1
1
1
1
1
1
1
1
1
1
1
1
1
1
1
1
8
21
25
29
33
37
39
41
43
45
47
48
49
51
52
53
54
55
56
57
57
58
59
59
60
60
61
61
61
61
61
61
61
61
61
61
60
60
62
67
69
69
69
69
68
68
68
67
66
66
66
64
64
63
62
60
60
58
52
52
51
51
50
50
49
48
47
47
46
45
44
44
44
44
44
44
44
44
44
44
44
44
44
45
47
49
54
59
64
68
72
79
93
265
299
314
338
378
382
385
388
391
393
396
404
452
451
459
465
469
473
477
481
485
428
429
433
441
440
438
437
434
433
431
427
425
413
414
416
422
419
414
410
405
399
365
359
357
159
155
152
150
148
148
146
144
144
142
142
140
138
136
135
133
132
131
129
129
128
127
127
127
125
125
125
125
124
124
124
124
123
123
123
123
122
122
122
122
121
121
120
119
119
117
117
115
114
113
111
110
111
111
111
111
111
111
110
110
110
110
110
110
110
110
110
110
111
111
111
112
111
111
111
110
110
110
109
109
108
108
106
106
106
105
104
104
104
105
105
105
106
107
107
108
109
109
110
111
112
112
112
112
113
114
114
114
114
114
114
114
114
114
114
114
114
114
113
113
113
113
113
113
113
113
113
113
113
113
113
114
114
114
114
115
115
115
115
115
115
117
117
117
117
117
117
118
119
119
119
119
120
121
121
121
121
121
122
123
123
123
123
123
123
123
124
124
124
124
124
124
123
123
123
123
123
123
123
123
123
123
123
123
123
123
123
123
123
123
123
122
123
122
122
122
122
122
122
122
122
122
122
121
121
121
120
120
120
120
120
120
120
119
119
119
118
118
118
118
118
118
117
116
116
116
115
114
114
114
114
112
112
112
111
110
110
110
109
108
108
107
106
106
105
105
104
104
103
103
103
101
101
101
100
100
99
99
99
99
99
99
99
99
99
99
99
99
99
99
99
98
98
98
98
98
98
98
98
98
99
99
99
99
99
100
101
101
101
102
102
103
104
104
104
105
105
106
106
106
107
108
108
108
109
109
109
109
109
109
110
110
110
110
110
110
109
109
109
109
109
109
109
108
107
107
107
107
107
106
105
105
105
105
104
103
103
103
102
102
101
101
101
100
100
99
99
98
98
97
97
97
96
96
95
95
95
94
93
93
93
92
91
91
91
91
89
89
89
88
88
87
87
87
86
86
86
85
85
85
85
85
85
85
85
85
85
86
86
86
86
87
87
88
88
88
89
90
90
90
90
90
90
90
90
90
91
91
92
93
93
94
95
96
97
98
99
100
102
102
104
105
106
108
108
109
110
111
111
110
110
110
110
109
108
107
106
105
103
97
45
44
43
40
1
1
1
1
1
1
1
1
1
1
1
1
1
1
1
1
1
1
1
1
1
1
1
1
1
1
1
1
1
1
1
1
1
1
1
1
1
1
1
1
1
1
1
1
1
1
1
1
1
1
1
1
1
1
1
1
1
1
1
1
1
1
