# Vetor de dados - syn_f002955-1-Pre--front--vetorcoluna.txt
# Total de elementos: 1024
# Formato: um valor por linha
#==================================================

1
1
1
1
1
1
1
1
1
1
1
1
1
1
1
1
1
1
1
1
1
1
1
1
1
1
1
1
1
1
1
1
1
1
1
1
1
1
1
1
1
1
1
1
1
1
1
1
1
1
1
1
1
1
1
1
1
1
1
1
1
1
1
1
1
1
1
1
1
1
1
1
1
1
1
1
1
1
1
1
1
1
1
1
1
1
1
1
1
1
1
1
1
1
1
1
1
1
1
1
1
1
1
1
1
1
1
1
1
1
1
1
1
1
1
1
1
1
1
1
1
1
1
1
1
1
1
1
1
1
1
1
1
1
1
1
1
1
1
1
1
1
1
1
1
1
1
1
1
1
1
1
1
1
1
1
1
1
1
1
1
1
1
1
1
1
1
1
1
1
1
1
1
1
1
1
1
1
1
1
1
1
1
1
1
1
1
1
1
1
1
1
1
1
1
1
1
1
1
1
1
1
1
1
1
1
1
1
1
1
1
1
1
1
1
1
1
1
1
5
8
8
8
8
8
8
8
8
8
8
9
9
9
9
9
9
9
9
9
10
10
10
18
20
20
19
19
19
20
20
20
20
19
19
19
20
20
19
19
19
21
21
21
21
21
22
22
22
22
23
22
22
23
23
22
23
22
23
22
22
22
22
22
22
22
22
22
21
21
21
21
22
22
22
22
22
22
23
23
23
23
24
24
24
24
24
25
25
25
26
26
26
27
27
27
27
28
28
28
29
29
29
30
30
30
30
30
30
32
32
32
32
32
32
32
32
32
33
34
34
34
34
34
34
34
34
34
35
35
35
35
35
35
35
36
36
36
36
36
36
36
36
36
36
36
36
36
36
36
36
36
35
35
35
35
35
35
35
35
34
34
34
34
34
34
34
34
34
34
34
34
34
34
34
34
34
34
35
35
35
35
35
35
35
35
35
35
35
35
36
36
36
36
36
36
36
36
37
37
37
38
38
38
38
39
40
40
40
41
41
42
43
43
44
44
45
46
47
47
48
49
51
52
54
55
56
57
58
59
61
62
63
63
64
66
67
70
276
283
289
305
379
385
390
394
399
404
480
479
482
483
483
482
481
482
483
484
484
484
483
482
483
483
484
485
486
487
488
486
557
540
525
494
490
488
485
483
480
475
471
466
425
421
418
414
411
358
350
343
333
323
315
313
313
315
330
338
344
348
354
409
413
416
418
465
470
474
477
482
485
488
492
494
496
498
498
553
478
480
481
483
482
483
482
481
481
480
480
481
481
482
482
483
481
481
480
479
478
406
402
398
395
392
388
385
381
309
289
282
70
67
64
62
61
60
59
59
57
56
55
54
53
51
50
49
48
47
46
45
45
44
44
42
42
42
41
41
40
39
39
39
38
37
37
37
37
36
36
36
36
36
35
35
35
35
35
34
34
34
35
35
35
34
34
34
34
34
34
34
33
33
33
33
33
33
33
33
34
34
34
34
34
34
34
34
34
34
34
34
34
35
35
35
35
35
35
35
35
37
37
37
37
37
37
37
37
36
36
36
36
36
36
35
35
35
35
35
34
34
34
34
34
34
34
34
33
32
32
32
32
32
31
31
31
31
31
30
29
29
29
29
29
28
28
28
28
28
28
28
27
26
26
26
26
26
25
25
25
25
25
25
24
23
23
23
23
23
23
22
22
22
22
22
20
20
20
20
20
20
20
20
18
18
18
18
17
17
18
18
19
18
19
19
20
20
19
19
19
20
20
18
18
18
18
18
18
18
18
18
19
18
18
18
19
19
19
20
18
20
20
19
17
18
9
9
9
9
9
9
9
9
9
9
9
9
9
9
8
8
8
8
8
8
8
1
1
1
1
1
1
1
1
1
1
1
1
1
1
1
1
1
1
1
1
1
1
1
1
1
1
1
1
1
1
1
1
1
1
1
1
1
1
1
1
1
1
1
1
1
1
1
1
1
1
1
1
1
1
1
1
1
1
1
1
1
1
1
1
1
1
1
1
1
1
1
1
1
1
1
1
1
1
1
1
1
1
1
1
1
1
1
1
1
1
1
1
1
1
1
1
1
1
1
1
1
1
1
1
1
1
1
1
1
1
1
1
1
1
1
1
1
1
1
1
1
1
1
1
1
1
1
1
1
1
1
1
1
1
1
1
1
1
1
1
1
1
1
1
1
1
1
1
1
1
1
1
1
1
1
1
1
1
1
1
1
1
1
1
1
1
1
1
1
1
1
1
1
1
1
1
1
1
1
1
1
1
1
1
1
1
1
1
1
1
1
1
1
1
1
1
1
1
1
1
1
1
1
1
1
1
1
1
1
1
1
1
1
1
1
1
1
1
1
1
