# Vetor de dados - syn_f003234-3-Pre--front--vetorcoluna.txt
# Total de elementos: 1024
# Formato: um valor por linha
#==================================================

1
1
1
1
1
1
1
1
1
1
1
1
1
1
1
1
1
1
1
1
1
1
1
1
1
1
1
1
1
1
1
1
1
1
1
1
1
1
1
1
1
1
1
1
1
1
1
1
1
1
1
1
1
1
1
1
1
1
1
1
1
1
1
1
1
1
1
1
1
1
1
1
1
1
1
1
1
1
1
1
1
1
1
1
1
1
1
1
1
1
1
1
1
1
1
1
1
1
1
1
1
1
1
1
1
1
1
1
1
1
1
1
1
1
1
1
1
1
1
1
1
1
1
1
1
1
1
1
1
1
1
1
1
1
1
1
1
1
1
1
1
1
1
1
1
1
1
1
1
1
1
1
1
1
1
1
1
1
1
1
1
1
1
1
1
1
1
1
1
1
1
1
1
1
1
1
1
1
1
1
1
1
1
1
1
1
1
1
1
1
1
1
1
1
1
1
1
1
1
1
1
1
1
1
1
1
1
1
1
1
1
1
1
1
1
1
1
1
1
1
1
1
1
1
1
1
1
1
1
1
1
1
1
1
1
1
5
6
8
8
8
8
8
8
8
8
9
9
9
9
9
9
9
9
10
10
10
10
12
17
18
18
18
19
19
19
18
20
19
19
19
18
20
19
19
18
18
18
20
20
20
21
21
21
21
22
21
21
22
21
21
22
21
20
21
20
19
21
21
21
21
22
22
22
22
22
22
22
24
24
24
24
24
25
25
26
26
26
27
27
27
28
28
28
29
29
29
30
30
30
30
31
32
32
32
32
33
33
34
34
34
34
34
35
35
35
35
35
35
35
35
35
35
35
35
36
35
35
36
36
36
36
36
36
36
36
36
36
36
36
36
36
36
36
36
37
37
37
37
37
37
37
37
37
37
37
38
38
38
38
38
39
39
39
39
40
40
40
40
40
40
42
42
42
42
42
42
42
43
43
43
43
43
43
43
43
43
44
44
44
44
44
43
43
43
43
44
43
43
43
43
43
44
44
44
44
44
44
44
44
45
46
48
50
49
52
60
70
77
80
82
84
278
280
283
286
289
292
294
297
378
381
385
388
390
394
397
401
406
472
473
473
474
474
475
476
476
476
475
475
475
476
478
479
480
480
482
482
481
481
455
443
419
482
478
474
470
466
462
458
453
446
429
419
416
413
410
409
406
403
378
371
363
359
360
365
373
385
405
408
410
413
415
419
442
454
462
467
471
475
478
482
484
487
491
497
517
528
549
483
483
484
484
483
483
482
481
481
480
481
481
481
480
479
479
479
478
411
406
401
397
394
390
387
384
381
299
295
291
288
284
282
280
277
85
83
82
81
78
65
58
57
57
48
47
47
47
46
46
45
45
44
44
44
44
44
43
42
42
42
43
43
43
42
42
42
42
42
42
42
42
42
42
42
42
42
42
42
42
42
41
41
41
40
40
40
40
40
40
40
39
39
39
39
39
39
38
38
38
38
38
38
37
36
36
36
36
36
36
36
36
36
36
36
36
36
36
36
36
36
36
36
36
36
36
35
35
35
35
35
35
35
35
35
35
35
35
35
35
34
34
34
34
34
34
34
34
33
33
33
33
33
32
31
31
31
31
31
30
29
29
29
29
28
27
27
27
27
26
25
25
25
25
24
23
23
23
22
22
21
21
21
20
20
20
18
18
18
17
17
17
18
17
18
19
18
19
19
18
18
19
19
20
18
18
18
18
17
17
17
18
18
18
17
17
18
18
18
19
18
18
18
18
18
18
17
16
10
10
10
9
8
8
8
9
9
9
8
8
8
8
8
8
8
8
8
8
6
1
1
1
1
1
1
1
1
1
1
1
1
1
1
1
1
1
1
1
1
1
1
1
1
1
1
1
1
1
1
1
1
1
1
1
1
1
1
1
1
1
1
1
1
1
1
1
1
1
1
1
1
1
1
1
1
1
1
1
1
1
1
1
1
1
1
1
1
1
1
1
1
1
1
1
1
1
1
1
1
1
1
1
1
1
1
1
1
1
1
1
1
1
1
1
1
1
1
1
1
1
1
1
1
1
1
1
1
1
1
1
1
1
1
1
1
1
1
1
1
1
1
1
1
1
1
1
1
1
1
1
1
1
1
1
1
1
1
1
1
1
1
1
1
1
1
1
1
1
1
1
1
1
1
1
1
1
1
1
1
1
1
1
1
1
1
1
1
1
1
1
1
1
1
1
1
1
1
1
1
1
1
1
1
1
1
1
1
1
1
1
1
1
1
1
1
1
1
1
1
1
1
1
1
1
1
1
1
1
1
1
1
1
1
1
1
1
1
1
1
1
1
1
1
1
1
1
1
1
1
1
1
1
1
1
1
