# Vetor de dados - syn_f000064-2-Pre--front--vetorlinha.txt
# Total de elementos: 768
# Formato: um valor por linha
#==================================================

1
1
1
1
1
1
1
1
1
1
1
1
1
1
1
1
1
1
1
1
1
1
1
1
1
1
1
1
1
1
1
1
1
1
1
1
1
1
1
1
1
1
1
1
1
1
1
1
1
1
1
1
1
1
1
1
1
1
1
1
1
1
1
1
1
1
1
1
1
1
1
1
1
1
1
1
1
1
1
1
1
1
1
1
1
1
1
1
1
1
1
1
1
1
1
1
1
1
1
1
1
1
1
1
1
1
1
1
1
1
1
1
1
1
1
1
1
1
1
1
1
1
1
12
22
26
30
34
38
40
42
44
46
48
49
51
51
53
54
55
56
58
58
59
60
60
61
62
62
62
62
63
63
64
64
63
62
62
62
62
62
62
63
66
69
71
72
71
70
70
70
70
69
68
68
68
67
66
65
64
63
61
60
57
55
52
51
50
50
49
49
49
48
47
47
47
47
47
47
47
47
47
47
47
47
46
47
48
49
50
53
56
60
62
65
68
72
74
390
421
432
452
470
484
522
528
538
572
572
571
569
562
550
541
535
529
525
528
528
527
525
467
462
395
387
380
372
364
355
345
335
323
308
277
251
238
228
219
209
196
185
166
160
155
152
150
147
146
145
144
143
142
141
141
139
139
137
136
134
133
133
131
131
131
130
129
129
128
128
128
127
126
126
125
125
124
123
123
121
121
120
119
118
117
116
115
113
112
111
111
110
110
110
110
110
110
110
110
110
110
110
110
110
110
108
108
108
108
108
108
106
106
106
106
106
105
104
104
103
103
103
102
101
101
101
101
100
100
100
100
100
99
101
101
103
103
105
107
107
109
110
112
112
114
115
117
117
118
119
120
121
121
122
123
123
125
125
125
125
127
127
127
128
129
129
129
129
129
129
129
128
128
128
127
127
127
127
127
127
127
127
127
128
128
128
129
129
129
129
129
130
131
131
131
132
132
133
134
134
134
135
136
136
136
137
137
137
137
137
137
138
139
139
139
139
139
139
139
139
139
139
138
137
137
137
137
137
137
137
137
137
137
137
137
136
135
135
135
135
135
135
134
133
133
133
133
131
131
131
131
130
129
129
128
128
127
126
126
126
126
126
124
124
124
124
124
123
122
122
122
121
121
120
120
119
119
118
117
117
116
115
115
114
113
113
113
112
111
111
110
110
109
109
108
108
108
108
107
106
106
106
106
106
106
106
106
106
106
105
105
105
105
104
104
104
104
104
103
104
104
104
104
105
105
106
106
106
106
106
108
108
108
108
109
110
110
110
110
110
111
111
112
112
112
112
113
113
113
113
113
113
113
113
113
113
113
113
113
113
113
113
113
113
111
111
111
111
111
111
110
109
109
109
109
108
107
107
107
107
106
105
105
105
105
104
103
103
103
102
102
101
101
100
100
99
99
98
98
97
97
96
96
95
95
95
95
94
93
93
93
93
91
91
91
91
91
91
90
89
89
89
89
89
89
88
88
88
88
88
88
88
88
88
90
90
90
91
92
92
92
92
93
93
92
92
92
92
92
93
94
94
94
94
96
96
96
97
98
98
100
100
100
102
102
103
104
104
106
106
108
109
109
110
110
109
109
109
108
106
104
103
98
95
91
44
43
42
1
1
1
1
1
1
1
1
1
1
1
1
1
1
1
1
1
1
1
1
1
1
1
1
1
1
1
1
1
1
1
1
1
1
1
1
1
1
1
1
1
1
1
1
1
1
1
1
1
1
1
1
1
1
1
1
1
1
1
1
1
