# Vetor de dados - syn_f003802-1-Pre--front--vetorlinha.txt
# Total de elementos: 768
# Formato: um valor por linha
#==================================================

1
1
1
1
1
1
1
1
1
1
1
1
1
1
1
1
1
1
1
1
1
1
1
1
1
1
1
1
1
1
1
1
1
1
1
1
1
1
1
1
1
1
1
1
1
1
1
1
1
1
1
1
1
1
1
1
1
1
1
1
1
1
1
1
1
1
1
1
1
1
1
1
1
1
1
1
1
1
1
1
1
1
1
1
1
1
1
1
1
1
1
1
1
1
1
1
1
1
1
1
1
1
1
1
1
1
1
1
18
25
28
32
36
39
40
42
44
46
48
49
51
52
53
55
55
57
57
59
59
59
61
61
61
62
63
63
63
63
63
63
63
63
63
63
63
63
61
62
64
68
70
70
71
71
70
70
70
69
68
68
68
67
66
66
65
63
62
61
61
56
51
51
50
49
48
48
48
47
47
47
47
47
47
47
47
47
47
46
46
46
46
46
44
44
44
45
47
50
54
58
62
66
70
75
79
84
276
311
322
330
340
430
446
491
498
503
509
519
531
542
541
531
529
533
539
545
550
555
566
573
519
514
509
505
499
495
488
479
455
452
446
443
440
436
349
332
322
304
284
246
220
207
158
155
152
151
149
148
147
146
145
143
143
141
141
139
137
136
135
134
133
132
131
130
129
128
128
127
127
127
126
126
126
125
125
125
125
125
124
124
124
124
124
124
125
124
124
124
123
122
122
120
119
117
116
115
115
115
115
115
115
115
115
115
115
115
115
115
115
115
115
115
115
115
115
115
115
116
116
116
116
116
117
117
118
119
119
121
121
121
121
121
121
121
122
124
125
126
127
128
129
131
131
133
134
135
136
137
138
139
140
140
142
142
144
144
146
146
146
148
148
149
150
150
150
150
152
152
152
152
152
152
153
153
153
153
153
153
153
153
153
154
154
154
154
154
154
154
154
154
154
155
156
156
156
156
156
156
156
158
158
158
158
158
159
159
159
159
159
159
159
159
159
159
159
160
160
160
160
160
160
159
158
158
158
158
158
158
158
157
156
156
156
156
156
156
156
156
156
155
155
154
154
154
154
154
154
154
153
153
152
152
152
151
151
150
150
150
150
148
148
148
148
147
147
146
146
145
145
145
144
143
143
143
143
142
141
141
141
140
139
139
139
139
137
137
137
137
135
135
135
134
133
133
133
132
132
131
131
130
130
130
128
128
128
128
128
126
126
126
126
125
125
124
124
124
124
124
124
123
123
123
123
123
123
123
123
122
122
121
121
121
121
121
120
120
119
119
119
119
119
119
119
119
119
119
120
120
120
121
121
122
122
122
122
122
122
124
124
124
124
124
124
124
125
125
125
125
125
125
125
125
125
125
125
125
125
125
125
125
123
123
123
123
123
123
123
123
121
121
121
121
121
119
119
119
119
118
118
117
117
116
115
115
115
114
113
113
113
112
111
111
110
110
109
109
108
108
108
107
106
106
106
105
104
104
104
104
103
102
102
102
102
100
100
100
100
100
100
100
100
100
99
98
98
99
100
100
100
100
100
100
100
100
101
102
102
102
103
103
104
104
104
104
104
104
104
104
105
105
105
106
107
107
108
108
109
110
111
111
113
113
115
115
117
118
119
120
120
122
122
124
124
125
126
126
125
125
125
125
125
124
122
121
116
114
113
109
105
102
42
1
1
1
1
1
1
1
1
1
1
1
1
1
1
1
1
1
1
1
1
1
1
1
1
1
1
1
1
1
1
1
1
1
1
1
1
1
1
1
1
1
1
1
1
1
1
1
