# Vetor de dados - syn_f001491-2-Pre--front--vetorlinha.txt
# Total de elementos: 768
# Formato: um valor por linha
#==================================================

1
1
1
1
1
1
1
1
1
1
1
1
1
1
1
1
1
1
1
1
1
1
1
1
1
1
1
1
1
1
1
1
1
1
1
1
1
1
1
1
1
1
1
1
1
1
1
1
1
1
1
1
1
1
1
1
1
1
1
1
1
1
1
1
1
1
1
1
1
1
1
1
1
1
1
1
1
1
1
1
1
1
1
1
1
1
1
1
1
1
1
1
1
1
1
1
1
1
1
1
1
1
1
1
1
1
1
1
1
1
1
1
1
1
1
1
1
1
1
1
1
1
1
1
1
1
1
1
1
1
1
1
1
1
1
1
1
1
8
21
26
30
33
37
39
41
43
45
48
49
50
52
53
54
56
56
58
58
59
60
60
61
62
62
62
62
63
63
63
63
63
63
62
62
62
62
61
65
69
69
71
70
70
70
69
69
68
68
67
66
66
66
64
63
62
61
60
56
54
54
54
53
52
52
50
50
48
47
46
45
45
45
45
45
45
45
44
44
44
44
44
44
45
49
55
60
63
67
120
130
274
287
307
335
346
393
406
419
433
448
485
496
504
508
513
518
522
525
516
523
536
547
547
547
546
545
474
464
440
437
433
424
415
401
307
292
278
233
200
189
148
146
144
144
142
141
140
140
139
138
138
137
135
135
134
133
132
132
130
130
128
128
128
126
126
124
124
123
123
123
121
121
120
119
119
117
117
116
115
114
114
112
111
110
108
107
106
105
105
104
104
103
103
103
103
101
101
101
101
100
100
99
99
99
98
97
97
97
97
97
97
97
97
97
97
98
98
98
98
97
97
97
96
96
95
95
95
95
96
96
97
99
99
100
101
103
103
105
107
108
109
111
112
114
115
116
116
118
118
120
120
122
122
123
123
124
124
125
125
126
126
126
126
126
126
127
127
127
127
127
127
127
128
128
129
129
129
130
130
130
130
131
131
132
132
132
133
133
133
134
135
135
135
135
135
136
136
137
137
137
137
137
138
138
138
139
139
139
139
139
139
139
139
139
139
139
139
138
137
137
137
137
137
137
137
136
136
135
135
135
135
135
135
134
134
133
133
132
132
131
131
130
130
130
129
128
128
127
126
126
125
125
124
123
123
122
121
121
120
120
119
118
118
117
116
116
114
114
113
112
112
111
110
110
109
108
108
108
107
106
106
106
105
104
104
104
104
104
103
103
103
102
102
102
102
102
102
102
102
102
102
101
101
100
100
100
100
100
100
100
100
100
100
100
100
100
101
102
102
102
103
104
104
104
105
105
106
106
106
107
107
108
108
108
108
108
108
109
110
110
110
110
110
110
110
109
109
108
108
108
108
108
108
107
107
107
106
106
105
104
104
104
104
103
102
102
101
101
100
100
100
98
98
98
98
97
96
96
96
96
95
94
94
94
94
93
92
92
92
91
91
90
90
90
89
89
89
88
88
87
87
86
86
86
86
86
86
85
84
84
85
85
85
85
87
87
88
88
89
89
89
89
89
88
88
88
89
89
90
91
91
92
93
94
95
96
97
99
101
102
102
102
104
104
105
105
105
104
104
103
103
102
102
101
98
95
93
91
87
83
39
1
1
1
1
1
1
1
1
1
1
1
1
1
1
1
1
1
1
1
1
1
1
1
1
1
1
1
1
1
1
1
1
1
1
1
1
1
1
1
1
1
1
1
1
1
1
1
1
1
1
1
1
1
1
1
1
1
1
1
1
1
1
1
1
1
1
1
1
1
1
1
1
1
1
1
1
1
