# Vetor de dados - syn_f000504-2-Pre--left--vetorlinha.txt
# Total de elementos: 768
# Formato: um valor por linha
#==================================================

1
1
1
1
1
1
1
1
1
1
1
1
1
1
1
1
1
1
1
1
1
1
1
1
1
1
1
1
1
1
1
1
1
1
1
1
1
1
1
1
1
1
1
1
1
1
1
1
1
1
1
1
1
1
1
1
1
1
1
1
1
1
1
1
1
1
1
1
1
1
1
1
1
1
1
1
1
1
1
1
1
1
1
1
1
1
1
1
1
1
1
1
1
1
1
1
1
1
1
1
1
1
1
1
1
1
1
1
1
1
1
1
1
21
27
34
38
42
45
48
50
53
55
57
59
61
63
64
66
66
68
68
70
70
70
72
72
73
73
74
74
74
74
74
74
74
74
75
76
76
76
77
77
77
78
79
78
79
80
80
80
81
81
81
80
80
77
75
72
70
70
69
68
67
66
65
64
64
63
62
62
62
62
61
61
61
61
62
62
61
61
60
58
56
53
51
49
48
49
48
49
49
49
49
50
50
50
50
51
51
52
51
53
54
55
55
56
56
57
175
181
186
191
197
203
209
218
229
233
236
240
246
253
260
265
277
286
300
301
301
300
300
298
295
293
284
284
282
264
198
191
172
160
150
107
99
90
87
88
88
89
89
89
90
90
90
91
91
91
91
91
92
92
92
92
92
92
92
92
91
91
91
91
91
91
89
89
89
88
87
86
84
83
82
80
78
77
76
76
76
75
76
76
75
75
75
75
74
74
74
74
73
73
73
73
72
72
72
72
71
71
71
72
72
72
71
71
71
71
71
71
71
71
71
70
70
70
70
70
70
71
71
71
71
71
71
71
71
71
70
70
70
71
72
73
73
74
75
75
76
76
77
78
79
79
81
81
82
82
83
84
84
85
85
86
86
86
87
87
87
88
88
89
89
89
89
89
89
89
90
90
89
89
90
90
90
90
89
89
89
89
88
89
87
88
87
87
87
86
86
84
84
84
84
84
84
85
84
84
84
84
84
83
83
83
84
83
83
82
82
82
81
81
80
79
78
77
76
75
73
72
72
72
72
72
71
71
71
71
71
71
71
70
70
70
71
71
71
71
70
70
70
70
70
69
69
70
70
70
69
69
69
69
69
68
68
68
68
68
67
67
67
67
67
65
65
65
65
65
64
64
64
63
63
62
62
62
61
61
60
60
60
59
59
58
58
57
57
57
56
56
55
55
54
54
54
54
53
52
52
52
52
52
52
51
51
51
51
52
52
52
52
52
52
51
51
52
52
52
53
52
52
53
53
53
53
53
53
53
53
52
53
52
53
52
53
52
53
52
53
52
53
52
53
52
51
52
51
51
51
51
50
51
50
50
50
51
50
50
50
50
50
51
51
51
51
51
50
50
50
50
50
50
50
50
49
49
50
50
50
50
50
50
49
49
49
49
49
49
49
49
49
48
48
48
48
48
47
47
47
47
46
46
45
45
45
45
45
44
44
44
43
43
43
42
42
42
42
41
41
41
40
40
40
40
39
39
39
39
38
38
38
38
38
37
37
37
38
39
39
40
42
43
45
48
50
52
54
57
59
60
62
64
68
73
75
78
79
81
82
84
86
87
87
87
87
87
86
78
55
57
62
65
68
71
74
78
81
84
86
88
89
91
91
91
90
89
88
86
82
67
55
49
44
37
35
31
1
1
1
1
1
1
1
1
1
1
1
1
1
1
1
1
1
1
1
1
1
1
1
1
1
1
1
1
1
1
1
1
1
1
1
1
1
1
1
1
1
1
1
1
1
1
1
1
1
1
1
