# Vetor de dados - syn_f004498-1-Pre--left--vetorlinha.txt
# Total de elementos: 768
# Formato: um valor por linha
#==================================================

1
1
1
1
1
1
1
1
1
1
1
1
1
1
1
1
1
1
1
1
1
1
1
1
1
1
1
1
1
1
1
1
1
1
1
1
1
1
1
1
1
1
1
1
1
1
1
1
1
1
1
1
1
1
1
1
1
1
1
1
1
1
1
1
1
1
1
1
1
1
1
1
1
1
1
1
1
1
1
1
1
1
1
1
1
1
1
1
1
1
1
1
1
1
1
1
1
1
1
1
8
23
30
35
40
44
48
51
54
56
58
60
62
64
66
67
69
70
71
72
73
75
75
75
76
78
78
78
78
79
79
79
79
79
79
79
79
81
81
80
80
81
81
82
83
82
83
84
85
85
85
86
85
86
84
84
82
81
79
77
77
77
76
75
75
74
72
72
72
72
71
70
69
68
68
67
67
67
66
66
65
64
63
62
59
52
49
48
47
48
47
47
47
48
47
48
48
48
49
50
50
50
51
52
52
53
53
54
55
56
57
57
58
61
65
69
72
77
83
90
98
107
114
158
166
173
180
184
188
192
198
202
207
212
217
223
228
233
238
243
248
251
253
256
260
265
269
274
279
282
286
293
299
304
308
314
322
322
322
322
320
318
314
102
102
102
103
103
103
104
104
103
103
104
104
104
104
104
103
102
102
102
102
101
100
99
99
98
97
96
95
95
95
95
95
95
96
96
95
96
96
96
96
95
96
96
95
95
95
95
94
94
95
95
94
94
94
94
93
93
92
92
92
91
90
89
89
88
88
88
87
87
87
85
85
85
85
85
85
85
85
85
85
86
87
87
88
89
90
91
91
92
93
93
94
94
95
95
97
97
98
98
100
100
100
101
101
102
102
103
103
104
104
104
105
105
105
105
105
106
106
106
106
106
107
107
107
106
106
106
106
106
106
106
105
105
105
105
104
104
104
103
103
102
101
100
100
99
99
97
96
96
96
95
95
95
94
94
94
94
94
94
93
93
92
92
91
91
90
89
88
88
88
87
86
85
83
83
82
82
82
81
81
80
80
80
79
79
78
78
78
77
77
77
77
77
77
77
77
77
76
76
75
75
75
75
75
75
74
74
74
74
74
74
75
74
74
74
74
74
73
73
73
73
73
72
72
72
72
72
71
71
71
71
70
70
70
70
70
69
69
69
68
67
67
67
66
66
66
66
65
65
65
65
64
63
63
63
62
62
62
61
61
61
61
61
60
60
59
59
59
58
59
58
58
58
57
57
57
58
58
57
57
58
58
58
58
58
59
59
58
59
58
58
58
58
57
58
58
57
56
57
56
56
56
55
55
54
54
53
54
53
52
52
52
51
51
50
50
50
50
50
49
49
49
49
50
50
50
49
50
50
50
50
50
50
49
49
50
50
50
50
49
49
49
49
49
49
48
48
48
48
47
47
46
46
46
46
46
46
45
45
44
44
44
44
43
43
43
42
42
42
41
41
41
41
40
40
40
39
39
39
38
38
38
37
37
37
36
36
36
36
36
36
36
36
35
36
36
36
36
37
37
37
37
38
37
38
39
39
41
42
43
46
47
50
52
55
58
61
67
72
75
77
79
80
83
84
85
87
89
90
90
91
91
91
90
91
45
47
49
51
54
56
60
63
67
70
76
79
81
84
87
89
91
93
95
96
95
94
92
89
87
82
71
66
60
53
48
45
41
1
1
1
1
1
1
1
1
1
1
1
1
1
1
1
1
1
1
1
1
1
1
1
1
1
1
1
1
1
1
1
1
1
1
1
1
1
