# Vetor de dados - syn_f003356-0-Pre--front--vetorlinha.txt
# Total de elementos: 768
# Formato: um valor por linha
#==================================================

1
1
1
1
1
1
1
1
1
1
1
1
1
1
1
1
1
1
1
1
1
1
1
1
1
1
1
1
1
1
1
1
1
1
1
1
1
1
1
1
1
1
1
1
1
1
1
1
1
1
1
1
1
1
1
1
1
1
1
1
1
1
1
1
1
1
1
1
1
1
1
1
1
1
1
1
1
1
1
1
1
1
1
1
1
1
1
1
1
1
1
1
1
1
1
1
1
1
1
1
1
1
1
1
1
1
1
1
1
1
1
1
1
1
1
1
1
1
1
1
1
1
1
1
1
1
1
16
23
27
31
35
37
39
41
43
45
47
49
50
51
52
54
54
56
56
57
58
58
59
60
60
60
60
61
61
61
61
61
61
60
60
60
60
60
63
67
68
68
68
68
67
67
67
66
65
65
65
64
63
62
60
60
58
55
51
51
51
51
49
49
49
47
46
45
45
45
45
44
44
44
43
43
43
43
42
43
43
43
43
44
47
52
57
63
71
82
96
122
134
143
151
159
169
178
186
197
265
281
346
356
367
378
392
409
433
443
453
462
468
474
481
490
497
505
518
529
540
555
564
569
579
580
578
576
556
556
554
532
381
371
183
171
143
138
136
134
133
132
130
129
128
126
125
123
122
121
119
119
118
117
116
115
115
115
114
114
114
114
114
113
113
113
112
112
112
112
111
111
110
110
109
108
108
108
108
107
107
107
107
108
108
108
108
108
107
107
106
106
106
106
107
107
107
107
108
108
109
110
111
111
111
112
113
113
113
114
114
114
114
114
115
115
115
115
115
115
115
115
114
116
116
117
117
117
118
118
119
119
119
120
121
121
122
122
123
124
124
124
126
126
127
128
128
130
130
132
132
132
134
134
134
136
136
136
136
136
137
137
137
138
138
138
138
138
138
138
138
138
138
138
138
138
138
138
138
138
139
139
139
140
140
140
140
140
141
141
141
142
142
142
143
143
143
143
143
143
143
143
143
143
143
143
143
143
143
143
142
142
142
142
142
141
141
141
141
141
140
140
139
139
139
138
138
138
137
137
136
136
136
136
135
134
134
134
134
133
132
132
132
131
130
130
130
129
128
128
128
127
127
126
126
126
125
124
124
124
123
122
122
122
121
121
120
119
119
119
118
117
117
117
117
116
115
115
115
115
115
114
113
113
113
113
113
113
111
111
111
111
111
111
111
111
111
111
110
111
110
110
110
110
110
110
110
110
109
108
108
108
108
108
108
107
107
106
106
106
106
106
106
106
107
108
108
108
108
108
108
108
108
108
108
109
110
110
110
110
110
110
110
110
110
110
110
110
110
110
110
110
109
109
109
109
108
108
107
107
107
107
107
106
106
105
105
105
104
104
104
103
102
102
102
102
102
102
100
100
100
100
99
99
98
98
98
98
98
97
97
97
96
96
96
96
95
95
95
95
94
94
93
93
93
93
93
93
92
91
91
91
91
91
91
91
91
92
92
92
92
93
93
94
94
95
95
95
95
96
96
96
96
96
96
97
96
97
97
97
98
99
99
101
101
101
103
103
105
105
107
108
109
110
112
112
114
115
116
117
119
119
119
119
119
119
118
117
116
113
112
111
107
103
101
46
43
1
1
1
1
1
1
1
1
1
1
1
1
1
1
1
1
1
1
1
1
1
1
1
1
1
1
1
1
1
1
1
1
1
1
1
1
1
1
1
1
1
1
1
1
1
1
1
1
1
1
1
1
1
1
1
1
1
1
1
1
1
1
1
1
