# Vetor de dados - syn_f004589-3-Pre--front--vetorlinha.txt
# Total de elementos: 768
# Formato: um valor por linha
#==================================================

1
1
1
1
1
1
1
1
1
1
1
1
1
1
1
1
1
1
1
1
1
1
1
1
1
1
1
1
1
1
1
1
1
1
1
1
1
1
1
1
1
1
1
1
1
1
1
1
1
1
1
1
1
1
1
1
1
1
1
1
1
1
1
1
1
1
1
1
1
1
1
1
1
1
1
1
1
1
1
1
1
1
1
1
1
1
1
1
1
1
1
1
1
1
1
1
1
1
1
1
1
1
1
1
1
1
1
1
1
1
1
1
1
1
1
1
1
1
1
1
1
1
1
1
1
1
1
1
1
16
23
27
31
35
38
40
42
43
46
47
49
50
51
53
53
55
56
57
57
58
59
59
60
60
61
61
61
61
61
61
61
61
61
61
60
60
60
62
67
69
69
69
69
69
68
67
67
67
66
65
65
65
63
62
61
60
58
56
53
52
52
52
51
51
50
49
48
47
46
45
44
44
43
43
43
43
43
43
42
42
43
45
47
49
52
54
58
61
65
67
71
73
78
86
112
155
165
172
178
185
192
282
291
301
317
376
389
401
411
418
424
431
439
447
458
470
485
496
511
513
516
519
523
526
527
510
519
529
536
546
473
463
399
390
372
366
345
345
158
157
156
155
153
152
151
150
150
149
148
147
147
146
145
143
141
141
139
138
137
137
136
136
136
135
135
134
134
133
132
131
131
129
129
129
127
127
125
125
123
123
122
121
120
118
117
115
113
111
110
109
107
107
107
107
107
107
107
106
106
106
106
104
104
104
103
102
102
102
100
100
100
99
98
98
98
96
96
94
94
94
92
92
90
89
89
90
91
91
92
94
96
98
100
100
102
104
104
106
107
108
108
110
110
111
112
112
112
113
113
113
113
113
114
115
115
115
114
114
115
114
114
114
114
114
114
114
114
114
114
114
114
114
114
114
114
114
113
114
114
114
114
114
115
115
115
115
115
115
115
116
116
117
117
117
117
118
118
119
119
119
119
120
121
121
121
121
121
122
123
123
123
123
123
123
123
123
123
123
123
123
123
123
124
125
125
125
125
125
124
124
124
124
124
124
124
124
124
124
124
124
124
124
124
124
123
123
123
123
123
122
121
121
121
119
119
119
118
117
117
117
116
115
115
114
114
113
113
112
111
111
111
109
109
108
108
107
106
106
104
104
103
103
102
102
100
100
99
98
98
98
97
97
97
97
96
96
96
96
95
95
95
95
94
94
94
94
94
94
94
95
95
95
96
96
97
98
98
98
99
100
100
101
102
103
103
104
105
105
106
107
108
108
108
109
110
110
110
110
111
111
111
112
112
112
112
112
112
112
111
111
111
111
111
110
110
110
110
109
109
108
108
107
107
107
106
105
105
105
104
103
103
102
101
101
100
99
99
98
97
97
97
95
95
95
94
93
93
93
91
91
91
89
89
89
89
87
87
87
87
85
85
85
85
85
85
84
84
84
84
84
84
84
84
84
85
85
85
85
86
86
86
86
88
88
87
87
87
87
86
86
86
86
86
86
86
87
87
87
88
89
89
89
91
91
92
93
93
95
95
96
97
97
98
98
99
100
101
101
101
100
100
100
99
97
94
93
91
87
81
41
40
35
1
1
1
1
1
1
1
1
1
1
1
1
1
1
1
1
1
1
1
1
1
1
1
1
1
1
1
1
1
1
1
1
1
1
1
1
1
1
1
1
1
1
1
1
1
1
1
1
1
1
1
1
1
1
1
1
1
1
1
1
1
1
1
1
1
1
