# Vetor de dados - syn_f003629-2-Pre--front--vetorcoluna.txt
# Total de elementos: 1024
# Formato: um valor por linha
#==================================================

1
1
1
1
1
1
1
1
1
1
1
1
1
1
1
1
1
1
1
1
1
1
1
1
1
1
1
1
1
1
1
1
1
1
1
1
1
1
1
1
1
1
1
1
1
1
1
1
1
1
1
1
1
1
1
1
1
1
1
1
1
1
1
1
1
1
1
1
1
1
1
1
1
1
1
1
1
1
1
1
1
1
1
1
1
1
1
1
1
1
1
1
1
1
1
1
1
1
1
1
1
1
1
1
1
1
1
1
1
1
1
1
1
1
1
1
1
1
1
1
1
1
1
1
1
1
1
1
1
1
1
1
1
1
1
1
1
1
1
1
1
1
1
1
1
1
1
1
1
1
1
1
1
1
1
1
1
1
1
1
1
1
1
1
1
1
1
1
1
1
1
1
1
1
1
1
1
1
1
1
1
1
1
1
1
1
1
1
1
1
1
1
1
1
6
8
8
8
8
8
8
9
9
8
8
8
8
8
9
9
9
9
9
9
9
12
12
16
18
18
19
19
19
19
21
20
20
20
19
20
20
19
19
19
20
20
19
19
21
21
21
21
22
21
21
22
22
22
21
22
22
21
22
21
20
20
19
18
20
19
19
19
20
20
20
20
20
20
20
20
20
20
21
21
21
21
21
22
22
22
22
22
23
23
23
23
23
24
24
24
24
24
24
26
26
26
26
27
27
27
27
27
28
28
28
28
28
29
29
30
30
30
30
30
31
31
31
31
31
31
31
32
32
33
33
33
33
33
33
33
33
33
33
34
33
33
34
34
35
35
35
35
35
35
35
35
35
35
34
34
34
34
34
34
34
33
33
33
33
33
32
32
32
32
32
32
33
33
32
32
32
32
32
32
32
33
33
33
33
33
33
33
33
34
34
34
34
34
34
34
34
34
35
35
35
35
35
35
35
35
35
35
35
35
36
36
36
36
36
35
35
36
36
36
36
36
36
37
37
37
38
38
38
39
40
40
41
41
41
42
42
43
44
44
45
45
45
47
47
48
49
51
52
54
57
59
62
63
64
66
67
70
71
73
74
72
80
286
292
298
303
418
423
428
432
437
441
446
528
529
527
528
529
530
531
531
530
529
528
529
530
531
531
532
532
532
532
531
530
454
448
443
518
514
508
501
493
453
449
445
439
433
396
384
373
368
364
359
357
353
347
340
335
328
322
334
341
348
354
358
363
368
372
381
394
434
438
443
448
454
498
505
510
517
525
531
535
614
534
534
535
534
533
532
532
530
530
530
531
532
531
531
531
530
530
530
529
528
448
444
439
433
428
424
419
415
297
291
286
280
77
75
73
71
69
67
66
64
63
62
60
58
57
55
52
51
49
48
47
45
44
44
43
43
41
41
41
39
39
39
39
38
38
38
38
37
37
37
37
36
36
36
36
36
36
36
36
36
36
36
35
35
35
35
35
35
35
35
35
35
35
35
35
35
34
34
34
34
34
34
34
34
34
34
33
33
33
33
33
33
33
33
33
33
33
33
33
33
33
33
33
34
34
34
34
34
35
35
35
35
36
36
36
36
36
36
36
36
36
36
36
36
36
36
36
36
36
36
36
36
36
36
35
35
35
35
35
35
35
35
34
34
33
33
33
33
33
32
32
32
32
32
32
31
31
31
31
31
31
30
29
29
29
28
28
28
28
28
27
27
27
27
27
25
25
25
25
25
25
24
24
24
24
24
24
23
22
22
22
22
22
22
22
21
21
21
21
21
22
22
22
22
22
22
22
22
22
22
22
22
22
23
22
23
23
22
23
23
22
22
22
23
22
22
22
21
21
21
21
19
20
20
21
21
20
21
21
21
21
21
21
21
21
21
19
18
18
12
12
12
12
9
9
9
9
9
10
9
9
9
9
9
9
9
8
8
8
8
8
8
1
1
1
1
1
1
1
1
1
1
1
1
1
1
1
1
1
1
1
1
1
1
1
1
1
1
1
1
1
1
1
1
1
1
1
1
1
1
1
1
1
1
1
1
1
1
1
1
1
1
1
1
1
1
1
1
1
1
1
1
1
1
1
1
1
1
1
1
1
1
1
1
1
1
1
1
1
1
1
1
1
1
1
1
1
1
1
1
1
1
1
1
1
1
1
1
1
1
1
1
1
1
1
1
1
1
1
1
1
1
1
1
1
1
1
1
1
1
1
1
1
1
1
1
1
1
1
1
1
1
1
1
1
1
1
1
1
1
1
1
1
1
1
1
1
1
1
1
1
1
1
1
1
1
1
1
1
1
1
1
1
1
1
1
1
1
1
1
1
1
1
1
1
1
1
1
1
1
1
1
1
1
1
1
1
1
1
1
1
1
1
1
1
1
