# Vetor de dados - syn_f001500-2-Pre--front--vetorlinha.txt
# Total de elementos: 768
# Formato: um valor por linha
#==================================================

1
1
1
1
1
1
1
1
1
1
1
1
1
1
1
1
1
1
1
1
1
1
1
1
1
1
1
1
1
1
1
1
1
1
1
1
1
1
1
1
1
1
1
1
1
1
1
1
1
1
1
1
1
1
1
1
1
1
1
1
1
1
1
1
1
1
1
1
1
1
1
1
1
1
1
1
1
1
1
1
1
1
1
1
1
1
1
1
1
1
1
1
1
1
1
1
1
1
1
1
1
1
1
1
13
23
27
31
35
38
40
42
44
46
48
50
51
52
53
55
55
57
58
59
59
60
61
61
62
63
63
63
63
63
64
64
64
64
63
63
63
63
62
62
65
69
71
71
72
72
71
70
70
70
69
68
68
68
67
66
64
64
62
62
58
56
52
51
51
51
50
49
48
47
47
46
46
46
46
46
45
45
45
45
45
45
45
45
45
45
45
46
47
48
49
51
53
55
58
61
64
67
70
74
79
82
160
173
184
291
300
312
331
353
364
376
390
404
433
447
470
493
498
502
507
511
515
521
523
516
522
526
529
533
535
538
479
479
478
477
480
480
480
482
474
470
465
454
428
393
368
368
366
365
164
161
159
157
157
155
155
153
153
152
151
151
150
148
147
147
145
144
143
142
141
140
140
138
138
136
136
136
135
135
134
133
133
133
132
132
132
131
130
130
130
129
129
129
128
127
125
125
123
123
123
123
123
123
123
123
123
122
122
122
122
122
122
122
122
122
122
122
122
122
122
122
122
122
122
122
122
122
122
122
122
122
124
124
124
124
125
125
125
125
126
126
126
125
125
124
123
123
121
121
121
121
121
122
122
122
123
124
125
126
127
129
130
131
133
135
135
136
137
138
139
139
140
140
140
141
141
142
142
142
142
142
142
142
142
142
143
143
143
143
143
143
143
143
143
143
143
143
143
143
144
144
145
145
145
146
147
147
147
147
148
149
149
149
150
151
151
151
151
152
152
153
153
153
153
153
153
154
155
155
155
155
155
155
155
155
154
153
153
153
153
153
153
153
152
152
152
151
151
151
150
150
150
149
149
148
148
148
148
147
146
146
146
146
145
144
144
144
144
143
142
142
142
142
141
140
140
140
140
139
138
138
138
137
137
136
136
135
135
134
134
133
132
132
131
130
130
129
129
128
128
127
127
126
125
125
125
124
124
124
123
123
123
122
121
121
121
121
120
120
120
119
119
119
119
119
119
119
119
119
118
118
118
118
117
117
117
117
117
117
116
116
116
116
116
116
116
116
116
116
116
116
116
116
116
116
117
118
118
118
118
119
119
120
120
121
121
122
122
122
123
124
124
124
124
125
126
126
126
126
126
126
126
126
126
126
126
126
126
126
126
126
126
126
126
126
126
125
124
124
124
123
122
122
122
122
122
120
120
120
120
118
118
118
116
116
116
116
114
114
114
113
112
112
112
110
110
110
110
108
108
108
108
106
106
106
105
104
104
104
103
102
102
102
101
100
100
100
100
99
98
98
98
98
98
98
98
98
98
98
98
98
99
99
99
99
99
99
99
99
99
99
99
99
99
99
99
99
100
100
100
100
102
102
102
104
104
105
107
107
109
109
111
112
113
115
115
117
117
119
119
121
121
122
122
122
122
121
120
119
116
116
114
109
105
104
50
46
46
1
1
1
1
1
1
1
1
1
1
1
1
1
1
1
1
1
1
1
1
1
1
1
1
1
1
1
1
1
1
1
1
1
1
1
1
1
1
1
1
1
1
1
1
1
