# Vetor de dados - syn_f003335-0-Pre--left--vetorlinha.txt
# Total de elementos: 768
# Formato: um valor por linha
#==================================================

1
1
1
1
1
1
1
1
1
1
1
1
1
1
1
1
1
1
1
1
1
1
1
1
1
1
1
1
1
1
1
1
1
1
1
1
1
1
1
1
1
1
1
1
1
1
1
1
1
1
1
1
1
1
1
1
1
1
1
1
1
1
1
1
1
1
1
1
1
1
1
1
1
1
1
1
1
1
1
1
1
1
1
1
1
1
1
1
1
1
1
1
1
1
1
1
1
1
1
1
1
1
1
1
1
1
1
1
1
1
1
1
1
1
1
1
1
1
1
1
1
1
1
1
1
1
1
1
1
1
1
1
1
1
1
8
23
31
36
41
45
49
52
54
56
58
60
62
65
67
69
70
71
72
73
75
75
77
77
78
78
79
79
79
80
80
81
81
82
82
82
82
82
82
82
83
82
82
83
83
83
84
84
85
85
85
85
85
85
83
83
80
76
74
73
72
71
70
70
68
66
66
65
65
65
63
63
63
63
63
63
63
62
62
60
59
56
47
45
44
43
44
43
43
43
43
43
43
44
43
44
45
44
45
45
45
45
46
45
46
46
46
46
47
48
48
49
52
56
59
63
67
73
142
147
152
155
159
162
167
171
176
182
188
203
211
213
216
219
223
227
232
237
241
245
252
258
263
269
277
277
278
278
276
274
271
261
89
89
89
89
89
89
89
89
89
88
88
88
86
86
85
85
84
84
82
82
81
81
80
79
78
77
77
76
76
76
76
75
75
75
75
75
75
75
74
74
74
74
74
73
73
73
74
74
74
74
73
73
73
73
74
73
73
73
73
74
74
74
74
74
74
75
75
76
76
76
76
77
76
77
77
77
77
78
78
79
79
80
81
81
81
81
82
82
83
83
84
84
85
85
87
87
87
88
88
88
89
89
89
90
90
90
90
90
91
90
90
90
90
91
90
90
90
90
90
89
89
90
90
90
89
89
89
89
89
88
88
88
88
87
87
87
86
85
85
84
84
84
84
84
84
83
83
83
84
84
84
83
83
82
82
81
81
80
80
79
79
78
76
75
74
74
73
74
73
72
71
71
71
70
70
70
69
69
69
68
68
68
68
67
66
66
66
66
66
65
64
64
64
64
64
63
63
63
63
63
62
62
62
62
62
61
61
61
61
61
60
60
60
60
60
59
59
59
59
58
58
57
57
56
56
56
56
55
55
54
54
54
53
53
53
52
52
52
52
51
51
51
50
50
50
51
51
50
50
50
50
50
50
50
50
50
49
50
50
49
49
49
48
49
48
48
48
47
47
46
46
46
45
46
45
44
44
44
43
43
42
43
42
42
42
42
42
43
43
43
42
43
43
43
43
44
44
44
43
43
44
44
44
44
44
44
44
43
43
43
43
43
43
43
43
42
42
42
42
41
41
41
41
40
40
40
40
39
39
39
39
39
38
38
38
38
38
38
37
37
37
37
38
38
38
37
37
38
38
38
38
39
39
39
39
40
40
41
42
43
45
47
48
52
54
56
58
60
61
63
65
69
72
73
76
80
83
84
85
84
84
84
81
58
60
62
66
70
72
74
77
80
83
86
86
86
84
84
82
80
78
75
61
52
45
37
33
1
1
1
1
1
1
1
1
1
1
1
1
1
1
1
1
1
1
1
1
1
1
1
1
1
1
1
1
1
1
1
1
1
1
1
1
1
1
1
1
1
1
1
1
1
1
1
1
1
1
1
1
1
1
1
1
1
1
1
1
1
1
1
1
1
1
1
1
1
1
1
1
1
1
