# Vetor de dados - syn_f002558-2-Pre--front--vetorcoluna.txt
# Total de elementos: 1024
# Formato: um valor por linha
#==================================================

1
1
1
1
1
1
1
1
1
1
1
1
1
1
1
1
1
1
1
1
1
1
1
1
1
1
1
1
1
1
1
1
1
1
1
1
1
1
1
1
1
1
1
1
1
1
1
1
1
1
1
1
1
1
1
1
1
1
1
1
1
1
1
1
1
1
1
1
1
1
1
1
1
1
1
1
1
1
1
1
1
1
1
1
1
1
1
1
1
1
1
1
1
1
1
1
1
1
1
1
1
1
1
1
1
1
1
1
1
1
1
1
1
1
1
1
1
1
1
1
1
1
1
1
1
1
1
1
1
1
1
1
1
1
1
1
1
1
1
1
1
1
1
1
1
1
1
1
1
1
1
1
1
1
1
1
1
1
1
1
1
1
1
1
1
1
1
1
1
1
1
1
1
1
1
1
1
1
1
1
1
1
1
1
1
1
1
1
1
1
1
1
1
1
1
1
1
1
1
1
1
1
1
1
1
1
1
1
1
1
1
1
1
1
1
1
1
1
1
1
25
25
25
25
25
25
25
25
25
25
25
25
26
26
26
26
26
26
27
27
27
27
27
28
28
28
28
29
29
29
29
29
30
30
30
31
31
32
32
32
33
33
33
33
34
34
34
34
34
34
34
34
34
34
34
34
34
34
34
34
34
35
35
35
35
35
35
35
35
35
35
35
36
36
36
36
36
36
36
36
37
37
37
37
37
37
38
38
38
38
38
39
39
39
39
39
39
39
39
39
39
40
40
40
40
40
40
40
40
40
40
40
40
40
40
40
40
40
40
40
40
40
40
40
40
40
39
39
39
39
39
39
39
39
39
38
38
38
38
38
38
38
38
38
38
38
38
38
38
38
38
38
38
38
38
38
38
39
39
40
40
40
40
41
41
41
41
41
41
41
41
42
42
42
42
42
42
42
42
42
42
43
43
43
43
43
43
43
43
43
44
44
44
44
44
44
45
45
45
45
45
46
46
46
46
47
47
47
49
49
50
51
51
52
53
55
57
60
62
64
66
67
68
69
70
71
72
74
75
76
68
293
298
302
306
309
313
316
319
323
421
425
429
433
436
440
445
449
529
529
528
528
530
530
530
531
530
531
530
531
533
534
536
537
537
539
539
538
538
537
455
526
522
519
516
513
509
505
450
446
443
439
433
422
412
399
392
387
380
374
367
361
357
365
372
379
384
388
393
400
412
423
434
440
445
450
455
512
517
520
523
526
529
533
537
623
624
623
621
540
539
538
538
537
536
536
535
535
534
533
533
532
532
531
531
531
531
531
447
442
437
431
427
422
419
319
316
313
310
307
303
298
293
288
74
71
69
68
67
66
65
63
62
60
59
57
55
54
53
52
52
50
50
50
49
49
48
47
47
47
46
46
45
45
44
44
44
44
43
43
43
43
43
43
43
43
43
43
43
42
42
42
42
42
42
42
42
41
41
41
41
41
41
41
41
40
40
40
40
40
40
39
39
39
39
40
40
39
39
39
39
39
39
39
39
38
38
38
38
38
38
39
39
39
39
39
39
39
39
39
39
39
40
40
39
39
39
39
39
39
39
39
38
38
38
38
38
38
38
38
38
37
37
37
37
37
37
37
37
36
36
36
36
36
36
36
36
35
35
35
35
35
35
34
34
34
34
33
33
33
33
32
32
32
31
31
30
30
29
29
29
28
28
28
28
27
27
27
27
27
26
26
26
26
25
24
24
24
24
24
23
23
23
23
23
22
22
22
22
22
22
22
23
22
23
23
23
23
23
23
23
23
23
23
23
22
22
22
21
22
22
22
21
21
21
21
21
21
21
22
21
21
22
22
21
21
21
21
21
21
19
19
18
12
12
12
12
10
10
10
10
10
9
9
9
9
9
8
8
8
9
9
9
8
8
8
8
1
1
1
1
1
1
1
1
1
1
1
1
1
1
1
1
1
1
1
1
1
1
1
1
1
1
1
1
1
1
1
1
1
1
1
1
1
1
1
1
1
1
1
1
1
1
1
1
1
1
1
1
1
1
1
1
1
1
1
1
1
1
1
1
1
1
1
1
1
1
1
1
1
1
1
1
1
1
1
1
1
1
1
1
1
1
1
1
1
1
1
1
1
1
1
1
1
1
1
1
1
1
1
1
1
1
1
1
1
1
1
1
1
1
1
1
1
1
1
1
1
1
1
1
1
1
1
1
1
1
1
1
1
1
1
1
1
1
1
1
1
1
1
1
1
1
1
1
1
1
1
1
1
1
1
1
1
1
1
1
1
1
1
1
1
1
1
1
1
1
1
1
1
1
1
1
1
1
1
1
1
1
1
1
1
1
1
1
1
1
1
1
1
1
1
1
1
