# Vetor de dados - syn_f002405-2-Pre--front--vetorcoluna.txt
# Total de elementos: 1024
# Formato: um valor por linha
#==================================================

1
1
1
1
1
1
1
1
1
1
1
1
1
1
1
1
1
1
1
1
1
1
1
1
1
1
1
1
1
1
1
1
1
1
1
1
1
1
1
1
1
1
1
1
1
1
1
1
1
1
1
1
1
1
1
1
1
1
1
1
1
1
1
1
1
1
1
1
1
1
1
1
1
1
1
1
1
1
1
1
1
1
1
1
1
1
1
1
1
1
1
1
1
1
1
1
1
1
1
1
1
1
1
1
1
1
1
1
1
1
1
1
1
1
1
1
1
1
1
1
1
1
1
1
1
1
1
1
1
1
1
1
1
1
1
1
1
1
1
1
1
1
1
1
1
1
1
1
1
1
1
1
1
1
1
1
1
1
1
1
1
1
1
1
1
1
1
1
1
1
1
1
1
1
1
1
1
1
1
1
1
1
1
1
1
1
1
1
1
1
1
1
1
1
1
1
1
1
1
1
1
1
1
1
1
1
1
1
1
1
1
1
1
1
1
1
1
1
1
1
1
1
12
12
12
12
12
12
12
12
12
13
13
13
17
18
19
20
20
20
20
19
19
19
20
20
19
19
19
19
18
20
20
19
19
21
21
21
21
22
22
21
21
22
22
22
21
22
21
22
21
20
21
21
21
21
21
22
22
22
22
22
22
22
22
22
22
23
23
23
23
23
24
24
24
24
24
26
26
26
26
26
26
27
27
28
28
28
28
28
30
30
30
30
30
30
31
32
32
32
32
32
32
33
33
34
34
34
34
34
34
34
35
35
35
35
35
36
36
36
36
36
36
36
36
37
37
37
37
37
37
37
37
37
38
38
38
38
38
37
37
37
37
37
37
37
37
37
37
37
37
37
37
38
38
39
39
39
39
39
39
39
39
39
40
40
40
40
40
40
40
41
41
41
41
41
41
42
42
42
42
43
43
43
43
43
43
43
43
43
44
44
44
44
44
44
44
45
45
45
45
45
45
46
46
46
46
46
46
46
46
47
47
47
48
48
48
50
52
55
58
60
62
62
64
66
276
280
284
286
288
291
294
298
301
306
401
404
408
411
415
418
422
426
499
500
500
500
501
501
503
503
503
504
504
503
503
504
506
507
508
508
510
509
509
507
556
546
520
515
510
507
504
500
496
490
485
474
440
435
432
429
427
420
377
368
359
337
327
327
327
326
351
358
364
371
382
398
422
427
429
432
435
439
447
479
486
492
495
498
501
504
506
509
512
462
497
499
501
502
502
502
502
501
501
500
500
500
500
501
501
501
501
500
500
500
499
498
426
421
417
413
409
405
401
397
307
301
296
293
290
287
285
282
279
276
72
69
66
64
61
59
57
54
52
50
48
47
47
46
45
45
45
44
44
44
43
42
42
42
42
41
41
41
41
41
41
41
41
40
40
40
40
40
40
40
40
40
40
40
39
39
39
39
39
39
39
39
39
39
39
38
38
38
38
38
38
38
38
37
38
38
38
38
38
38
38
38
38
38
37
37
37
38
38
38
38
38
38
38
39
39
39
39
39
39
38
38
38
38
39
38
38
38
38
38
37
37
37
37
37
36
36
36
36
36
35
35
34
34
34
34
34
34
34
33
33
33
33
33
33
33
33
33
32
32
32
32
32
32
32
32
32
31
31
31
31
31
31
31
31
31
31
31
31
31
31
31
31
31
31
30
30
30
30
30
30
30
30
30
30
30
30
30
30
30
30
30
30
30
29
29
29
29
28
28
28
27
27
27
27
27
27
26
26
26
26
26
26
25
25
25
25
25
25
25
25
24
24
24
24
24
24
24
24
24
24
24
24
24
1
1
1
1
1
1
1
1
1
1
1
1
1
1
1
1
1
1
1
1
1
1
1
1
1
1
1
1
1
1
1
1
1
1
1
1
1
1
1
1
1
1
1
1
1
1
1
1
1
1
1
1
1
1
1
1
1
1
1
1
1
1
1
1
1
1
1
1
1
1
1
1
1
1
1
1
1
1
1
1
1
1
1
1
1
1
1
1
1
1
1
1
1
1
1
1
1
1
1
1
1
1
1
1
1
1
1
1
1
1
1
1
1
1
1
1
1
1
1
1
1
1
1
1
1
1
1
1
1
1
1
1
1
1
1
1
1
1
1
1
1
1
1
1
1
1
1
1
1
1
1
1
1
1
1
1
1
1
1
1
1
1
1
1
1
1
1
1
1
1
1
1
1
1
1
1
1
1
1
1
1
1
1
1
1
1
1
1
1
1
1
1
1
1
1
1
1
1
1
1
1
1
1
1
1
1
1
1
1
1
1
1
1
1
1
1
1
1
1
1
1
1
1
1
1
1
1
1
1
1
1
1
1
1
