# Vetor de dados - syn_f000834-3-Pre--front--vetorlinha.txt
# Total de elementos: 768
# Formato: um valor por linha
#==================================================

1
1
1
1
1
1
1
1
1
1
1
1
1
1
1
1
1
1
1
1
1
1
1
1
1
1
1
1
1
1
1
1
1
1
1
1
1
1
1
1
1
1
1
1
1
1
1
1
1
1
1
1
1
1
1
1
1
1
1
1
1
1
1
1
1
1
1
1
1
1
1
1
1
1
1
1
1
1
1
1
1
1
1
1
1
1
1
1
1
1
1
1
1
1
1
1
1
1
1
1
1
1
1
1
1
1
1
1
18
25
29
33
37
40
42
44
46
48
50
51
53
54
55
57
58
59
60
61
62
62
63
64
64
65
66
66
66
66
67
67
67
67
67
67
67
66
66
66
66
66
67
71
74
75
75
75
75
75
74
74
74
74
72
72
72
70
70
69
67
67
65
64
61
60
56
56
54
54
54
53
52
51
50
49
49
49
49
49
49
49
49
49
49
49
48
49
49
50
50
51
53
55
59
64
70
74
77
81
85
89
96
108
160
175
185
196
288
305
368
382
393
403
414
425
433
440
446
454
463
472
480
487
495
503
510
517
532
543
560
564
568
572
578
588
593
602
578
581
582
582
582
579
559
489
487
483
479
472
461
373
356
323
284
267
253
224
214
170
167
165
164
163
162
162
161
161
161
160
159
158
158
157
156
156
155
155
154
154
152
152
151
150
149
149
149
148
148
147
147
146
146
146
145
145
144
144
143
142
142
140
138
138
136
136
135
133
133
132
132
132
131
131
131
130
130
130
130
129
128
128
128
128
128
128
128
128
128
127
127
127
127
127
127
127
127
127
127
127
128
128
128
128
128
128
129
129
131
131
132
133
135
136
137
139
140
141
143
145
145
147
149
149
151
151
153
154
155
156
156
156
157
158
158
158
158
159
159
160
160
160
160
159
158
158
158
158
157
157
156
155
155
154
153
152
152
151
151
151
150
149
149
149
149
147
147
147
147
147
146
146
146
146
146
146
146
146
147
147
147
148
149
149
149
149
149
149
150
150
150
150
150
150
150
151
151
151
151
151
151
151
152
152
152
152
152
152
152
152
152
152
152
152
152
152
152
153
152
152
151
151
151
151
151
151
151
151
151
151
151
149
149
149
149
148
148
147
147
146
145
145
145
143
143
141
141
141
139
139
139
137
137
137
135
135
135
134
133
133
131
131
129
129
127
127
125
125
124
123
122
122
120
120
119
118
118
117
116
116
116
114
114
114
114
114
114
114
114
114
114
114
113
113
114
114
113
113
113
113
113
113
113
113
113
112
112
112
112
112
113
113
113
114
114
114
116
116
117
118
118
118
120
120
120
122
122
122
124
124
124
125
126
126
126
126
126
127
127
128
128
128
128
128
128
128
128
127
127
127
126
126
126
126
126
125
124
124
124
122
122
122
121
120
120
119
118
118
118
116
116
116
114
114
114
112
112
112
111
110
110
109
109
108
107
107
106
105
105
105
105
103
103
103
103
101
101
101
101
101
99
99
99
99
99
99
99
99
99
99
99
99
99
99
99
99
99
99
99
99
99
99
99
99
99
99
99
99
99
99
99
99
99
100
100
100
101
102
102
103
104
105
105
107
107
109
109
111
113
113
115
117
117
119
119
120
120
119
117
117
116
114
113
111
109
104
103
97
47
44
43
37
26
1
1
1
1
1
1
1
1
1
1
1
1
1
1
1
1
1
1
1
1
1
1
1
1
1
1
1
1
1
1
1
1
1
1
1
1
1
1
1
1
1
1
1
1
1
1
1
