# Vetor de dados - syn_f002299-1-Pre--front--vetorlinha.txt
# Total de elementos: 768
# Formato: um valor por linha
#==================================================

1
1
1
1
1
1
1
1
1
1
1
1
1
1
1
1
1
1
1
1
1
1
1
1
1
1
1
1
1
1
1
1
1
1
1
1
1
1
1
1
1
1
1
1
1
1
1
1
1
1
1
1
1
1
1
1
1
1
1
1
1
1
1
1
1
1
1
1
1
1
1
1
1
1
1
1
1
1
1
1
1
1
1
1
1
1
1
1
1
1
1
1
1
1
1
1
1
1
1
1
1
1
1
1
1
1
1
1
1
1
1
1
1
1
1
1
1
1
1
8
20
25
29
33
36
38
40
42
44
46
48
48
50
50
52
54
54
56
56
56
58
58
58
60
60
60
60
60
60
60
60
60
60
60
60
59
59
60
64
66
67
67
67
67
67
67
66
65
65
65
64
63
63
61
59
59
58
55
51
51
50
49
49
49
48
47
47
45
45
44
44
44
43
43
43
42
42
42
42
42
42
42
41
41
41
44
47
52
57
61
65
69
74
79
90
258
276
303
319
332
347
451
495
503
511
520
531
536
541
544
538
536
544
561
581
582
581
580
517
512
506
498
474
465
461
455
447
443
437
323
312
296
278
258
180
170
166
163
159
157
155
153
152
151
149
149
147
146
145
144
142
141
140
138
136
134
132
130
129
128
126
125
124
123
122
122
120
120
120
119
119
118
117
117
116
116
115
114
113
113
112
110
108
107
106
105
104
103
103
103
103
103
103
104
104
104
104
103
102
102
102
102
102
102
102
101
101
101
101
101
100
100
100
99
99
98
97
97
96
95
95
95
95
94
95
95
96
97
98
99
101
102
104
106
108
109
111
113
115
115
117
117
118
120
120
121
122
122
124
124
124
125
126
126
127
127
128
128
128
128
128
128
128
128
128
128
128
128
128
128
128
128
129
129
129
129
129
129
129
130
130
131
131
132
132
132
132
132
132
134
134
134
134
134
135
136
136
136
136
136
136
136
136
136
136
137
137
137
137
137
135
135
135
135
135
135
135
135
134
134
133
133
133
133
132
132
132
132
131
130
130
130
130
129
129
129
129
129
129
127
127
127
127
127
127
126
125
125
125
124
124
123
122
121
120
119
119
118
117
117
115
116
115
115
114
114
114
113
112
112
112
111
110
110
109
108
108
108
108
108
106
106
106
106
106
106
105
104
104
104
104
104
104
104
103
102
102
102
102
102
102
102
103
102
103
103
103
103
103
103
103
102
102
102
102
101
101
101
101
101
101
101
101
102
102
102
102
102
102
102
103
103
104
104
104
104
106
106
106
106
107
108
108
108
108
109
109
110
110
110
110
110
110
111
111
111
111
111
111
111
111
111
111
111
111
111
111
109
109
109
109
109
109
109
109
108
107
107
107
107
107
107
107
106
106
105
105
105
105
104
103
103
103
103
103
103
102
101
101
101
101
101
100
99
99
99
99
99
98
97
97
97
97
95
95
95
95
95
93
93
93
93
92
91
91
91
91
90
90
89
89
89
89
89
89
89
89
90
90
90
91
91
91
91
91
91
90
90
90
89
90
91
91
91
93
93
94
94
96
96
97
98
100
101
103
104
105
106
107
108
109
110
111
111
111
110
110
110
109
109
108
106
105
103
101
96
47
43
41
1
1
1
1
1
1
1
1
1
1
1
1
1
1
1
1
1
1
1
1
1
1
1
1
1
1
1
1
1
1
1
1
1
1
1
1
1
1
1
1
1
1
1
1
1
1
1
1
1
1
1
1
1
1
1
1
1
1
1
