# Vetor de dados - syn_f000615-0-Pre--front--vetorcoluna.txt
# Total de elementos: 1024
# Formato: um valor por linha
#==================================================

1
1
1
1
1
1
1
1
1
1
1
1
1
1
1
1
1
1
1
1
1
1
1
1
1
1
1
1
1
1
1
1
1
1
1
1
1
1
1
1
1
1
1
1
1
1
1
1
1
1
1
1
1
1
1
1
1
1
1
1
1
1
1
1
1
1
1
1
1
1
1
1
1
1
1
1
1
1
1
1
1
1
1
1
1
1
1
1
1
1
1
1
1
1
1
1
1
1
1
1
1
1
1
1
1
1
1
1
1
1
1
1
1
1
1
1
1
1
1
1
1
1
1
1
1
1
1
1
1
1
1
1
1
1
1
1
1
1
1
1
1
1
1
1
1
1
1
1
1
1
1
1
1
1
1
1
1
1
1
1
1
1
1
1
1
1
1
1
1
1
1
1
1
1
1
1
1
1
1
1
1
1
1
1
1
1
1
1
1
1
1
1
1
1
1
1
1
1
1
1
1
1
1
1
1
1
1
1
1
1
6
8
8
8
8
8
8
8
8
9
9
9
9
9
9
9
10
10
10
10
10
10
10
17
18
18
18
19
20
20
20
19
19
19
20
19
19
19
19
20
19
19
19
21
21
21
21
22
21
21
21
22
22
21
22
22
21
22
21
20
20
20
19
20
20
20
20
20
19
19
19
19
19
19
20
20
20
20
20
20
20
21
21
21
21
21
21
22
22
22
23
23
23
23
23
23
23
24
24
24
24
24
24
25
25
25
25
26
27
27
27
27
27
27
27
28
29
29
29
29
29
29
29
31
31
31
31
31
31
33
33
33
33
33
33
33
33
34
34
34
34
34
34
35
35
35
35
35
35
35
35
34
34
34
33
33
33
33
33
33
33
33
33
33
33
33
33
33
33
33
33
33
32
32
32
32
32
33
33
33
33
33
33
33
33
33
33
33
33
33
33
33
34
34
34
34
34
34
34
35
35
34
34
34
34
35
35
35
35
35
35
36
36
36
35
36
37
37
37
37
37
38
38
38
38
39
39
39
41
42
42
43
45
46
48
49
51
53
54
54
55
56
58
59
61
63
282
288
295
301
310
399
406
412
419
425
431
508
507
508
509
511
510
513
513
513
513
512
511
511
512
513
515
515
516
517
517
516
515
587
506
502
498
494
490
486
481
475
440
436
431
427
423
377
373
369
365
359
353
347
338
335
343
351
356
360
364
369
373
380
389
421
424
427
430
436
481
486
490
494
497
501
507
511
591
591
519
519
518
518
516
515
514
512
513
514
514
514
513
513
511
510
510
508
507
507
437
430
424
417
410
402
395
307
294
287
64
62
61
59
58
56
56
55
54
53
51
50
48
47
46
45
43
42
42
41
41
40
39
38
38
38
37
37
37
36
35
35
35
35
35
34
34
34
34
34
34
34
34
34
34
34
33
33
33
33
33
33
33
33
33
33
33
33
33
32
32
32
32
32
32
32
32
32
32
32
32
32
32
33
33
33
33
33
33
33
33
33
33
33
33
33
33
33
33
33
33
34
34
34
34
34
34
34
35
35
35
35
35
35
35
35
34
34
34
34
34
34
33
33
33
32
32
32
32
32
31
31
30
30
30
30
30
30
30
30
30
29
29
29
29
29
29
29
29
28
28
28
28
28
28
27
27
27
27
27
27
27
26
26
26
26
26
26
26
26
26
26
26
26
25
25
25
25
25
25
25
25
25
25
26
25
26
26
26
26
26
26
26
26
26
26
25
25
25
25
24
24
24
23
23
23
23
23
22
22
22
22
22
21
21
21
21
21
21
20
20
20
20
21
21
19
20
21
21
21
21
21
20
20
19
19
1
1
1
1
1
1
1
1
1
1
1
1
1
1
1
1
1
1
1
1
1
1
1
1
1
1
1
1
1
1
1
1
1
1
1
1
1
1
1
1
1
1
1
1
1
1
1
1
1
1
1
1
1
1
1
1
1
1
1
1
1
1
1
1
1
1
1
1
1
1
1
1
1
1
1
1
1
1
1
1
1
1
1
1
1
1
1
1
1
1
1
1
1
1
1
1
1
1
1
1
1
1
1
1
1
1
1
1
1
1
1
1
1
1
1
1
1
1
1
1
1
1
1
1
1
1
1
1
1
1
1
1
1
1
1
1
1
1
1
1
1
1
1
1
1
1
1
1
1
1
1
1
1
1
1
1
1
1
1
1
1
1
1
1
1
1
1
1
1
1
1
1
1
1
1
1
1
1
1
1
1
1
1
1
1
1
1
1
1
1
1
1
1
1
1
1
1
1
1
1
1
1
1
1
1
1
1
1
1
1
1
1
1
1
1
1
1
1
1
1
1
1
1
1
1
1
1
1
1
1
1
1
