# Vetor de dados - syn_f003593-1-Pre--front--vetorlinha.txt
# Total de elementos: 768
# Formato: um valor por linha
#==================================================

1
1
1
1
1
1
1
1
1
1
1
1
1
1
1
1
1
1
1
1
1
1
1
1
1
1
1
1
1
1
1
1
1
1
1
1
1
1
1
1
1
1
1
1
1
1
1
1
1
1
1
1
1
1
1
1
1
1
1
1
1
1
1
1
1
1
1
1
1
1
1
1
1
1
1
1
1
1
1
1
1
1
1
1
1
1
1
1
1
1
1
1
1
1
1
1
1
1
1
1
1
1
1
1
1
1
1
1
1
1
1
1
1
1
1
1
1
1
1
12
23
27
31
35
37
39
41
43
45
47
49
50
51
52
54
54
56
56
58
58
58
60
60
60
60
61
61
61
62
61
61
61
61
60
60
60
60
61
66
68
69
69
69
69
68
68
67
67
66
65
65
64
63
62
60
60
58
54
50
50
50
50
48
48
48
46
46
45
44
44
44
44
44
44
44
44
44
44
43
43
43
43
43
44
46
49
53
57
62
68
269
315
329
349
392
395
398
401
404
408
413
414
409
409
454
464
471
477
482
486
490
436
437
438
441
441
442
443
442
441
440
439
438
441
418
419
423
419
415
410
405
400
373
370
368
364
161
158
156
154
152
151
149
148
148
146
144
144
142
140
139
137
136
134
134
132
132
131
130
130
128
128
127
127
126
125
125
124
123
123
123
121
121
120
119
119
119
117
117
117
116
115
115
115
116
116
116
115
114
114
114
113
112
112
112
111
110
110
110
110
109
109
108
108
107
107
107
107
106
106
106
106
106
105
105
105
106
106
106
106
107
108
108
109
110
111
112
113
114
116
117
118
119
120
121
121
122
123
124
125
125
126
127
127
128
128
129
130
130
130
130
131
132
132
132
132
132
132
132
131
131
131
131
131
131
131
131
131
131
131
130
130
131
131
131
132
132
132
132
133
133
134
134
134
134
135
136
136
136
136
136
137
138
138
138
138
138
138
138
138
138
139
140
140
140
140
140
140
140
140
140
139
138
138
138
138
138
138
138
138
137
137
136
136
136
136
136
135
135
134
134
134
134
133
133
133
133
132
131
131
131
130
130
129
129
129
128
127
127
127
126
125
125
125
124
123
123
123
122
122
121
120
120
119
118
118
118
117
116
116
116
114
114
114
113
112
112
111
110
110
110
109
108
108
108
107
106
106
106
105
105
105
105
105
105
104
104
104
104
104
104
104
104
104
104
104
104
104
104
104
104
104
104
104
104
104
104
104
104
104
104
103
103
103
103
103
103
104
103
103
103
103
103
104
104
105
105
105
105
105
105
106
107
107
107
107
107
107
109
109
109
109
109
109
109
109
109
109
109
109
109
109
109
109
109
109
108
107
107
107
107
107
107
107
106
105
105
105
105
104
103
103
103
103
103
101
101
101
101
100
100
99
99
99
98
98
97
97
96
96
96
96
96
94
94
94
94
94
93
92
92
92
92
91
90
90
90
89
88
88
88
88
87
86
86
86
86
86
86
86
86
85
85
84
84
85
85
86
86
86
87
87
87
87
88
88
88
88
88
88
88
87
88
88
89
90
90
91
92
92
93
94
96
96
98
98
100
102
102
103
104
104
105
106
107
107
107
106
106
106
106
105
102
100
99
94
91
89
83
38
36
1
1
1
1
1
1
1
1
1
1
1
1
1
1
1
1
1
1
1
1
1
1
1
1
1
1
1
1
1
1
1
1
1
1
1
1
1
1
1
1
1
1
1
1
1
1
1
1
1
1
1
1
1
1
1
1
1
