# Vetor de dados - syn_f001862-3-Pre--left--vetorlinha.txt
# Total de elementos: 768
# Formato: um valor por linha
#==================================================

1
1
1
1
1
1
1
1
1
1
1
1
1
1
1
1
1
1
1
1
1
1
1
1
1
1
1
1
1
1
1
1
1
1
1
1
1
1
1
1
1
1
1
1
1
1
1
1
1
1
1
1
1
1
1
1
1
1
1
1
1
1
1
1
1
1
1
1
1
1
1
1
1
1
1
1
1
1
1
1
1
1
1
1
1
1
1
1
1
1
1
1
1
1
1
1
1
1
1
1
1
1
1
1
1
1
1
1
1
1
1
1
1
1
1
1
1
1
1
1
1
1
1
1
1
1
1
1
1
1
1
1
1
1
1
1
1
1
19
27
33
37
40
44
47
50
52
54
56
58
59
61
62
63
64
65
66
67
68
68
69
70
70
70
70
70
70
70
70
70
70
70
71
72
71
71
72
73
72
73
73
74
74
74
75
76
75
75
73
72
69
67
66
66
65
64
64
63
62
62
61
61
61
61
60
59
60
61
61
61
61
61
60
59
59
58
56
55
54
53
53
52
52
52
51
52
51
52
53
52
53
54
54
55
57
59
68
98
167
174
179
186
194
202
214
218
221
225
229
234
242
248
255
265
274
286
286
286
286
285
283
280
278
271
270
251
204
200
194
190
185
179
169
154
98
94
95
96
96
97
98
99
100
100
101
101
102
103
103
103
105
105
104
104
104
105
105
105
105
105
105
105
105
104
105
104
104
103
103
102
102
100
99
99
98
98
98
97
97
97
96
95
95
94
92
91
92
91
91
92
91
91
90
90
90
89
89
89
88
87
87
88
88
88
88
88
88
88
88
88
88
88
89
90
90
91
92
92
93
94
94
96
96
97
98
98
100
100
101
102
102
103
103
103
104
104
104
105
105
105
105
106
106
106
106
106
106
106
106
106
105
105
105
105
105
105
104
103
103
103
103
102
102
101
101
100
100
99
98
98
97
96
95
95
93
93
92
90
90
89
87
85
83
81
80
80
79
80
79
78
77
77
76
75
75
74
74
74
74
74
74
73
73
73
72
72
72
72
72
72
72
72
72
72
72
73
73
73
73
73
73
73
72
72
72
72
72
72
72
72
71
71
71
71
71
71
71
71
70
70
69
69
69
69
68
67
67
67
67
65
65
65
65
65
63
63
63
63
61
61
61
60
60
59
58
58
58
57
57
56
55
55
54
54
54
53
53
53
52
52
52
51
51
52
52
51
52
52
53
52
53
53
53
53
54
53
54
54
54
54
54
54
54
54
54
54
54
54
54
54
53
54
53
52
52
52
51
51
50
50
50
50
50
49
49
49
49
48
48
48
47
47
47
48
48
48
49
49
49
49
50
50
50
49
49
50
50
50
50
49
49
49
49
48
48
48
48
48
48
48
46
46
46
45
45
45
43
43
43
43
42
42
40
40
40
39
39
37
37
37
36
36
35
34
34
34
34
34
33
33
34
34
34
35
34
34
35
35
36
37
37
38
40
42
43
46
49
51
54
56
58
60
64
68
71
75
78
80
81
82
82
81
81
75
39
40
41
44
45
47
49
51
54
58
61
65
70
74
78
81
83
84
85
84
84
84
83
83
81
79
67
53
47
40
38
30
1
1
1
1
1
1
1
1
1
1
1
1
1
1
1
1
1
1
1
1
1
1
1
1
1
1
1
1
1
1
1
1
1
1
1
1
1
1
1
1
1
1
1
1
1
1
1
1
1
1
1
1
1
1
1
1
1
1
1
1
1
1
1
1
1
1
1
1
1
1
1
1
