# Vetor de dados - syn_f000877-3-Pre--front--vetorcoluna.txt
# Total de elementos: 1024
# Formato: um valor por linha
#==================================================

1
1
1
1
1
1
1
1
1
1
1
1
1
1
1
1
1
1
1
1
1
1
1
1
1
1
1
1
1
1
1
1
1
1
1
1
1
1
1
1
1
1
1
1
1
1
1
1
1
1
1
1
1
1
1
1
1
1
1
1
1
1
1
1
1
1
1
1
1
1
1
1
1
1
1
1
1
1
1
1
1
1
1
1
1
1
1
1
1
1
1
1
1
1
1
1
1
1
1
1
1
1
1
1
1
1
1
1
1
1
1
1
1
1
1
1
1
1
1
1
1
1
1
1
1
1
1
1
1
1
1
1
1
1
1
1
1
1
1
1
1
1
1
1
1
1
1
1
1
1
1
1
1
1
1
1
1
1
1
1
1
1
1
1
1
1
1
1
1
1
1
1
1
1
1
1
1
1
1
1
1
1
1
1
1
1
1
1
1
1
1
1
1
1
1
1
1
1
1
1
1
1
1
1
1
1
1
1
1
1
1
1
1
1
1
1
1
1
1
1
1
1
1
1
1
1
1
1
1
1
1
17
18
19
19
19
19
19
19
19
21
21
20
20
19
19
19
20
20
20
20
19
19
19
21
21
21
21
22
22
21
21
22
22
22
22
22
23
23
23
23
24
24
24
24
24
24
25
25
25
25
25
25
25
25
25
25
25
25
26
26
26
26
26
26
27
27
27
27
27
27
28
28
28
28
28
28
29
29
29
29
29
30
30
30
30
31
31
32
32
32
32
32
32
32
33
33
34
34
34
34
34
34
34
35
35
35
35
35
35
35
35
35
35
35
35
36
36
36
36
36
36
36
36
36
36
35
35
35
35
35
35
35
34
34
34
34
34
34
33
33
33
33
33
33
33
33
33
33
33
33
34
34
34
35
35
35
35
35
35
35
35
35
36
36
36
37
37
37
37
37
37
37
37
37
37
37
37
37
37
37
38
38
39
39
39
39
39
39
40
40
40
40
41
41
42
43
43
43
43
45
45
45
46
46
48
49
49
51
53
55
58
61
63
64
66
68
71
74
77
79
81
292
294
296
299
302
305
308
317
408
412
415
419
424
429
434
438
505
506
507
508
508
510
510
511
511
511
510
510
511
513
514
515
515
516
514
514
512
549
525
521
518
515
512
510
506
502
498
491
442
440
437
434
431
406
397
389
380
373
367
361
360
364
368
373
378
383
389
395
427
431
433
435
489
495
498
503
507
510
514
518
520
521
523
450
469
513
513
515
514
514
513
512
511
510
510
510
511
510
510
509
508
507
507
506
506
435
431
426
422
418
414
411
407
321
310
306
303
299
297
295
292
82
79
77
72
69
67
65
63
62
60
59
57
54
52
51
49
48
47
47
46
45
44
43
43
42
42
41
40
40
40
39
39
39
39
38
38
38
38
38
37
37
37
37
37
37
36
36
36
36
36
36
35
35
35
35
35
35
35
35
35
35
35
35
35
35
35
35
35
35
35
35
35
35
35
35
35
35
35
36
36
36
36
36
37
37
37
37
37
37
38
38
38
38
38
38
38
39
39
39
39
39
39
39
39
39
40
40
40
40
40
40
40
40
40
40
40
40
40
40
40
40
40
40
40
39
39
39
39
39
39
39
39
39
39
39
39
39
39
39
39
38
38
38
38
38
38
38
38
38
38
38
38
38
38
38
38
38
38
37
37
37
37
37
37
37
1
1
1
1
1
1
1
1
1
1
1
1
1
1
1
1
1
1
1
1
35
35
35
35
34
34
34
34
34
34
34
33
33
33
1
1
1
1
1
1
1
1
33
33
32
32
32
32
32
32
32
1
1
1
1
1
1
1
1
1
1
1
1
1
1
1
1
1
1
1
1
1
1
1
1
1
1
1
1
1
1
1
1
1
1
1
1
1
1
1
1
1
1
1
1
1
1
1
1
1
1
1
1
1
1
1
1
1
1
1
1
1
1
1
1
1
1
1
1
1
1
1
1
1
1
1
1
1
1
1
1
1
1
1
1
1
1
1
1
1
1
1
1
1
1
1
1
1
1
1
1
1
1
1
1
1
1
1
1
1
1
1
1
1
1
1
1
1
1
1
1
1
1
1
1
1
1
1
1
1
1
1
1
1
1
1
1
1
1
1
1
1
1
1
1
1
1
1
1
1
1
1
1
1
1
1
1
1
1
1
1
1
1
1
1
1
1
1
1
1
1
1
1
1
1
1
1
1
1
1
1
1
1
1
1
1
1
1
1
1
1
1
1
1
1
1
1
1
1
1
1
1
1
1
1
1
1
1
1
1
1
1
1
1
1
1
1
1
1
1
1
1
1
1
1
1
1
1
1
1
1
1
1
1
1
1
