# Vetor de dados - syn_f002598-2-Pre--front--vetorcoluna.txt
# Total de elementos: 1024
# Formato: um valor por linha
#==================================================

1
1
1
1
1
1
1
1
1
1
1
1
1
1
1
1
1
1
1
1
1
1
1
1
1
1
1
1
1
1
1
1
1
1
1
1
1
1
1
1
1
1
1
1
1
1
1
1
1
1
1
1
1
1
1
1
1
1
1
1
1
1
1
1
1
1
1
1
1
1
1
1
1
1
1
1
1
1
1
1
1
1
1
1
1
1
1
1
1
1
1
1
1
1
1
1
1
1
1
1
1
1
1
1
1
1
1
1
1
1
1
1
1
1
1
1
1
1
1
1
1
1
1
1
1
1
1
1
1
1
1
1
1
1
1
1
1
1
1
1
1
1
1
1
1
1
1
1
1
1
1
1
1
1
1
1
1
1
1
1
1
1
1
1
1
1
1
1
1
1
1
1
1
1
1
1
1
1
1
1
1
1
1
1
1
1
1
1
1
1
1
1
1
1
1
1
1
1
1
1
1
1
1
1
1
1
1
1
1
1
1
1
1
1
1
1
1
1
1
1
1
1
1
1
1
1
1
1
1
1
1
1
1
1
1
1
1
1
26
26
26
25
25
25
25
26
26
26
26
26
26
26
26
26
26
26
27
27
27
27
27
27
28
28
28
28
28
28
29
29
29
29
30
30
30
30
31
31
31
31
31
31
32
32
31
31
31
31
31
31
31
31
31
31
31
31
31
31
31
31
31
31
31
31
31
31
31
31
31
31
31
31
32
32
32
32
32
32
32
32
32
32
32
32
33
33
33
33
33
33
33
33
33
33
33
33
33
33
33
33
33
33
33
33
33
34
34
34
34
34
34
34
34
34
34
35
35
35
34
34
34
34
34
34
33
33
33
33
33
32
32
32
32
32
32
30
30
30
30
30
30
30
30
30
31
31
31
30
31
31
31
31
31
31
32
32
32
32
31
31
31
32
32
32
32
32
32
32
32
33
34
34
34
34
34
34
34
34
34
34
34
34
35
35
36
36
36
37
37
37
38
40
40
41
42
43
45
47
49
52
55
57
58
59
61
61
63
64
66
68
70
71
65
73
78
275
279
283
287
291
297
385
389
394
399
405
493
495
495
494
495
495
495
495
495
495
493
494
496
497
498
499
499
500
500
500
498
490
472
417
480
470
466
462
459
456
452
428
423
420
415
412
404
373
363
357
351
345
339
331
324
316
315
316
331
341
347
352
356
359
365
371
405
411
415
418
422
445
453
457
460
464
467
475
486
566
494
498
500
501
502
502
501
501
500
499
498
497
498
499
499
498
497
497
498
498
498
496
413
408
403
398
392
388
296
291
287
282
278
274
66
70
71
68
65
63
62
60
59
58
57
56
54
52
50
48
47
44
43
42
41
40
39
39
38
37
36
36
36
35
35
35
34
34
34
34
34
34
34
34
34
34
34
34
34
34
34
33
33
33
33
33
33
32
32
32
32
32
32
32
32
31
31
31
31
31
32
32
31
31
31
31
31
31
31
31
31
32
32
33
33
33
33
33
34
34
34
34
34
34
35
36
36
36
36
36
37
37
36
36
36
36
36
36
36
35
35
35
35
35
35
35
35
35
34
34
34
34
34
34
34
34
34
34
33
33
33
32
32
32
32
32
32
31
30
30
30
30
29
29
29
29
28
28
28
28
28
28
28
28
28
28
27
27
27
27
27
27
27
27
27
27
27
27
27
27
27
27
27
27
27
27
27
27
27
27
27
27
27
27
27
26
26
26
26
25
25
25
25
25
24
24
24
24
24
24
23
23
23
23
23
23
23
23
23
22
22
22
22
22
22
22
22
22
22
22
22
22
1
1
1
1
1
1
1
1
1
1
1
1
1
1
1
1
1
1
1
1
1
1
1
1
1
1
1
1
1
1
1
1
1
1
1
1
1
1
1
1
1
1
1
1
1
1
1
1
1
1
1
1
1
1
1
1
1
1
1
1
1
1
1
1
1
1
1
1
1
1
1
1
1
1
1
1
1
1
1
1
1
1
1
1
1
1
1
1
1
1
1
1
1
1
1
1
1
1
1
1
1
1
1
1
1
1
1
1
1
1
1
1
1
1
1
1
1
1
1
1
1
1
1
1
1
1
1
1
1
1
1
1
1
1
1
1
1
1
1
1
1
1
1
1
1
1
1
1
1
1
1
1
1
1
1
1
1
1
1
1
1
1
1
1
1
1
1
1
1
1
1
1
1
1
1
1
1
1
1
1
1
1
1
1
1
1
1
1
1
1
1
1
1
1
1
1
1
1
1
1
1
1
1
1
1
1
1
1
1
1
1
1
1
1
1
1
1
1
1
1
1
1
1
1
1
1
1
1
1
1
1
1
1
1
1
1
