# Vetor de dados - syn_f000439-3-Pre--front--vetorcoluna.txt
# Total de elementos: 1024
# Formato: um valor por linha
#==================================================

1
1
1
1
1
1
1
1
1
1
1
1
1
1
1
1
1
1
1
1
1
1
1
1
1
1
1
1
1
1
1
1
1
1
1
1
1
1
1
1
1
1
1
1
1
1
1
1
1
1
1
1
1
1
1
1
1
1
1
1
1
1
1
1
1
1
1
1
1
1
1
1
1
1
1
1
1
1
1
1
1
1
1
1
1
1
1
1
1
1
1
1
1
1
1
1
1
1
1
1
1
1
1
1
1
1
1
1
1
1
1
1
1
1
1
1
1
1
1
1
1
1
1
1
1
1
1
1
1
1
1
1
1
1
1
1
1
1
1
1
1
1
1
1
1
1
1
1
1
1
1
1
1
1
1
1
1
1
1
1
1
1
1
1
1
1
1
1
1
1
1
1
1
1
1
1
1
1
1
1
1
1
1
1
1
1
1
1
1
1
1
1
1
1
1
1
1
1
1
1
1
1
1
1
1
1
1
1
1
1
1
1
1
1
1
1
1
1
1
1
1
1
1
1
1
1
1
1
2
6
8
8
8
8
8
8
8
8
9
9
9
9
8
8
8
9
9
9
10
10
12
16
18
18
19
19
19
19
19
18
18
18
19
19
18
18
18
18
19
19
19
19
19
20
20
20
19
21
21
21
20
21
21
20
21
20
19
20
19
18
20
19
20
21
22
22
23
23
23
24
25
25
25
25
26
27
27
28
28
28
29
30
30
30
30
31
32
32
32
32
32
33
34
34
34
34
35
35
36
36
36
36
37
37
37
37
38
38
38
38
38
39
39
39
39
40
40
40
40
40
40
40
40
40
40
40
41
41
41
41
41
41
41
40
40
40
40
40
40
40
40
40
40
40
40
40
40
40
40
40
40
41
41
41
40
41
40
40
40
41
42
42
42
42
42
42
42
42
43
43
43
43
43
43
43
43
43
43
43
43
43
43
43
43
43
43
43
43
43
44
44
44
44
44
44
44
44
44
44
44
44
44
45
45
45
45
45
45
46
46
46
45
45
48
53
57
73
77
270
271
273
275
277
280
281
284
374
377
380
384
387
391
395
459
457
460
461
463
463
464
465
466
468
468
468
468
467
469
470
472
473
473
473
474
473
472
412
474
472
470
468
466
464
461
459
455
451
411
408
404
403
401
400
398
394
387
374
368
374
380
390
395
398
401
402
404
407
409
412
453
458
462
465
468
471
473
474
476
479
482
487
547
546
544
476
476
475
474
473
471
472
471
472
471
471
470
469
469
468
467
466
464
464
396
391
388
385
381
378
375
372
288
284
282
279
276
274
272
271
268
266
76
73
69
62
59
73
70
63
51
48
47
48
48
47
47
46
46
46
44
44
44
44
44
43
43
43
43
42
42
42
42
42
42
42
42
42
42
42
42
42
42
42
42
42
42
42
42
42
42
42
41
41
41
41
41
41
41
40
40
40
40
40
40
40
40
40
39
39
39
39
39
39
40
40
40
40
40
40
39
39
39
39
40
40
40
40
40
40
40
40
40
40
40
40
39
39
39
40
39
39
39
40
40
39
39
39
39
39
39
38
38
38
38
38
38
37
37
36
36
36
36
36
35
34
34
34
34
33
33
32
32
32
31
31
31
31
31
29
29
29
28
28
28
28
27
27
27
26
25
25
24
24
24
24
24
22
22
22
22
21
21
21
21
21
21
21
22
21
22
22
21
21
22
22
21
21
21
21
21
19
20
19
20
20
20
19
19
19
19
20
20
21
19
19
19
20
20
19
19
19
18
17
10
10
10
10
10
10
10
9
8
9
8
8
8
8
8
8
8
8
8
8
8
6
1
1
1
1
1
1
1
1
1
1
1
1
1
1
1
1
1
1
1
1
1
1
1
1
1
1
1
1
1
1
1
1
1
1
1
1
1
1
1
1
1
1
1
1
1
1
1
1
1
1
1
1
1
1
1
1
1
1
1
1
1
1
1
1
1
1
1
1
1
1
1
1
1
1
1
1
1
1
1
1
1
1
1
1
1
1
1
1
1
1
1
1
1
1
1
1
1
1
1
1
1
1
1
1
1
1
1
1
1
1
1
1
1
1
1
1
1
1
1
1
1
1
1
1
1
1
1
1
1
1
1
1
1
1
1
1
1
1
1
1
1
1
1
1
1
1
1
1
1
1
1
1
1
1
1
1
1
1
1
1
1
1
1
1
1
1
1
1
1
1
1
1
1
1
1
1
1
1
1
1
1
1
1
1
1
1
1
1
1
1
1
1
1
1
1
1
1
1
1
1
1
1
1
1
1
1
1
1
1
1
1
1
1
1
1
1
1
1
1
1
1
1
1
1
1
1
1
1
1
