# Vetor de dados - syn_f003691-0-Pre--front--vetorlinha.txt
# Total de elementos: 768
# Formato: um valor por linha
#==================================================

1
1
1
1
1
1
1
1
1
1
1
1
1
1
1
1
1
1
1
1
1
1
1
1
1
1
1
1
1
1
1
1
1
1
1
1
1
1
1
1
1
1
1
1
1
1
1
1
1
1
1
1
1
1
1
1
1
1
1
1
1
1
1
1
1
1
1
1
1
1
1
1
1
1
1
1
1
1
1
1
1
1
1
1
1
1
1
1
1
1
1
1
1
1
1
1
1
1
1
1
1
1
1
1
1
1
1
1
1
1
1
1
1
1
1
1
1
1
1
1
1
1
1
10
21
25
29
33
35
37
39
41
43
45
47
47
49
50
51
53
53
55
55
55
57
57
57
57
59
59
59
59
59
59
59
59
59
58
58
58
58
59
62
65
66
66
66
66
66
65
65
64
63
63
63
61
61
59
58
57
53
51
48
47
46
46
45
45
45
44
44
43
43
43
43
43
43
42
42
42
41
41
41
41
40
40
40
40
40
40
41
42
45
49
52
56
87
285
314
357
359
361
362
364
366
365
359
354
355
360
368
437
443
448
450
388
388
390
393
400
403
402
401
399
401
401
365
361
361
364
365
366
371
368
365
363
362
358
144
141
139
137
136
135
133
131
129
127
126
122
120
118
116
114
112
110
108
107
106
105
104
104
102
102
102
101
101
100
100
99
99
99
99
98
98
97
97
97
97
96
96
96
96
96
96
95
94
94
94
94
94
93
93
92
92
92
92
92
92
92
92
92
92
92
92
92
92
92
92
91
91
91
91
91
90
91
91
92
92
92
93
94
94
94
94
95
95
96
96
97
98
99
99
101
101
103
103
104
105
105
105
106
107
107
108
108
108
108
110
110
110
110
111
112
112
112
112
113
114
114
114
115
115
115
116
116
117
118
118
118
118
120
120
120
120
121
121
122
122
123
123
123
123
124
125
125
125
125
126
126
127
127
127
128
128
128
128
128
128
128
128
128
128
128
128
128
128
128
127
127
127
127
126
125
125
125
125
125
124
124
123
123
122
122
122
122
120
120
120
120
119
119
118
118
118
117
117
117
116
115
115
115
115
114
113
113
113
112
111
111
110
110
110
108
108
108
108
106
106
106
106
106
104
104
104
104
104
104
102
102
102
102
102
102
101
100
100
100
100
100
100
100
99
99
98
98
98
98
98
98
98
97
97
97
97
97
97
97
97
97
97
98
99
99
99
99
99
99
99
99
99
99
98
98
98
98
98
98
98
98
98
97
97
97
97
97
97
97
97
97
97
97
97
97
97
98
98
99
99
99
99
99
99
99
100
100
100
100
100
100
100
100
100
100
100
100
100
100
99
99
99
99
99
98
98
98
98
98
97
97
97
97
97
97
96
96
96
95
95
95
95
95
95
94
94
93
93
93
93
93
93
93
93
91
91
91
91
91
91
91
90
90
90
90
89
89
89
88
88
88
87
87
87
86
86
85
85
85
84
84
83
83
82
82
82
82
82
82
82
82
82
82
82
83
84
84
84
84
84
84
84
84
84
85
84
84
84
84
85
86
86
88
88
88
90
90
91
92
93
94
95
97
97
99
99
99
101
101
102
103
105
104
104
104
104
104
104
104
102
101
98
95
92
87
80
1
1
1
1
1
1
1
1
1
1
1
1
1
1
1
1
1
1
1
1
1
1
1
1
1
1
1
1
1
1
1
1
1
1
1
1
1
1
1
1
1
1
1
1
1
1
1
1
1
1
1
1
1
1
1
1
1
1
1
1
1
1
1
