# Vetor de dados - syn_f003512-1-Pre--front--vetorcoluna.txt
# Total de elementos: 1024
# Formato: um valor por linha
#==================================================

1
1
1
1
1
1
1
1
1
1
1
1
1
1
1
1
1
1
1
1
1
1
1
1
1
1
1
1
1
1
1
1
1
1
1
1
1
1
1
1
1
1
1
1
1
1
1
1
1
1
1
1
1
1
1
1
1
1
1
1
1
1
1
1
1
1
1
1
1
1
1
1
1
1
1
1
1
1
1
1
1
1
1
1
1
1
1
1
1
1
1
1
1
1
1
1
1
1
1
1
1
1
1
1
1
1
1
1
1
1
1
1
1
1
1
1
1
1
1
1
1
1
1
1
1
1
1
1
1
1
1
1
1
1
1
1
1
1
1
1
1
1
1
1
1
1
1
1
1
1
1
1
1
1
1
1
1
1
1
1
1
1
1
1
1
1
1
1
1
1
1
1
1
1
1
1
1
1
1
1
1
1
1
1
1
1
1
1
1
1
1
1
1
1
1
1
1
1
1
1
1
1
1
1
1
1
1
1
1
1
1
1
1
1
1
1
1
1
8
8
8
8
8
8
8
8
8
8
8
8
8
9
9
9
9
9
9
9
10
10
10
17
18
19
20
20
20
20
19
19
19
19
20
20
19
19
19
18
20
19
19
19
19
21
21
21
20
21
21
21
21
21
21
21
20
21
20
19
18
20
18
18
18
18
18
18
20
20
20
20
20
20
20
20
20
22
22
22
22
22
22
23
23
24
24
24
24
24
25
25
26
26
26
26
26
27
28
28
28
28
29
29
29
29
30
30
31
31
31
31
31
31
31
32
33
33
33
33
33
33
33
33
34
34
34
35
35
35
35
36
36
36
36
36
36
36
36
36
36
36
36
35
35
35
35
35
35
35
35
35
34
34
34
34
33
33
33
33
33
33
32
32
32
31
31
31
31
31
31
31
31
31
31
31
31
31
31
32
32
32
32
32
33
33
33
33
33
34
34
34
34
34
34
34
34
35
35
35
35
35
35
35
36
36
36
36
36
37
37
37
37
38
39
39
39
39
39
41
41
41
41
42
42
44
44
45
46
48
49
51
52
54
56
57
58
284
287
291
295
300
392
397
401
406
410
415
419
488
489
489
488
486
488
489
489
489
488
487
485
486
488
488
489
490
490
490
489
489
487
419
488
486
483
480
476
472
469
465
457
433
427
424
420
417
390
377
370
364
359
355
351
349
354
358
362
367
373
379
386
410
417
419
422
424
456
461
467
471
476
480
484
488
492
496
501
502
568
568
494
493
492
491
490
489
488
487
488
490
491
491
491
491
490
491
491
490
489
417
412
407
403
398
393
389
306
299
294
290
286
283
279
62
60
59
57
55
54
53
51
50
49
47
46
45
44
43
42
41
41
40
40
40
39
39
39
38
37
37
37
37
37
37
37
37
37
37
37
36
36
36
36
36
36
36
36
36
36
35
34
34
34
34
34
34
34
34
34
33
33
33
33
33
33
33
32
32
32
33
33
33
33
33
33
33
34
34
33
34
34
35
35
35
35
35
36
36
36
36
36
37
37
37
36
36
36
37
37
37
37
37
36
36
36
36
36
36
36
36
35
35
35
35
35
35
35
34
34
34
34
34
34
33
33
33
33
33
32
31
31
31
31
31
31
31
31
31
30
30
30
30
30
30
30
30
30
30
30
30
30
30
30
30
30
30
30
30
30
30
29
29
29
29
29
29
29
29
29
29
29
29
29
29
29
29
29
29
29
29
29
28
28
28
28
28
28
27
27
27
27
27
27
27
26
26
26
26
26
26
26
26
26
26
26
25
25
25
25
25
25
25
25
25
25
25
1
1
1
1
1
1
1
1
1
1
1
1
1
1
1
1
1
1
1
1
1
1
1
1
1
1
1
1
1
1
1
1
1
1
1
1
1
1
1
1
1
1
1
1
1
1
1
1
1
1
1
1
1
1
1
1
1
1
1
1
1
1
1
1
1
1
1
1
1
1
1
1
1
1
1
1
1
1
1
1
1
1
1
1
1
1
1
1
1
1
1
1
1
1
1
1
1
1
1
1
1
1
1
1
1
1
1
1
1
1
1
1
1
1
1
1
1
1
1
1
1
1
1
1
1
1
1
1
1
1
1
1
1
1
1
1
1
1
1
1
1
1
1
1
1
1
1
1
1
1
1
1
1
1
1
1
1
1
1
1
1
1
1
1
1
1
1
1
1
1
1
1
1
1
1
1
1
1
1
1
1
1
1
1
1
1
1
1
1
1
1
1
1
1
1
1
1
1
1
1
1
1
1
1
1
1
1
1
1
1
1
1
1
1
1
1
1
1
1
1
1
1
1
1
1
1
1
1
1
1
1
1
1
1
1
1
1
1
1
1
