# Vetor de dados - syn_f000220-2-Pre--left--vetorlinha.txt
# Total de elementos: 768
# Formato: um valor por linha
#==================================================

1
1
1
1
1
1
1
1
1
1
1
1
1
1
1
1
1
1
1
1
1
1
1
1
1
1
1
1
1
1
1
1
1
1
1
1
1
1
1
1
1
1
1
1
1
1
1
1
1
1
1
1
1
1
1
1
1
1
1
1
1
1
1
1
1
1
1
1
1
1
1
1
1
1
1
1
1
1
1
1
1
1
1
1
1
1
1
1
1
1
1
1
1
1
1
1
1
1
1
1
1
1
1
1
1
1
1
1
1
1
1
1
1
1
1
1
1
1
1
1
1
1
1
1
1
1
1
1
1
1
1
1
1
1
1
1
1
1
1
9
22
30
36
40
44
47
50
53
55
57
59
61
63
65
66
69
69
71
71
72
73
74
75
75
76
76
77
77
77
78
78
78
78
78
79
79
79
80
81
81
82
82
83
84
85
85
85
86
86
86
85
85
83
81
79
78
77
76
76
75
74
72
72
71
71
70
70
69
69
67
67
67
67
68
68
68
68
67
67
66
65
63
61
59
59
57
57
56
57
57
57
58
58
58
59
60
60
61
64
70
77
83
91
171
178
183
188
193
200
205
208
211
215
217
220
222
225
230
234
238
244
248
254
262
268
274
286
287
288
287
286
285
282
280
271
270
209
205
201
198
193
188
179
158
128
117
111
107
107
109
109
110
110
111
111
112
112
111
111
112
112
112
113
113
113
112
112
112
112
112
112
112
111
110
110
109
109
108
107
107
108
108
109
109
109
109
109
109
110
110
109
110
110
110
110
110
110
110
110
110
110
110
110
110
110
109
110
110
110
109
108
108
108
107
107
106
105
104
103
102
101
100
100
100
100
100
100
101
101
103
103
104
105
106
107
108
110
111
112
112
114
114
115
116
117
117
117
119
119
119
119
120
120
120
120
121
120
120
120
119
120
120
120
119
119
118
118
117
117
116
114
114
113
112
111
110
109
109
107
106
105
104
102
101
100
99
98
98
97
97
97
96
97
96
95
95
94
93
93
92
92
91
90
90
89
89
89
88
88
87
86
86
85
85
84
83
83
82
82
81
81
81
81
81
81
81
81
81
81
81
81
81
81
81
81
80
80
80
80
80
80
79
79
79
79
79
79
78
78
78
78
77
76
76
76
76
76
75
74
74
73
73
73
72
71
71
70
70
70
69
69
67
67
66
66
65
65
64
62
62
61
61
60
60
59
59
58
57
57
56
56
56
55
55
54
54
53
53
54
53
54
54
54
54
54
54
53
54
53
54
53
54
53
53
54
53
54
53
53
52
53
53
52
52
53
52
52
52
52
52
52
52
52
52
52
52
52
52
52
52
52
52
52
52
52
53
53
53
53
53
53
52
52
52
52
52
52
52
52
52
51
51
51
51
51
50
49
49
49
48
48
47
47
47
46
46
45
44
44
43
42
42
41
41
40
40
39
39
38
38
37
37
37
36
36
36
36
35
36
36
38
39
40
43
44
47
49
53
55
60
68
70
73
76
76
77
78
80
81
81
80
79
79
79
78
79
46
48
50
53
56
60
64
69
73
76
80
81
82
84
85
86
87
86
85
84
83
82
78
68
59
53
46
38
21
1
1
1
1
1
1
1
1
1
1
1
1
1
1
1
1
1
1
1
1
1
1
1
1
1
1
1
1
1
1
1
1
1
1
1
1
1
1
1
1
1
1
1
1
1
1
1
1
1
1
1
1
1
1
1
1
1
1
1
1
1
1
1
1
1
1
1
1
1
1
1
1
1
