# Vetor de dados - syn_f003298-1-Pre--left--vetorlinha.txt
# Total de elementos: 768
# Formato: um valor por linha
#==================================================

1
1
1
1
1
1
1
1
1
1
1
1
1
1
1
1
1
1
1
1
1
1
1
1
1
1
1
1
1
1
1
1
1
1
1
1
1
1
1
1
1
1
1
1
1
1
1
1
1
1
1
1
1
1
1
1
1
1
1
1
1
1
1
1
1
1
1
1
1
1
1
1
1
1
1
1
1
1
1
1
1
1
1
1
1
1
1
1
1
1
1
1
1
1
1
1
1
1
1
1
1
1
1
1
1
1
1
1
1
1
1
1
1
1
1
1
1
1
1
1
1
1
1
1
1
1
1
1
1
1
1
1
19
26
33
38
41
44
47
50
52
54
56
58
60
62
63
65
65
67
68
69
70
71
71
71
73
73
73
73
73
74
74
74
74
74
74
74
75
75
75
76
77
76
77
78
79
80
79
80
81
80
80
79
78
76
74
72
70
70
70
69
67
66
66
65
64
64
63
63
63
63
62
62
62
62
62
61
61
60
59
57
52
45
43
43
43
42
42
42
42
42
42
42
42
42
42
42
42
42
42
43
43
44
44
45
46
46
47
47
48
49
54
58
63
70
141
151
157
164
171
178
183
188
197
212
215
218
223
227
234
239
244
253
259
266
275
275
275
274
272
269
267
259
73
73
74
74
75
75
75
76
76
77
77
77
78
78
79
78
79
79
79
79
79
79
79
79
79
78
78
79
78
78
78
78
78
77
77
76
75
74
73
72
71
69
66
65
65
63
63
62
62
62
61
61
61
61
60
60
60
60
60
59
59
59
59
58
58
58
58
58
57
57
57
58
57
56
56
55
55
55
54
54
54
55
54
54
54
54
55
55
55
56
57
57
58
58
59
59
60
60
60
61
62
63
63
63
64
64
64
65
65
65
66
66
66
66
66
66
66
66
65
66
66
66
66
66
66
66
66
67
67
67
67
66
67
67
67
67
67
67
68
69
69
69
69
70
70
70
71
71
71
71
72
72
72
72
72
72
73
73
73
72
72
72
72
72
72
71
71
71
70
70
70
70
69
68
67
66
66
65
65
64
64
63
63
62
62
62
62
62
62
62
62
61
61
61
61
60
59
59
59
59
59
59
59
59
58
58
58
58
58
58
58
58
57
57
56
56
56
56
56
55
55
55
55
55
55
55
53
53
53
53
53
52
52
52
52
52
52
51
50
50
50
50
50
49
50
50
50
50
49
49
49
48
49
49
49
48
48
49
49
48
48
49
49
50
49
49
50
50
51
51
51
51
51
51
51
51
51
51
50
50
49
49
49
48
47
47
46
46
45
45
44
44
43
42
41
41
41
41
40
40
40
40
41
41
41
42
42
42
42
42
43
43
43
43
43
43
44
44
44
44
44
44
44
44
44
44
44
44
44
44
44
43
43
43
43
43
43
43
42
42
42
42
42
42
41
41
41
41
40
40
40
40
40
39
39
39
39
39
38
38
38
38
38
37
37
37
37
37
37
38
38
39
39
40
42
44
45
46
48
51
52
54
57
59
60
61
65
68
70
72
76
78
81
84
85
85
85
86
82
52
54
58
62
65
68
72
76
80
83
84
86
88
87
87
86
84
80
79
76
55
47
42
35
32
28
1
1
1
1
1
1
1
1
1
1
1
1
1
1
1
1
1
1
1
1
1
1
1
1
1
1
1
1
1
1
1
1
1
1
1
1
1
1
1
1
1
1
1
1
1
1
1
1
1
1
1
1
1
1
1
1
1
1
1
1
1
1
1
1
1
1
1
1
1
