# Vetor de dados - syn_f001070-2-Pre--front--vetorcoluna.txt
# Total de elementos: 1024
# Formato: um valor por linha
#==================================================

1
1
1
1
1
1
1
1
1
1
1
1
1
1
1
1
1
1
1
1
1
1
1
1
1
1
1
1
1
1
1
1
1
1
1
1
1
1
1
1
1
1
1
1
1
1
1
1
1
1
1
1
1
1
1
1
1
1
1
1
1
1
1
1
1
1
1
1
1
1
1
1
1
1
1
1
1
1
1
1
1
1
1
1
1
1
1
1
1
1
1
1
1
1
1
1
1
1
1
1
1
1
1
1
1
1
1
1
1
1
1
1
1
1
1
1
1
1
1
1
1
1
1
1
1
1
1
1
1
1
1
1
1
1
1
1
1
1
1
1
1
1
1
1
1
1
1
1
1
1
1
1
1
1
1
1
1
1
1
1
1
1
1
1
1
1
1
1
1
1
1
1
1
1
1
1
1
1
1
1
1
1
1
1
1
1
1
1
1
1
1
1
1
1
1
1
1
1
1
1
1
1
1
1
1
1
1
1
1
1
1
1
1
1
1
1
12
12
12
13
13
13
13
13
13
13
13
13
12
12
12
12
12
12
12
12
12
12
17
20
20
20
21
21
21
21
20
20
20
20
19
18
18
18
19
18
18
18
20
20
19
19
21
20
20
21
21
20
19
21
20
19
18
18
18
17
17
17
17
17
18
18
18
18
20
20
20
20
20
20
22
22
22
22
23
23
23
24
25
25
25
25
26
26
26
26
26
26
27
27
27
27
28
28
29
29
30
30
30
30
31
31
31
31
31
31
31
31
32
32
32
32
32
33
33
33
33
33
33
33
33
34
34
34
34
34
34
35
35
35
35
34
34
34
34
34
34
34
34
34
34
34
34
34
34
34
34
34
34
35
35
35
35
35
35
35
36
36
35
35
35
35
35
36
36
36
36
36
36
36
38
38
38
38
38
38
38
38
39
39
39
39
39
38
38
38
38
38
39
39
39
39
38
38
38
38
39
39
39
38
38
39
39
39
39
39
40
40
40
40
40
41
41
41
42
42
43
44
45
46
47
49
51
55
57
58
59
60
61
63
64
65
67
281
285
290
294
298
302
392
396
400
404
408
412
417
422
494
494
494
494
495
496
496
496
496
496
495
495
495
497
497
498
499
499
499
500
498
470
458
515
509
502
498
494
491
487
483
475
432
428
425
421
419
415
409
394
377
364
356
346
312
314
345
354
360
383
389
398
409
414
417
420
422
426
430
477
482
486
490
494
499
502
505
508
512
533
465
493
495
496
496
496
496
495
495
493
493
492
493
494
494
494
494
493
493
493
493
420
415
410
406
402
398
393
390
386
295
291
287
284
281
73
70
68
66
64
63
62
61
59
58
57
55
53
51
49
48
46
45
44
44
43
43
42
42
41
40
40
40
40
40
40
40
40
40
40
40
40
40
40
40
40
40
40
40
40
40
40
40
39
39
39
39
39
39
39
39
39
39
39
39
39
39
39
39
39
39
38
38
38
37
37
37
37
37
37
37
37
37
36
36
35
35
35
35
36
36
36
36
36
36
36
36
36
36
37
37
37
37
37
37
36
36
36
36
36
36
35
35
35
35
35
35
35
34
34
34
34
34
34
34
33
33
33
33
32
32
32
31
31
31
31
31
31
29
29
29
29
29
29
29
27
27
27
27
27
27
26
26
25
25
24
24
24
24
24
23
23
23
23
23
23
23
23
22
22
22
22
22
22
22
22
22
21
21
21
21
21
21
20
20
20
20
19
19
20
20
21
21
19
19
20
20
20
20
20
18
18
18
19
19
19
19
20
20
19
19
19
19
20
20
20
20
19
19
18
16
1
1
1
1
1
1
1
1
1
1
1
1
1
1
1
1
1
1
1
1
1
1
1
1
1
1
1
1
1
1
1
1
1
1
1
1
1
1
1
1
1
1
1
1
1
1
1
1
1
1
1
1
1
1
1
1
1
1
1
1
1
1
1
1
1
1
1
1
1
1
1
1
1
1
1
1
1
1
1
1
1
1
1
1
1
1
1
1
1
1
1
1
1
1
1
1
1
1
1
1
1
1
1
1
1
1
1
1
1
1
1
1
1
1
1
1
1
1
1
1
1
1
1
1
1
1
1
1
1
1
1
1
1
1
1
1
1
1
1
1
1
1
1
1
1
1
1
1
1
1
1
1
1
1
1
1
1
1
1
1
1
1
1
1
1
1
1
1
1
1
1
1
1
1
1
1
1
1
1
1
1
1
1
1
1
1
1
1
1
1
1
1
1
1
1
1
1
1
1
1
1
1
1
1
1
1
1
1
1
1
1
1
1
1
1
1
1
1
1
1
1
1
1
1
1
1
1
1
1
1
1
1
1
1
1
1
