# Vetor de dados - syn_f001546-3-Pre--front--vetorlinha.txt
# Total de elementos: 768
# Formato: um valor por linha
#==================================================

1
1
1
1
1
1
1
1
1
1
1
1
1
1
1
1
1
1
1
1
1
1
1
1
1
1
1
1
1
1
1
1
1
1
1
1
1
1
1
1
1
1
1
1
1
1
1
1
1
1
1
1
1
1
1
1
1
1
1
1
1
1
1
1
1
1
1
1
1
1
1
1
1
1
1
1
1
1
1
1
1
1
1
1
1
1
1
1
1
1
1
1
1
1
1
1
1
1
1
1
1
1
1
1
1
1
1
1
1
1
1
1
1
1
1
1
1
1
1
1
1
1
1
1
1
1
1
1
1
1
1
1
1
1
9
21
25
29
33
36
38
40
42
44
47
47
49
49
51
52
53
54
55
56
56
57
58
58
58
58
59
59
59
59
59
59
59
58
58
58
58
59
64
65
65
65
65
65
65
64
63
63
63
61
61
60
59
57
57
55
52
50
49
49
49
48
47
47
46
45
44
42
41
42
42
42
42
41
41
41
41
41
41
41
41
41
44
49
55
61
66
73
93
123
147
247
258
267
275
305
316
338
351
405
417
428
451
469
473
477
481
484
488
491
482
480
485
489
493
497
501
505
438
436
438
437
433
400
390
379
365
361
357
353
331
149
144
141
138
135
134
133
132
131
130
130
130
128
127
125
123
122
121
120
119
118
118
117
117
115
115
114
112
112
110
109
108
106
105
104
102
100
100
98
97
96
96
96
96
96
96
96
96
96
95
95
95
95
94
93
93
92
91
91
89
89
88
87
87
86
85
85
84
83
83
83
82
81
81
81
81
81
81
81
81
82
82
82
82
82
82
82
82
82
82
82
82
83
83
84
86
88
89
90
92
93
94
96
97
98
98
100
100
100
101
102
102
102
102
103
103
103
103
103
104
105
105
105
105
105
105
106
106
106
107
108
108
108
109
110
111
112
113
113
114
115
116
117
117
119
119
121
121
123
123
123
125
125
125
126
127
127
128
129
129
130
131
131
131
131
131
131
131
131
131
131
131
132
132
132
132
132
133
133
133
132
132
132
132
132
132
132
131
131
131
131
131
131
131
131
130
129
129
129
129
129
127
127
126
125
125
124
123
123
122
121
120
120
119
118
118
117
116
116
115
115
113
113
113
111
111
111
110
109
108
108
107
107
106
105
105
104
104
104
103
103
102
102
102
102
102
102
101
101
101
101
101
101
101
101
101
101
101
101
101
101
100
100
100
100
100
100
100
100
100
100
100
100
100
100
100
100
101
102
102
102
103
103
103
104
104
105
105
105
106
106
107
107
107
108
108
108
108
108
109
109
109
109
110
110
110
110
110
110
109
108
108
108
108
108
108
108
108
107
106
106
106
105
104
104
104
103
102
102
102
101
100
100
99
98
98
98
96
96
96
94
94
94
94
92
92
92
92
90
90
90
89
88
88
88
88
86
86
86
86
84
84
84
84
83
82
82
82
82
80
80
80
80
80
80
80
80
80
80
81
81
81
81
82
82
83
83
83
83
83
83
84
84
84
85
85
86
87
87
87
88
89
89
91
91
93
93
94
95
96
96
97
98
98
98
99
99
99
98
98
98
98
98
97
96
93
90
86
84
36
35
32
1
1
1
1
1
1
1
1
1
1
1
1
1
1
1
1
1
1
1
1
1
1
1
1
1
1
1
1
1
1
1
1
1
1
1
1
1
1
1
1
1
1
1
1
1
1
1
1
1
1
1
1
1
1
1
1
1
1
1
1
1
1
1
1
1
1
1
1
1
1
1
