# Vetor de dados - syn_f004594-2-Pre--left--vetorlinha.txt
# Total de elementos: 768
# Formato: um valor por linha
#==================================================

1
1
1
1
1
1
1
1
1
1
1
1
1
1
1
1
1
1
1
1
1
1
1
1
1
1
1
1
1
1
1
1
1
1
1
1
1
1
1
1
1
1
1
1
1
1
1
1
1
1
1
1
1
1
1
1
1
1
1
1
1
1
1
1
1
1
1
1
1
1
1
1
1
1
1
1
1
1
1
1
1
1
1
1
1
1
1
1
1
1
1
1
1
1
1
1
1
1
1
1
1
1
1
1
1
1
1
1
1
1
1
1
1
1
1
21
28
34
39
43
46
49
52
54
56
58
60
62
64
65
67
68
69
71
71
73
73
74
74
76
76
76
76
77
77
77
77
78
78
78
78
79
80
80
80
80
81
82
81
82
83
83
83
84
84
84
83
82
80
78
76
74
74
73
72
71
70
69
67
67
66
66
66
65
64
64
64
64
64
64
65
65
66
65
65
65
64
61
51
51
50
50
50
50
50
50
49
50
50
50
50
51
50
50
49
50
50
51
51
190
221
227
234
248
267
289
289
289
289
288
287
285
283
276
276
274
259
258
255
212
205
199
194
191
186
181
177
171
162
156
108
104
98
92
86
79
80
82
82
83
83
84
85
85
85
86
86
86
86
86
86
86
87
87
87
87
87
87
88
87
87
87
87
86
86
85
85
84
84
83
83
82
81
81
80
78
78
78
76
76
76
75
75
75
74
74
74
74
73
73
73
73
73
73
73
73
72
72
72
71
71
71
71
71
71
71
71
70
70
70
70
70
70
70
70
69
69
68
70
69
69
69
69
69
69
69
70
70
70
70
70
71
71
72
73
74
74
76
76
77
78
79
79
80
80
81
81
82
82
83
83
85
85
85
86
86
88
88
88
88
89
89
90
90
91
91
91
91
91
92
92
92
92
93
93
93
93
93
93
93
93
93
92
92
92
91
91
91
90
90
89
88
87
86
86
85
84
83
81
81
81
81
81
80
81
81
81
80
80
80
80
80
79
78
78
77
77
77
76
75
74
73
73
73
73
73
72
72
72
72
72
71
71
71
72
72
72
72
72
72
72
72
72
72
72
72
72
72
72
72
71
71
71
71
71
71
71
70
70
70
70
70
70
70
69
69
69
69
69
69
68
68
67
67
67
66
66
66
66
66
65
64
64
64
64
63
62
62
61
61
61
59
59
59
58
58
57
56
56
56
55
55
55
54
54
52
52
52
51
51
50
50
50
50
51
50
50
50
50
50
51
51
52
52
53
53
54
54
55
54
55
54
54
55
54
55
55
55
55
55
54
54
54
53
54
53
52
53
52
52
51
50
51
50
50
49
49
49
49
49
49
49
49
48
48
48
48
48
48
47
48
48
48
48
48
48
48
48
48
48
48
48
47
47
47
47
47
47
46
46
46
46
46
46
46
45
44
44
44
44
44
43
43
43
43
43
42
42
42
41
41
41
40
40
40
40
39
39
39
38
38
38
38
38
37
37
37
37
37
36
36
36
36
36
36
36
35
36
37
38
38
40
42
44
47
49
51
54
56
59
61
62
64
67
70
73
75
78
79
81
85
88
89
90
90
90
89
87
60
63
67
72
76
79
82
86
88
90
93
95
96
96
95
93
91
88
87
83
66
56
50
42
37
32
1
1
1
1
1
1
1
1
1
1
1
1
1
1
1
1
1
1
1
1
1
1
1
1
1
1
1
1
1
1
1
1
1
1
1
1
1
1
1
1
1
1
1
1
1
1
1
1
1
1
1
1
1
1
