# Vetor de dados - syn_f001070-2-Pre--left--vetorlinha.txt
# Total de elementos: 768
# Formato: um valor por linha
#==================================================

1
1
1
1
1
1
1
1
1
1
1
1
1
1
1
1
1
1
1
1
1
1
1
1
1
1
1
1
1
1
1
1
1
1
1
1
1
1
1
1
1
1
1
1
1
1
1
1
1
1
1
1
1
1
1
1
1
1
1
1
1
1
1
1
1
1
1
1
1
1
1
1
1
1
1
1
1
1
1
1
1
1
1
1
1
1
1
1
1
1
1
1
1
1
1
1
1
1
1
1
1
1
1
1
1
1
1
1
1
1
1
1
1
1
1
1
1
1
1
1
8
22
29
35
40
43
46
49
52
54
56
58
60
62
63
65
66
67
68
69
71
71
72
72
73
74
74
74
74
74
76
76
76
76
76
76
76
77
77
77
78
77
78
79
79
79
80
81
81
81
81
80
79
77
75
74
72
72
71
71
70
70
68
67
67
67
66
66
64
64
64
64
63
63
63
63
63
63
62
62
62
61
59
57
54
52
51
50
49
49
48
48
48
48
48
49
49
49
49
50
51
52
52
53
54
62
73
86
95
104
110
116
152
161
167
173
179
183
188
195
201
208
215
220
224
228
231
236
240
245
251
257
261
269
275
280
288
296
296
296
296
295
293
290
280
279
196
182
165
120
94
95
95
96
97
97
98
98
98
99
99
99
99
99
99
98
98
98
98
98
98
98
98
97
97
97
97
97
96
95
95
95
93
93
93
92
91
90
89
89
88
88
87
87
86
86
86
86
85
85
85
86
86
86
85
85
85
84
84
84
83
83
83
82
82
81
81
80
81
80
80
80
80
80
80
80
81
81
82
82
83
83
83
84
85
86
86
87
89
89
90
92
92
93
95
95
96
97
98
99
99
100
100
102
102
102
103
104
104
104
105
105
105
105
106
106
106
106
106
105
105
105
105
104
104
104
104
103
103
102
101
100
100
100
99
98
97
96
96
94
94
94
94
93
93
92
92
92
91
91
91
91
90
90
89
89
89
88
87
87
87
86
85
85
84
85
84
84
84
83
83
83
83
82
82
82
82
82
81
81
81
81
81
80
80
80
80
80
80
79
79
79
79
79
79
78
78
78
78
78
78
77
76
76
76
76
76
76
75
74
74
74
74
74
74
74
72
72
72
72
72
71
71
71
71
71
70
70
70
70
69
69
68
67
67
67
66
66
66
66
65
65
65
64
64
63
63
63
62
62
61
61
60
60
60
59
60
59
59
59
58
58
58
58
58
57
58
58
58
58
57
58
58
58
57
58
57
57
57
57
56
57
57
57
57
57
57
56
57
56
56
55
56
55
54
54
54
54
54
53
54
54
54
53
53
53
53
53
53
53
53
53
53
52
52
52
52
53
53
53
53
53
53
53
53
53
52
53
53
53
52
53
52
52
52
52
52
52
50
50
50
50
50
50
49
48
48
48
48
47
47
46
46
46
45
45
44
44
43
42
42
42
42
41
41
41
39
39
39
39
39
39
38
38
38
38
37
37
37
37
38
38
38
38
39
40
40
42
42
44
47
49
51
54
56
59
64
68
71
73
75
76
77
79
79
81
82
84
84
84
84
84
47
48
50
53
56
59
62
66
70
73
75
78
80
81
83
85
87
87
86
85
84
81
76
63
56
51
47
43
40
38
1
1
1
1
1
1
1
1
1
1
1
1
1
1
1
1
1
1
1
1
1
1
1
1
1
1
1
1
1
1
1
1
1
1
1
1
1
1
1
1
1
1
1
1
1
1
1
1
1
1
1
1
1
1
1
1
