# Vetor de dados - syn_f001639-2-Pre--front--vetorcoluna.txt
# Total de elementos: 1024
# Formato: um valor por linha
#==================================================

1
1
1
1
1
1
1
1
1
1
1
1
1
1
1
1
1
1
1
1
1
1
1
1
1
1
1
1
1
1
1
1
1
1
1
1
1
1
1
1
1
1
1
1
1
1
1
1
1
1
1
1
1
1
1
1
1
1
1
1
1
1
1
1
1
1
1
1
1
1
1
1
1
1
1
1
1
1
1
1
1
1
1
1
1
1
1
1
1
1
1
1
1
1
1
1
1
1
1
1
1
1
1
1
1
1
1
1
1
1
1
1
1
1
1
1
1
1
1
1
1
1
1
1
1
1
1
1
1
1
1
1
1
1
1
1
1
1
1
1
1
1
1
1
1
1
1
1
1
1
1
1
1
1
1
1
1
1
1
1
1
1
1
1
1
1
1
1
1
1
1
1
1
1
1
1
1
1
1
1
1
1
1
1
1
1
1
1
1
1
1
1
1
1
1
1
1
1
1
1
1
1
1
1
10
10
10
10
12
12
12
12
12
12
12
12
12
12
12
12
12
12
16
18
20
20
20
20
20
20
19
21
21
21
20
19
21
20
20
20
21
21
21
21
22
22
22
23
23
23
24
24
23
24
24
24
24
24
24
24
24
25
25
24
24
24
24
24
24
25
25
25
25
25
25
25
25
26
27
27
27
27
27
27
27
28
28
29
29
29
29
30
30
30
30
30
32
32
32
32
32
32
32
33
34
34
34
34
35
35
35
35
36
36
36
37
37
37
37
37
37
38
38
39
39
39
39
39
39
39
39
39
39
40
40
40
40
40
40
40
40
41
41
41
41
41
41
41
41
40
40
40
39
39
39
39
39
39
39
39
39
39
38
38
38
38
38
38
38
38
38
38
38
38
38
39
39
39
39
39
39
40
41
41
41
41
41
41
42
42
42
42
42
42
43
43
43
43
43
45
45
45
45
45
46
46
46
46
46
47
47
46
47
47
47
48
48
48
48
49
49
49
49
49
50
51
51
51
51
51
52
52
52
53
54
55
55
55
58
62
62
62
65
68
284
288
291
295
298
302
305
308
312
316
409
413
417
421
425
429
432
436
515
515
515
515
516
517
518
519
519
518
519
519
521
521
522
523
524
523
524
522
522
519
451
444
440
508
506
503
501
498
495
492
489
485
441
436
434
431
427
412
395
387
381
374
367
359
339
331
364
370
375
380
385
391
405
422
428
432
433
435
437
485
489
493
496
498
501
503
506
510
514
517
520
451
523
524
524
523
523
521
521
519
518
518
518
519
518
518
517
516
515
514
515
515
515
514
432
426
422
417
412
409
405
312
308
304
301
298
294
291
288
285
80
67
63
64
61
60
61
61
58
57
57
56
55
55
54
54
53
53
52
52
51
50
50
50
49
48
48
48
48
47
47
46
46
45
45
45
45
45
44
44
44
44
44
44
44
43
43
43
43
43
43
43
43
43
42
42
42
41
41
41
41
41
41
41
41
40
40
40
39
39
39
39
39
39
39
39
39
39
39
40
40
40
40
40
40
41
41
41
41
41
41
41
42
42
42
42
42
42
42
42
42
42
42
42
42
42
41
41
41
41
41
41
41
41
41
41
41
41
40
40
40
40
39
39
39
39
39
38
38
38
37
37
37
37
37
36
35
35
35
35
35
35
34
34
34
34
34
33
33
33
33
33
33
33
33
32
32
32
32
32
32
32
32
31
31
31
31
31
31
31
31
30
30
30
30
30
29
29
29
28
28
28
27
27
27
27
27
26
26
26
26
26
26
25
25
25
25
25
24
24
24
24
24
24
23
23
23
23
23
23
23
23
22
22
22
22
22
22
21
21
21
21
21
21
21
21
1
1
1
1
1
1
1
1
1
1
1
1
1
1
1
1
1
1
1
1
1
1
1
1
1
1
1
1
1
1
1
1
1
1
1
1
1
1
1
1
1
1
1
1
1
1
1
1
1
1
1
1
1
1
1
1
1
1
1
1
1
1
1
1
1
1
1
1
1
1
1
1
1
1
1
1
1
1
1
1
1
1
1
1
1
1
1
1
1
1
1
1
1
1
1
1
1
1
1
1
1
1
1
1
1
1
1
1
1
1
1
1
1
1
1
1
1
1
1
1
1
1
1
1
1
1
1
1
1
1
1
1
1
1
1
1
1
1
1
1
1
1
1
1
1
1
1
1
1
1
1
1
1
1
1
1
1
1
1
1
1
1
1
1
1
1
1
1
1
1
1
1
1
1
1
1
1
1
1
1
1
1
1
1
1
1
1
1
1
1
1
1
1
1
1
1
1
1
1
1
1
1
1
1
1
1
1
1
1
1
1
1
1
1
1
1
1
1
1
1
1
1
1
1
