# Vetor de dados - syn_f000877-3-Pre--left--vetorlinha.txt
# Total de elementos: 768
# Formato: um valor por linha
#==================================================

1
1
1
1
1
1
1
1
1
1
1
1
1
1
1
1
1
1
1
1
1
1
1
1
1
1
1
1
1
1
1
1
1
1
1
1
1
1
1
1
1
1
1
1
1
1
1
1
1
1
1
1
1
1
1
1
1
1
1
1
1
1
1
1
1
1
1
1
1
1
1
1
1
1
1
1
1
1
1
1
1
1
1
1
1
1
1
1
1
1
1
1
1
1
1
1
1
1
1
1
1
1
1
1
1
1
1
1
1
1
1
1
1
14
24
32
36
41
45
48
51
53
55
57
59
61
63
65
66
68
69
70
71
72
73
74
74
75
76
76
76
77
77
77
77
78
78
78
78
79
79
79
79
80
80
80
81
82
83
83
83
84
84
84
84
83
83
82
80
77
75
73
73
72
71
71
69
69
67
68
68
68
66
66
65
65
66
66
66
66
66
66
67
66
65
64
57
51
49
50
49
49
49
49
48
49
49
49
49
50
50
50
50
50
51
51
56
155
164
172
181
191
200
215
220
223
228
233
240
248
254
268
277
292
294
293
293
292
291
288
286
277
277
276
257
255
199
193
189
184
179
172
160
150
93
87
86
88
88
89
89
90
90
89
90
90
90
90
90
90
90
91
90
89
89
89
89
89
89
87
87
87
87
87
87
85
85
85
84
83
82
82
81
79
79
78
78
77
77
77
77
76
76
75
75
74
74
74
74
74
74
73
72
72
72
72
70
70
70
69
69
69
68
68
67
67
66
66
66
66
66
66
66
66
67
67
68
68
69
69
69
69
70
70
71
71
71
72
72
72
73
73
74
75
76
77
77
78
80
81
82
83
85
86
87
88
90
91
91
92
93
93
94
96
96
97
97
98
98
99
100
100
101
101
102
102
102
103
104
104
105
105
105
105
105
105
105
106
106
106
106
106
105
104
104
104
104
104
104
104
102
102
102
102
101
100
100
101
100
100
99
100
100
99
99
99
98
98
97
97
96
96
95
95
94
93
92
92
92
91
90
89
88
87
86
86
86
85
85
85
85
85
84
83
83
83
83
84
84
84
84
84
84
84
84
84
84
83
84
84
84
84
84
83
83
83
83
82
82
82
82
82
81
81
81
80
80
80
79
79
79
78
78
78
78
77
76
76
76
75
75
74
74
73
72
72
71
71
70
69
69
69
67
67
66
66
65
64
63
63
63
61
61
60
60
59
59
58
58
58
56
56
56
55
55
55
55
55
56
55
55
56
56
57
57
57
58
58
59
60
59
60
60
60
60
60
60
60
60
60
60
60
60
60
59
60
59
59
59
58
57
58
57
57
58
58
57
58
58
58
58
58
57
57
57
57
57
57
57
57
56
56
56
57
57
57
57
58
57
57
57
58
58
58
57
57
57
57
57
57
56
56
56
56
56
56
54
54
54
54
54
53
52
52
52
51
51
50
50
49
49
49
48
47
47
46
46
46
45
44
43
43
43
42
42
41
41
40
41
41
40
40
40
41
40
40
40
41
41
42
42
43
43
45
46
48
50
52
55
56
59
62
66
68
71
73
75
78
80
83
84
85
86
87
87
87
86
86
80
52
54
56
60
63
66
70
73
75
78
80
83
86
86
89
92
93
92
90
89
86
83
71
63
55
48
44
39
35
1
1
1
1
1
1
1
1
1
1
1
1
1
1
1
1
1
1
1
1
1
1
1
1
1
1
1
1
1
1
1
1
1
1
1
1
1
1
1
1
1
1
1
1
1
1
1
1
1
1
