# Vetor de dados - syn_f001863-0-Pre--left--vetorlinha.txt
# Total de elementos: 768
# Formato: um valor por linha
#==================================================

1
1
1
1
1
1
1
1
1
1
1
1
1
1
1
1
1
1
1
1
1
1
1
1
1
1
1
1
1
1
1
1
1
1
1
1
1
1
1
1
1
1
1
1
1
1
1
1
1
1
1
1
1
1
1
1
1
1
1
1
1
1
1
1
1
1
1
1
1
1
1
1
1
1
1
1
1
1
1
1
1
1
1
1
1
1
1
1
1
1
1
1
1
1
1
1
1
1
16
26
33
38
42
46
49
52
55
57
59
61
63
65
67
69
70
72
73
74
76
76
77
78
78
80
80
81
81
81
82
82
82
82
82
82
82
82
82
81
81
82
82
82
83
84
83
84
85
86
86
87
87
87
86
86
84
82
80
80
79
79
79
78
76
75
76
75
74
72
72
71
70
71
70
70
70
70
69
68
67
66
65
63
61
59
58
56
55
54
53
53
54
54
53
54
54
55
54
55
56
57
57
58
58
59
78
85
92
176
185
193
204
232
239
245
250
258
266
275
286
299
315
315
315
316
314
313
311
309
302
301
299
283
280
276
234
230
228
224
221
217
213
210
204
198
193
188
185
181
177
172
169
164
160
157
152
142
131
125
121
122
123
124
125
125
126
127
127
127
127
128
128
129
129
129
130
130
129
129
130
129
129
129
128
128
128
128
127
126
126
125
124
124
122
121
120
119
118
115
115
115
115
115
115
116
115
115
115
115
116
115
115
115
115
115
116
115
115
116
115
115
115
116
115
115
115
115
115
115
115
115
115
115
116
116
115
115
115
115
115
115
114
114
114
113
113
114
115
116
117
116
117
118
119
120
120
122
122
123
124
125
125
127
127
128
129
130
130
130
132
132
133
133
134
135
136
136
136
137
137
138
138
138
139
138
138
139
139
138
138
139
139
138
138
139
138
138
137
137
137
137
136
136
135
135
134
135
134
133
133
132
131
131
130
129
128
127
125
124
123
122
121
121
121
121
121
121
121
121
120
120
120
119
119
119
118
118
117
117
117
117
116
116
115
115
114
113
112
112
111
110
110
108
107
105
104
104
103
103
102
102
102
101
100
100
100
99
99
99
98
98
97
97
97
96
95
95
95
95
94
93
93
92
92
92
91
91
90
90
89
89
88
88
88
87
87
86
85
85
84
84
84
83
83
82
82
81
81
80
79
79
78
78
77
77
77
76
76
74
74
73
73
73
72
72
71
70
70
68
68
67
67
66
66
65
65
64
64
63
63
62
62
62
61
61
61
60
60
60
59
60
60
60
60
59
60
60
59
59
58
59
58
57
58
57
57
57
57
56
57
56
56
56
55
55
55
54
54
53
53
52
52
51
51
51
50
50
50
50
50
50
50
50
50
51
51
50
51
51
51
51
51
50
50
51
51
51
50
50
50
50
50
50
50
50
50
50
50
50
50
50
50
50
50
50
50
50
50
50
50
50
50
50
49
49
49
49
49
49
49
48
48
48
48
48
47
47
47
47
47
47
46
46
46
46
46
46
46
45
45
45
45
45
45
45
44
44
45
46
47
49
50
52
54
56
59
67
70
72
75
76
78
80
82
82
83
83
85
86
86
86
88
89
90
90
89
89
89
45
47
48
49
52
53
55
56
59
61
64
66
69
72
74
77
79
83
85
86
88
88
89
90
91
89
87
81
67
62
58
54
50
46
41
34
1
1
1
1
1
1
1
1
1
1
1
1
1
1
1
1
1
1
1
1
1
1
1
1
1
1
1
1
1
1
1
1
1
1
1
