# Vetor de dados - syn_f000625-3-Pre--front--vetorcoluna.txt
# Total de elementos: 1024
# Formato: um valor por linha
#==================================================

1
1
1
1
1
1
1
1
1
1
1
1
1
1
1
1
1
1
1
1
1
1
1
1
1
1
1
1
1
1
1
1
1
1
1
1
1
1
1
1
1
1
1
1
1
1
1
1
1
1
1
1
1
1
1
1
1
1
1
1
1
1
1
1
1
1
1
1
1
1
1
1
1
1
1
1
1
1
1
1
1
1
1
1
1
1
1
1
1
1
1
1
1
1
1
1
1
1
1
1
1
1
1
1
1
1
1
1
1
1
1
1
1
1
1
1
1
1
1
1
1
1
1
1
1
1
1
1
1
1
1
1
1
1
1
1
1
1
1
1
1
1
1
1
1
1
1
1
1
1
1
1
1
1
1
1
1
1
1
1
1
1
1
1
1
1
1
1
1
1
1
1
1
1
1
1
1
1
1
1
1
1
1
1
1
1
1
1
1
1
1
1
1
1
1
1
1
1
1
1
1
1
1
1
1
1
1
1
1
1
1
1
1
1
1
1
1
1
1
1
1
1
1
1
1
1
1
1
1
1
1
1
1
1
1
1
1
1
1
1
1
1
1
27
27
27
27
27
27
27
27
27
27
27
27
27
27
27
27
27
28
28
28
28
28
28
28
29
29
29
29
29
29
30
30
30
30
30
31
1
1
1
1
1
1
1
1
1
31
31
31
31
31
31
31
31
31
31
32
32
32
32
32
32
32
32
32
32
32
32
32
32
33
33
33
33
33
33
33
33
34
34
34
34
34
34
34
34
34
34
34
34
34
34
34
34
34
34
34
34
34
34
34
34
35
35
35
35
35
35
36
36
36
36
36
35
36
36
36
36
36
36
35
35
35
35
34
34
33
33
33
32
32
32
32
32
32
32
31
31
31
32
32
32
32
32
32
32
32
32
32
32
32
33
33
33
33
33
33
33
32
32
32
33
33
33
33
33
33
33
33
33
32
33
33
33
33
33
33
33
33
34
34
34
34
34
34
35
35
35
37
37
37
38
38
39
40
41
42
43
45
50
55
57
59
60
62
63
64
66
67
69
70
72
74
76
78
274
279
283
286
290
389
392
395
398
402
406
410
487
488
490
490
490
492
492
492
492
491
491
490
491
493
495
495
497
498
498
566
566
563
498
493
489
486
481
477
471
466
419
415
410
401
360
352
347
343
338
334
329
324
318
305
305
322
329
334
338
340
344
348
354
369
403
408
412
459
463
468
473
479
485
489
493
423
490
491
492
491
490
490
488
487
487
486
487
488
488
488
488
488
487
488
487
487
487
412
408
404
400
396
393
390
387
289
285
282
279
276
74
72
70
69
66
64
62
61
60
58
57
56
55
53
48
45
43
41
40
40
38
37
37
37
36
36
35
34
34
34
34
34
33
33
33
33
33
34
34
34
33
33
33
33
33
32
32
32
32
32
32
32
33
33
32
32
32
32
32
32
32
32
32
32
31
31
31
31
31
31
31
32
32
32
32
32
32
32
33
33
33
33
33
34
35
35
35
36
36
36
36
36
36
37
37
37
37
37
36
36
36
37
37
36
36
36
36
36
36
36
35
35
35
35
35
35
34
34
34
34
34
34
34
34
34
34
34
34
34
34
34
33
33
33
33
33
33
33
33
33
33
33
33
33
33
32
32
32
32
32
32
32
32
32
32
32
31
31
31
31
31
31
31
31
31
31
30
1
1
1
1
1
1
1
29
29
29
29
29
28
28
28
28
28
28
28
28
27
27
27
27
27
27
27
27
27
27
27
27
27
27
27
26
26
26
26
26
26
26
27
27
27
1
1
1
1
1
1
1
1
1
1
1
1
1
1
1
1
1
1
1
1
1
1
1
1
1
1
1
1
1
1
1
1
1
1
1
1
1
1
1
1
1
1
1
1
1
1
1
1
1
1
1
1
1
1
1
1
1
1
1
1
1
1
1
1
1
1
1
1
1
1
1
1
1
1
1
1
1
1
1
1
1
1
1
1
1
1
1
1
1
1
1
1
1
1
1
1
1
1
1
1
1
1
1
1
1
1
1
1
1
1
1
1
1
1
1
1
1
1
1
1
1
1
1
1
1
1
1
1
1
1
1
1
1
1
1
1
1
1
1
1
1
1
1
1
1
1
1
1
1
1
1
1
1
1
1
1
1
1
1
1
1
1
1
1
1
1
1
1
1
1
1
1
1
1
1
1
1
1
1
1
1
1
1
1
1
1
1
1
1
1
1
1
1
1
1
1
1
1
1
1
1
1
1
1
1
1
1
1
1
1
1
1
1
1
1
1
1
1
1
1
1
1
1
1
1
1
1
1
1
1
1
1
1
1
1
1
1
1
1
1
1
1
1
