# Vetor de dados - syn_f004732-1-Pre--front--vetorlinha.txt
# Total de elementos: 768
# Formato: um valor por linha
#==================================================

1
1
1
1
1
1
1
1
1
1
1
1
1
1
1
1
1
1
1
1
1
1
1
1
1
1
1
1
1
1
1
1
1
1
1
1
1
1
1
1
1
1
1
1
1
1
1
1
1
1
1
1
1
1
1
1
1
1
1
1
1
1
1
1
1
1
1
1
1
1
1
1
1
1
1
1
1
1
1
1
1
1
1
1
1
1
1
1
1
1
1
1
1
1
1
1
1
1
1
1
1
1
1
1
1
1
1
1
1
1
1
1
1
1
1
1
1
1
1
1
1
1
12
22
26
30
33
36
38
40
42
44
46
48
49
50
51
52
53
55
55
56
57
57
58
59
59
59
59
60
60
61
61
61
60
60
59
59
59
59
60
65
66
68
68
68
67
67
67
66
66
65
64
64
63
63
61
59
59
57
54
51
48
48
47
47
46
46
44
44
44
44
44
44
44
44
44
44
43
43
43
42
42
42
42
43
46
49
51
55
59
61
65
67
71
73
76
80
85
97
139
373
388
428
439
467
480
492
503
526
544
551
567
586
586
585
583
571
560
559
548
540
541
542
541
475
469
463
389
378
369
356
341
330
303
284
270
238
224
201
185
156
152
148
145
143
143
141
140
139
138
136
136
134
133
131
130
128
126
126
124
124
123
122
122
121
120
120
120
119
119
119
117
117
117
116
116
115
115
113
113
112
111
110
108
108
106
105
103
103
103
102
102
101
101
101
101
100
100
100
100
100
100
100
100
100
98
98
98
98
98
96
96
96
96
95
95
94
93
93
93
93
93
93
93
93
93
94
94
96
97
98
100
101
102
104
105
107
108
110
111
112
114
116
117
118
120
121
122
123
124
125
126
127
128
128
129
130
130
130
131
132
132
132
133
133
133
134
135
135
135
135
135
135
135
136
136
136
136
136
137
137
137
137
137
138
138
138
138
138
138
139
139
140
140
140
141
141
141
142
142
143
143
143
143
143
143
143
144
144
144
145
145
145
145
145
145
145
145
145
145
144
144
144
143
143
143
143
143
143
143
143
142
142
142
141
141
141
140
140
140
140
140
139
138
138
138
137
136
136
136
136
134
134
134
133
133
132
132
131
131
131
130
129
129
129
128
128
127
127
127
126
125
125
125
124
123
122
121
121
120
119
118
117
117
117
116
115
115
114
114
113
113
112
112
112
112
112
111
110
110
110
110
110
110
110
110
110
110
110
109
109
109
108
108
108
108
107
107
106
106
106
106
106
106
106
106
106
106
106
106
107
108
108
108
108
108
108
110
110
110
110
110
110
111
112
112
112
112
112
112
112
112
112
113
113
113
114
114
114
114
114
113
113
112
112
112
112
112
112
112
112
112
112
110
110
110
110
110
110
110
109
108
108
108
107
107
106
106
105
105
105
104
104
103
103
103
102
101
101
101
101
100
99
99
99
99
98
98
97
97
97
97
96
95
95
95
95
95
95
94
93
93
93
93
93
93
93
93
92
92
92
93
93
94
94
95
95
96
96
96
96
96
96
96
96
97
97
97
97
99
99
99
100
100
102
102
104
104
106
107
108
109
110
110
111
112
112
112
113
113
113
113
113
113
113
112
112
111
111
110
108
105
104
102
96
94
1
1
1
1
1
1
1
1
1
1
1
1
1
1
1
1
1
1
1
1
1
1
1
1
1
1
1
1
1
1
1
1
1
1
1
1
1
1
1
1
1
1
1
1
1
1
1
1
1
1
1
1
1
1
1
1
1
1
1
1
1
