# Vetor de dados - syn_f001989-2-Pre--front--vetorcoluna.txt
# Total de elementos: 1024
# Formato: um valor por linha
#==================================================

1
1
1
1
1
1
1
1
1
1
1
1
1
1
1
1
1
1
1
1
1
1
1
1
1
1
1
1
1
1
1
1
1
1
1
1
1
1
1
1
1
1
1
1
1
1
1
1
1
1
1
1
1
1
1
1
1
1
1
1
1
1
1
1
1
1
1
1
1
1
1
1
1
1
1
1
1
1
1
1
1
1
1
1
1
1
1
1
1
1
1
1
1
1
1
1
1
1
1
1
1
1
1
1
1
1
1
1
1
1
1
1
1
1
1
1
1
1
1
1
1
1
1
1
1
1
1
1
1
1
1
1
1
1
1
1
1
1
1
1
1
1
1
1
1
1
1
1
1
1
1
1
1
1
1
1
1
1
1
1
1
1
1
1
1
1
1
1
1
1
1
1
1
1
1
1
1
1
1
1
1
1
1
1
1
1
1
1
1
1
1
1
1
1
1
1
1
1
1
1
1
1
1
1
1
1
1
1
1
1
1
1
1
1
1
1
1
1
1
1
1
1
1
1
1
1
1
20
20
20
20
20
20
20
20
20
20
20
20
21
25
26
27
27
27
27
27
27
26
26
26
26
25
25
25
25
24
24
24
24
24
24
24
24
24
23
23
23
23
22
22
21
21
20
20
20
18
17
17
17
17
17
17
17
18
18
18
18
20
20
20
20
19
21
21
21
21
21
22
23
23
23
23
24
24
24
24
24
25
26
26
26
26
27
27
27
27
28
28
28
28
30
30
30
30
30
30
31
31
31
31
31
31
32
32
32
32
32
33
34
34
34
34
35
35
35
35
35
35
35
35
35
35
35
35
35
35
34
34
34
34
34
34
33
32
32
32
31
31
31
31
31
32
32
32
32
32
32
32
32
33
33
33
33
33
33
33
33
34
34
34
34
34
34
34
34
34
34
34
34
34
35
35
35
35
35
35
35
35
35
35
36
36
36
36
36
36
37
37
36
37
37
37
38
38
38
39
40
40
40
40
41
42
42
42
43
45
45
47
48
50
52
55
56
58
59
60
62
63
65
66
68
70
72
75
79
275
277
280
283
285
288
290
385
389
392
396
401
405
474
475
477
477
477
477
478
479
480
480
480
481
482
483
484
484
485
485
484
550
549
529
494
490
486
483
480
476
472
467
414
409
404
397
377
368
361
356
350
343
338
330
327
335
341
345
350
356
364
370
382
402
407
412
415
472
475
479
482
486
490
495
558
560
560
560
558
484
483
482
481
480
479
478
479
479
478
476
477
476
476
475
474
474
409
405
401
397
393
389
385
289
286
283
280
276
273
270
82
81
79
77
74
72
69
67
64
62
60
58
57
55
53
52
50
47
46
45
44
42
42
41
41
39
39
39
38
37
37
37
36
36
35
34
34
34
34
34
33
33
34
34
34
34
34
33
33
33
32
32
33
32
32
32
32
32
32
32
32
32
32
32
32
32
32
32
32
32
32
31
31
31
31
31
31
31
31
31
31
31
31
31
31
31
32
33
33
33
33
34
34
34
34
35
36
36
36
36
36
36
36
36
36
36
36
35
35
35
35
34
34
34
34
34
34
34
33
33
33
33
33
33
33
32
31
31
31
31
31
30
30
30
30
29
29
28
28
28
28
28
28
28
27
27
27
27
27
27
26
26
25
25
25
25
25
25
24
23
23
23
23
23
23
22
22
22
22
22
21
21
21
21
21
21
19
20
20
21
20
21
22
21
22
22
21
22
22
22
22
22
22
23
23
23
23
23
23
23
23
23
23
24
24
25
25
25
25
26
26
26
26
26
26
25
24
23
17
17
17
17
17
17
17
17
17
17
17
17
17
17
17
17
17
17
17
17
17
1
1
1
1
1
1
1
1
1
1
1
1
1
1
1
1
1
1
1
1
1
1
1
1
1
1
1
1
1
1
1
1
1
1
1
1
1
1
1
1
1
1
1
1
1
1
1
1
1
1
1
1
1
1
1
1
1
1
1
1
1
1
1
1
1
1
1
1
1
1
1
1
1
1
1
1
1
1
1
1
1
1
1
1
1
1
1
1
1
1
1
1
1
1
1
1
1
1
1
1
1
1
1
1
1
1
1
1
1
1
1
1
1
1
1
1
1
1
1
1
1
1
1
1
1
1
1
1
1
1
1
1
1
1
1
1
1
1
1
1
1
1
1
1
1
1
1
1
1
1
1
1
1
1
1
1
1
1
1
1
1
1
1
1
1
1
1
1
1
1
1
1
1
1
1
1
1
1
1
1
1
1
1
1
1
1
1
1
1
1
1
1
1
1
1
1
1
1
1
1
1
1
1
1
1
1
1
1
1
1
1
1
1
1
1
1
1
1
