# Vetor de dados - syn_f002573-2-Pre--front--vetorcoluna.txt
# Total de elementos: 1024
# Formato: um valor por linha
#==================================================

1
1
1
1
1
1
1
1
1
1
1
1
1
1
1
1
1
1
1
1
1
1
1
1
1
1
1
1
1
1
1
1
1
1
1
1
1
1
1
1
1
1
1
1
1
1
1
1
1
1
1
1
1
1
1
1
1
1
1
1
1
1
1
1
1
1
1
1
1
1
1
1
1
1
1
1
1
1
1
1
1
1
1
1
1
1
1
1
1
1
1
1
1
1
1
1
1
1
1
1
1
1
1
1
1
1
1
1
1
1
1
1
1
1
1
1
1
1
1
1
1
1
1
1
1
1
1
1
1
1
1
1
1
1
1
1
1
1
1
1
1
1
1
1
1
1
1
1
1
1
1
1
1
1
1
1
1
1
1
1
1
1
1
1
1
1
1
1
1
1
1
1
1
1
1
1
1
1
1
1
1
1
1
1
1
1
1
1
1
1
1
1
1
1
1
1
1
1
1
1
1
1
1
1
1
1
1
1
1
1
1
1
1
1
1
1
1
1
1
1
1
1
1
16
18
19
20
20
20
20
20
19
19
21
20
20
19
19
19
20
20
20
19
19
21
21
21
21
22
22
22
22
22
22
22
23
22
22
22
23
23
24
24
24
24
25
25
25
25
25
25
25
25
25
25
25
25
25
25
25
25
25
25
26
26
26
26
26
26
26
26
27
27
27
27
27
27
27
27
28
28
28
28
28
30
30
30
30
30
31
31
32
32
32
32
33
33
33
33
34
34
34
34
35
35
35
35
35
35
35
37
37
37
37
37
37
37
37
37
37
37
37
37
37
37
37
37
37
37
37
37
37
37
36
36
36
35
35
35
35
35
35
35
35
34
34
34
34
34
34
34
34
34
34
34
34
34
34
34
34
34
35
35
35
35
35
35
35
35
35
36
36
36
36
36
36
36
36
36
37
37
37
37
37
37
37
37
37
37
38
38
38
38
38
38
38
38
39
40
40
40
40
41
41
41
41
42
43
43
44
44
44
45
47
47
48
49
50
52
53
55
57
60
61
63
64
65
66
290
293
296
300
304
308
314
321
423
427
431
435
439
444
448
522
523
523
523
522
523
525
525
526
525
525
525
527
527
529
529
529
530
530
529
528
527
523
504
460
531
528
526
523
519
515
510
504
498
456
451
448
444
441
432
392
385
380
375
370
364
351
342
344
364
369
372
376
381
387
393
401
409
432
440
443
445
448
497
502
507
511
515
520
526
530
533
458
462
488
521
525
528
529
530
529
529
528
528
526
525
523
524
525
525
525
524
524
524
525
525
524
451
446
443
438
433
429
425
421
320
313
308
303
299
296
293
65
64
63
61
59
56
55
54
53
51
50
49
49
48
47
46
45
45
43
43
43
42
42
41
40
40
40
39
39
39
39
38
38
38
38
38
38
38
38
38
38
38
38
38
38
38
37
37
37
37
37
37
37
36
36
36
36
36
36
36
35
35
35
35
35
35
34
34
34
34
34
34
34
33
33
33
33
34
34
34
34
33
33
34
34
34
34
34
36
36
36
36
37
37
37
37
37
37
37
39
39
39
38
38
38
37
37
37
37
37
37
37
37
37
37
36
36
37
37
37
37
36
36
36
36
35
34
34
34
34
34
33
33
33
33
32
32
32
31
30
30
30
30
29
29
29
28
27
27
27
27
26
26
26
26
25
24
24
24
24
23
23
22
22
22
21
21
21
21
21
21
19
19
19
20
20
18
18
18
18
18
18
19
20
19
20
21
20
21
21
22
21
21
21
21
21
21
21
20
20
20
20
19
19
19
20
21
19
20
21
21
19
21
21
21
21
20
20
20
20
20
19
17
10
10
10
10
10
10
9
9
9
9
9
9
9
9
9
9
9
8
8
8
8
8
8
5
1
1
1
1
1
1
1
1
1
1
1
1
1
1
1
1
1
1
1
1
1
1
1
1
1
1
1
1
1
1
1
1
1
1
1
1
1
1
1
1
1
1
1
1
1
1
1
1
1
1
1
1
1
1
1
1
1
1
1
1
1
1
1
1
1
1
1
1
1
1
1
1
1
1
1
1
1
1
1
1
1
1
1
1
1
1
1
1
1
1
1
1
1
1
1
1
1
1
1
1
1
1
1
1
1
1
1
1
1
1
1
1
1
1
1
1
1
1
1
1
1
1
1
1
1
1
1
1
1
1
1
1
1
1
1
1
1
1
1
1
1
1
1
1
1
1
1
1
1
1
1
1
1
1
1
1
1
1
1
1
1
1
1
1
1
1
1
1
1
1
1
1
1
1
1
1
1
1
1
1
1
1
1
1
1
1
1
1
1
1
1
1
1
1
1
1
1
1
1
1
1
1
