# Vetor de dados - syn_f000793-3-Pre--front--vetorcoluna.txt
# Total de elementos: 1024
# Formato: um valor por linha
#==================================================

1
1
1
1
1
1
1
1
1
1
1
1
1
1
1
1
1
1
1
1
1
1
1
1
1
1
1
1
1
1
1
1
1
1
1
1
1
1
1
1
1
1
1
1
1
1
1
1
1
1
1
1
1
1
1
1
1
1
1
1
1
1
1
1
1
1
1
1
1
1
1
1
1
1
1
1
1
1
1
1
1
1
1
1
1
1
1
1
1
1
1
1
1
1
1
1
1
1
1
1
1
1
1
1
1
1
1
1
1
1
1
1
1
1
1
1
1
1
1
1
1
1
1
1
1
1
1
1
1
1
1
1
1
1
1
1
1
1
1
1
1
1
1
1
1
1
1
1
1
1
1
1
1
1
1
1
1
1
1
1
1
1
1
1
1
1
1
1
1
1
1
1
1
1
1
1
1
1
1
1
1
1
1
1
1
1
1
1
1
1
1
1
1
1
1
1
1
1
1
1
1
1
1
1
1
1
1
1
1
1
1
1
1
1
1
1
1
1
1
1
1
1
1
1
1
1
1
1
1
1
1
1
1
1
1
1
8
8
8
9
9
9
9
9
9
9
9
9
9
9
9
9
9
9
9
9
9
10
16
17
17
18
18
18
18
18
19
18
18
18
17
17
17
18
18
18
18
18
18
19
19
19
20
20
19
19
19
20
20
18
18
17
17
17
17
17
17
17
18
18
18
19
19
19
19
21
21
21
21
21
23
23
23
23
23
24
25
25
25
25
25
26
27
27
27
27
27
27
29
29
29
29
29
30
30
31
31
31
31
32
32
32
32
33
33
33
34
34
34
34
34
34
34
34
34
34
34
35
35
35
35
35
35
35
35
35
35
35
35
35
35
34
33
33
33
33
33
33
33
33
33
33
33
33
33
31
31
31
31
31
31
31
31
31
31
32
32
33
33
33
33
33
33
33
33
33
33
33
33
33
33
33
33
33
33
33
33
33
33
33
33
33
33
33
33
33
34
34
34
34
35
35
35
36
36
37
38
38
38
40
41
41
43
47
51
54
56
57
59
61
63
66
68
70
71
277
279
281
283
285
287
389
393
397
402
407
411
416
472
473
474
474
474
474
475
477
477
477
476
477
476
477
478
480
482
482
483
483
483
446
497
492
486
481
477
473
469
465
458
422
418
415
408
369
360
354
349
342
330
314
313
342
347
352
356
361
371
406
413
417
421
465
469
472
476
481
488
492
494
496
499
562
481
480
480
479
477
475
474
475
474
475
475
474
474
473
472
472
472
470
469
468
467
412
407
402
397
393
389
385
288
285
282
279
277
276
274
73
70
68
65
61
58
56
55
54
52
48
44
42
41
40
38
38
38
37
36
35
34
34
34
34
33
33
33
33
33
32
32
31
31
31
31
31
31
31
31
31
31
31
31
31
31
31
31
31
31
31
31
31
31
31
31
31
31
31
31
31
31
31
31
31
31
31
31
31
31
31
31
31
31
32
32
33
33
33
33
33
33
34
34
35
35
35
35
35
35
35
35
35
35
35
35
35
35
35
34
34
34
34
34
34
34
34
34
34
34
33
33
33
33
33
32
31
31
31
31
31
31
30
30
30
30
29
28
28
28
28
28
28
27
26
26
26
26
26
25
24
24
24
24
23
23
23
22
21
21
21
21
21
20
20
18
18
18
18
18
18
17
17
17
18
18
18
19
20
20
19
19
19
20
19
19
19
19
19
18
18
18
18
18
18
17
18
18
18
19
19
20
18
18
18
18
18
18
17
16
10
10
10
9
9
9
9
9
9
10
10
9
10
10
10
10
9
9
9
9
8
1
1
1
1
1
1
1
1
1
1
1
1
1
1
1
1
1
1
1
1
1
1
1
1
1
1
1
1
1
1
1
1
1
1
1
1
1
1
1
1
1
1
1
1
1
1
1
1
1
1
1
1
1
1
1
1
1
1
1
1
1
1
1
1
1
1
1
1
1
1
1
1
1
1
1
1
1
1
1
1
1
1
1
1
1
1
1
1
1
1
1
1
1
1
1
1
1
1
1
1
1
1
1
1
1
1
1
1
1
1
1
1
1
1
1
1
1
1
1
1
1
1
1
1
1
1
1
1
1
1
1
1
1
1
1
1
1
1
1
1
1
1
1
1
1
1
1
1
1
1
1
1
1
1
1
1
1
1
1
1
1
1
1
1
1
1
1
1
1
1
1
1
1
1
1
1
1
1
1
1
1
1
1
1
1
1
1
1
1
1
1
1
1
1
1
1
1
1
1
1
1
1
1
1
1
1
1
1
1
1
1
1
1
1
1
1
1
1
1
1
1
1
1
1
1
1
1
1
1
1
1
1
1
1
1
1
