# Vetor de dados - syn_f004601-2-Pre--front--vetorlinha.txt
# Total de elementos: 768
# Formato: um valor por linha
#==================================================

1
1
1
1
1
1
1
1
1
1
1
1
1
1
1
1
1
1
1
1
1
1
1
1
1
1
1
1
1
1
1
1
1
1
1
1
1
1
1
1
1
1
1
1
1
1
1
1
1
1
1
1
1
1
1
1
1
1
1
1
1
1
1
1
1
1
1
1
1
1
1
1
1
1
1
1
1
1
1
1
1
1
1
1
1
1
1
1
1
1
1
1
1
1
1
1
1
1
1
1
1
1
1
1
1
1
1
1
1
1
1
1
1
1
1
1
1
1
1
1
1
1
1
1
1
1
1
1
8
20
25
29
33
37
39
41
43
45
47
49
50
51
52
54
54
56
58
58
58
60
60
61
62
62
62
62
62
63
64
64
63
64
64
63
63
62
62
62
62
67
70
70
71
72
70
70
70
70
70
68
68
68
67
66
65
64
63
62
61
59
53
53
53
53
51
51
51
51
49
49
47
47
46
46
46
46
46
46
46
46
46
46
46
46
46
46
46
46
47
49
52
55
58
60
62
72
122
228
268
278
289
300
318
329
339
350
360
372
412
451
457
461
466
469
472
472
463
459
464
470
474
477
482
485
427
426
426
424
422
421
419
417
411
409
389
389
387
390
383
370
363
360
357
353
330
331
135
133
133
132
131
130
129
129
129
127
127
127
127
126
126
126
126
126
125
124
124
124
123
123
122
121
121
121
119
119
118
117
117
115
115
114
113
113
113
113
113
111
111
111
111
110
109
109
109
109
108
108
108
108
108
108
108
107
107
107
107
107
107
107
106
106
106
106
106
105
105
105
105
105
105
105
105
105
104
104
104
104
105
104
105
106
106
108
109
111
113
115
118
120
122
123
124
126
126
128
130
130
132
132
134
134
135
136
136
136
137
137
138
139
139
139
139
139
139
140
140
140
140
141
141
141
142
142
142
142
144
144
144
144
146
146
146
148
148
148
149
150
150
151
151
152
153
153
153
155
155
155
155
156
157
157
157
157
158
158
158
158
159
160
160
160
160
160
158
158
158
158
158
158
158
158
158
157
157
157
157
155
155
155
155
155
154
154
154
153
153
152
152
152
152
152
150
150
150
150
150
150
148
148
148
148
147
146
146
144
144
142
142
142
141
140
139
138
138
137
136
135
135
133
133
131
131
130
129
128
128
126
126
125
125
124
123
122
121
120
120
119
118
117
117
117
115
115
114
113
112
112
111
111
111
111
110
109
109
109
109
109
109
107
107
107
107
105
105
105
105
105
105
105
106
107
107
107
108
108
109
109
110
110
111
111
112
112
113
113
113
114
114
115
115
115
115
116
116
116
116
116
117
117
117
117
117
117
116
116
116
116
115
115
115
115
115
115
113
113
113
113
112
111
111
111
111
110
109
109
109
108
107
107
106
106
105
105
104
104
103
102
102
101
101
100
100
99
99
98
97
97
96
95
95
95
94
93
93
93
93
92
91
91
91
91
91
91
91
91
91
91
91
91
91
92
92
92
93
93
93
93
93
93
93
93
94
94
94
95
95
96
97
97
97
98
99
100
101
103
103
105
107
107
108
108
108
110
110
111
112
111
111
111
110
110
110
109
108
105
105
103
98
94
91
41
40
1
1
1
1
1
1
1
1
1
1
1
1
1
1
1
1
1
1
1
1
1
1
1
1
1
1
1
1
1
1
1
1
1
1
1
1
1
1
1
1
1
1
1
1
1
1
1
1
1
1
1
1
1
1
1
1
1
1
1
1
1
1
1
1
1
