# Vetor de dados - syn_f004541-2-Pre--left--vetorlinha.txt
# Total de elementos: 768
# Formato: um valor por linha
#==================================================

1
1
1
1
1
1
1
1
1
1
1
1
1
1
1
1
1
1
1
1
1
1
1
1
1
1
1
1
1
1
1
1
1
1
1
1
1
1
1
1
1
1
1
1
1
1
1
1
1
1
1
1
1
1
1
1
1
1
1
1
1
1
1
1
1
1
1
1
1
1
1
1
1
1
1
1
1
1
1
1
1
1
1
1
1
1
1
1
1
1
1
1
1
1
1
1
1
1
1
1
1
1
1
1
1
1
1
1
1
1
1
1
1
1
1
1
1
1
1
1
1
1
1
1
1
1
1
1
1
1
1
14
26
32
37
41
46
49
52
54
57
58
61
62
65
67
68
70
70
72
73
73
75
75
76
77
78
78
78
79
79
79
79
79
79
79
79
80
80
80
80
80
81
81
82
82
83
84
84
84
85
86
85
85
84
84
81
80
77
76
74
74
73
72
72
71
69
69
68
67
67
66
66
66
66
66
66
66
66
64
63
63
60
58
58
56
56
55
55
54
55
55
54
55
54
55
54
55
55
56
56
181
205
210
217
226
237
256
278
279
279
279
278
277
275
274
271
265
265
263
258
244
240
232
205
202
199
196
192
189
186
182
177
173
167
161
157
151
146
135
124
114
110
106
103
103
105
106
107
109
109
110
111
112
112
113
114
114
115
115
115
116
116
116
116
117
117
118
118
118
118
118
119
118
118
118
118
118
117
117
117
117
115
115
114
114
112
111
111
109
108
107
106
106
106
106
106
107
106
106
107
107
106
106
107
107
107
106
106
107
107
106
106
106
106
106
105
106
106
106
105
105
106
105
105
105
104
104
103
104
104
103
102
102
100
100
99
99
98
98
98
97
97
97
97
97
97
98
99
99
100
101
102
102
103
104
105
106
106
107
108
108
109
110
110
110
111
111
112
113
113
113
113
113
113
114
114
114
114
114
113
113
112
112
112
112
111
111
111
110
109
108
108
107
107
105
105
104
103
101
100
99
97
96
94
93
93
91
90
89
89
88
87
86
85
84
83
82
82
81
79
78
78
78
77
77
78
79
79
79
79
79
80
80
80
80
80
80
80
80
80
81
81
80
80
80
79
79
79
79
78
78
78
78
78
77
77
77
77
76
76
76
76
76
74
74
74
74
74
74
73
72
72
71
71
70
70
69
69
68
67
67
67
65
65
64
63
63
62
62
61
60
60
60
58
58
58
57
56
56
55
55
55
55
55
54
54
55
56
56
56
56
57
57
57
58
58
59
58
59
59
59
59
59
59
59
58
59
58
58
57
58
57
56
56
56
55
55
54
53
54
53
53
52
52
52
51
51
51
51
51
50
50
50
50
51
51
50
50
50
51
51
51
51
51
51
50
50
50
50
50
50
50
50
50
49
48
48
48
48
47
46
46
46
45
45
44
44
43
43
43
41
41
41
40
40
39
38
38
38
38
36
36
36
35
35
35
34
33
33
33
33
34
34
34
34
35
36
37
39
41
42
45
48
50
53
55
58
62
67
68
69
71
73
74
74
76
77
78
79
80
79
79
79
49
51
54
59
65
69
73
78
80
81
83
85
86
86
85
85
81
79
79
76
68
58
53
49
43
39
36
34
1
1
1
1
1
1
1
1
1
1
1
1
1
1
1
1
1
1
1
1
1
1
1
1
1
1
1
1
1
1
1
1
1
1
1
1
1
1
1
1
1
1
1
1
1
1
1
1
1
1
1
1
1
1
1
1
1
1
1
1
1
1
1
1
1
1
