# Vetor de dados - syn_f004562-1-Pre--front--vetorlinha.txt
# Total de elementos: 768
# Formato: um valor por linha
#==================================================

1
1
1
1
1
1
1
1
1
1
1
1
1
1
1
1
1
1
1
1
1
1
1
1
1
1
1
1
1
1
1
1
1
1
1
1
1
1
1
1
1
1
1
1
1
1
1
1
1
1
1
1
1
1
1
1
1
1
1
1
1
1
1
1
1
1
1
1
1
1
1
1
1
1
1
1
1
1
1
1
1
1
1
1
1
1
1
1
1
1
1
1
1
1
1
1
1
1
1
1
1
1
1
1
1
1
1
1
1
1
1
1
1
9
21
26
30
34
38
39
41
43
45
47
49
51
51
53
54
55
56
57
58
59
60
60
61
61
62
62
63
63
63
63
63
63
63
63
63
62
62
62
62
64
69
71
71
71
71
71
71
69
69
69
68
67
67
67
65
64
63
61
61
58
54
53
51
51
51
51
49
49
48
47
45
45
45
45
45
45
45
45
45
45
45
45
45
44
44
45
45
46
47
49
51
55
58
61
261
268
279
295
341
367
374
379
383
387
392
456
457
458
464
474
483
490
498
500
503
506
450
452
456
458
460
468
472
479
475
470
465
459
454
448
421
406
401
396
390
385
300
286
264
254
241
200
183
157
154
151
148
147
145
144
142
141
140
138
137
136
135
133
132
131
129
128
126
126
124
124
123
122
122
121
121
120
120
119
119
119
118
118
117
117
117
116
115
115
114
114
113
112
110
109
108
107
106
106
106
105
106
107
107
107
107
107
107
107
107
107
107
107
107
107
107
106
106
106
106
106
106
106
106
106
106
106
106
106
106
106
107
107
108
108
109
109
109
110
111
112
114
115
116
118
120
122
124
125
126
127
127
129
130
131
131
132
133
133
133
135
135
135
136
137
137
138
138
139
139
140
140
140
141
141
141
141
141
141
140
140
140
140
140
140
140
139
139
139
139
139
139
139
139
139
139
139
139
139
139
140
141
141
141
141
141
143
143
143
143
143
144
145
145
145
145
145
145
145
146
147
147
147
147
147
147
147
147
147
147
147
146
146
146
146
146
146
145
145
145
144
144
144
144
144
144
143
143
142
142
142
142
142
142
140
140
140
140
140
139
139
138
138
137
137
137
137
136
135
135
135
134
134
134
133
132
132
132
132
130
130
130
130
130
128
128
128
128
127
126
126
125
124
124
123
122
122
121
121
120
120
119
118
118
118
117
116
116
116
116
115
114
114
114
114
114
114
112
112
112
112
112
112
112
112
112
112
112
112
112
112
112
112
111
111
110
110
110
110
110
110
110
110
111
111
111
111
111
111
112
112
113
113
113
113
114
114
115
115
115
115
115
115
115
116
116
116
117
117
117
117
117
117
117
117
117
117
117
117
117
117
117
117
116
116
116
116
115
115
115
115
115
114
114
113
113
113
113
112
111
111
111
111
110
110
109
109
109
108
108
107
107
107
106
105
105
105
104
104
103
103
103
103
102
101
101
101
101
100
99
99
99
98
97
97
97
97
97
95
95
95
95
95
95
95
95
95
95
95
95
95
95
95
95
96
96
96
96
96
96
96
96
96
96
96
96
96
96
98
98
98
98
100
100
101
102
103
104
105
107
107
109
110
111
112
113
115
115
117
116
117
117
116
116
116
115
114
111
110
109
107
102
99
92
89
41
36
1
1
1
1
1
1
1
1
1
1
1
1
1
1
1
1
1
1
1
1
1
1
1
1
1
1
1
1
1
1
1
1
1
1
1
1
1
1
1
1
1
1
1
1
1
1
1
1
1
1
1
1
