# Vetor de dados - syn_f000870-0-Pre--front--vetorcoluna.txt
# Total de elementos: 1024
# Formato: um valor por linha
#==================================================

1
1
1
1
1
1
1
1
1
1
1
1
1
1
1
1
1
1
1
1
1
1
1
1
1
1
1
1
1
1
1
1
1
1
1
1
1
1
1
1
1
1
1
1
1
1
1
1
1
1
1
1
1
1
1
1
1
1
1
1
1
1
1
1
1
1
1
1
1
1
1
1
1
1
1
1
1
1
1
1
1
1
1
1
1
1
1
1
1
1
1
1
1
1
1
1
1
1
1
1
1
1
1
1
1
1
1
1
1
1
1
1
1
1
1
1
1
1
1
1
1
1
1
1
1
1
1
1
1
1
1
1
1
1
1
1
1
1
1
1
1
1
1
1
1
1
1
1
1
1
1
1
1
1
1
1
1
1
1
1
1
1
1
1
1
1
1
1
1
1
1
1
1
1
1
1
1
1
1
1
1
1
1
1
1
1
1
1
1
1
1
1
1
1
1
1
1
1
1
1
1
1
1
1
1
1
1
1
1
1
1
1
1
1
1
1
1
1
1
1
1
1
1
1
1
1
1
1
1
1
1
1
1
1
1
1
1
1
1
1
1
1
1
1
1
1
1
1
20
20
20
20
20
20
20
20
20
20
20
20
20
20
20
20
21
21
21
21
21
21
21
22
22
22
22
22
22
23
23
23
23
23
24
24
24
24
24
24
24
25
25
25
25
25
25
25
25
25
25
25
25
25
24
25
24
24
25
25
25
25
25
25
25
25
25
25
25
25
25
25
25
25
25
25
25
25
26
26
26
27
27
27
28
28
28
28
28
28
29
29
30
30
30
30
31
31
31
31
31
31
31
32
32
32
32
32
32
32
33
33
33
33
33
34
34
34
34
34
34
34
34
33
33
33
33
33
33
32
32
32
32
33
33
33
33
33
33
33
33
33
33
33
33
33
34
34
34
34
34
34
34
34
34
34
35
35
35
35
35
34
34
34
34
34
34
34
35
35
35
35
35
35
36
36
36
36
36
36
36
36
36
36
36
36
36
36
38
38
38
38
38
38
38
39
39
39
40
41
42
43
45
46
48
49
50
52
52
53
54
280
284
288
292
299
374
382
389
396
403
411
481
482
483
482
482
482
483
483
483
482
483
482
483
484
486
486
488
489
489
489
487
465
425
490
486
482
477
471
466
462
457
444
425
419
415
410
403
383
370
362
356
350
343
335
335
342
346
349
352
357
361
368
381
404
408
412
416
425
452
458
462
467
474
480
487
493
498
484
487
489
489
490
489
488
488
487
486
486
486
487
487
486
486
485
485
487
486
485
414
407
400
393
387
380
373
316
298
291
286
53
52
51
49
48
47
46
44
43
43
42
41
40
40
40
39
38
38
38
37
37
37
37
36
35
35
35
35
35
35
35
35
35
34
34
34
34
34
34
33
33
33
33
33
33
32
32
32
32
32
32
32
32
32
32
32
32
32
32
32
31
31
31
31
31
31
31
31
31
31
31
31
31
31
31
31
32
32
32
32
32
32
32
32
33
33
34
34
34
34
34
34
34
34
34
34
34
34
34
33
32
32
32
32
32
32
32
31
31
31
31
31
30
30
30
30
29
28
28
28
28
28
28
27
26
26
26
26
26
25
25
24
24
24
24
24
23
22
22
22
22
22
22
22
21
21
21
21
21
21
21
20
20
20
20
20
20
19
19
19
19
18
18
18
18
18
18
18
18
18
18
18
18
20
19
19
20
19
19
20
20
20
19
19
19
20
18
18
18
18
18
18
19
18
18
18
19
19
20
18
18
18
18
18
18
18
17
10
10
10
10
9
8
8
9
9
9
9
9
9
8
8
8
8
8
8
8
1
1
1
1
1
1
1
1
1
1
1
1
1
1
1
1
1
1
1
1
1
1
1
1
1
1
1
1
1
1
1
1
1
1
1
1
1
1
1
1
1
1
1
1
1
1
1
1
1
1
1
1
1
1
1
1
1
1
1
1
1
1
1
1
1
1
1
1
1
1
1
1
1
1
1
1
1
1
1
1
1
1
1
1
1
1
1
1
1
1
1
1
1
1
1
1
1
1
1
1
1
1
1
1
1
1
1
1
1
1
1
1
1
1
1
1
1
1
1
1
1
1
1
1
1
1
1
1
1
1
1
1
1
1
1
1
1
1
1
1
1
1
1
1
1
1
1
1
1
1
1
1
1
1
1
1
1
1
1
1
1
1
1
1
1
1
1
1
1
1
1
1
1
1
1
1
1
1
1
1
1
1
1
1
1
1
1
1
1
1
1
1
1
1
1
1
1
1
1
1
1
1
1
1
1
1
1
1
1
1
1
1
1
1
1
1
1
1
1
1
1
1
1
1
1
1
1
1
