# Vetor de dados - syn_f003191-3-Pre--front--vetorcoluna.txt
# Total de elementos: 1024
# Formato: um valor por linha
#==================================================

1
1
1
1
1
1
1
1
1
1
1
1
1
1
1
1
1
1
1
1
1
1
1
1
1
1
1
1
1
1
1
1
1
1
1
1
1
1
1
1
1
1
1
1
1
1
1
1
1
1
1
1
1
1
1
1
1
1
1
1
1
1
1
1
1
1
1
1
1
1
1
1
1
1
1
1
1
1
1
1
1
1
1
1
1
1
1
1
1
1
1
1
1
1
1
1
1
1
1
1
1
1
1
1
1
1
1
1
1
1
1
1
1
1
1
1
1
1
1
1
1
1
1
1
1
1
1
1
1
1
1
1
1
1
1
1
1
1
1
1
1
1
1
1
1
1
1
1
1
1
1
1
1
1
1
1
1
1
1
1
1
1
1
1
1
1
1
1
1
1
1
1
1
1
1
1
1
1
1
1
1
1
1
1
1
1
1
1
1
1
1
1
1
1
1
1
1
1
1
1
1
1
1
1
1
1
1
1
1
1
1
1
1
1
1
1
1
1
1
6
8
8
8
8
8
8
8
8
8
9
9
9
9
9
9
9
9
10
10
12
12
12
17
18
19
19
19
19
19
19
20
20
19
19
19
18
18
19
19
19
19
20
20
20
20
21
21
21
21
22
21
21
21
22
21
22
21
21
21
21
21
21
21
21
22
22
22
22
22
22
22
23
24
24
24
24
24
26
26
26
26
26
28
28
28
28
28
30
30
30
30
31
31
32
32
33
33
33
33
34
34
35
35
36
36
36
36
36
36
37
38
38
38
38
38
39
39
39
40
40
40
40
40
41
41
41
41
41
41
41
41
41
41
41
41
41
41
41
41
41
40
40
39
39
39
39
39
39
39
39
39
39
38
39
39
39
39
40
40
40
40
40
40
40
40
40
41
41
41
41
42
42
42
42
42
42
42
42
42
42
42
42
42
42
42
42
42
42
41
41
41
41
41
41
40
41
41
41
41
40
40
41
41
41
42
42
42
42
42
43
43
44
44
45
45
46
48
52
58
62
64
66
68
70
59
63
67
69
70
71
73
284
286
289
292
295
299
303
393
397
400
404
407
410
414
418
490
491
491
491
492
494
494
495
494
495
494
495
496
497
499
499
500
500
501
501
499
492
475
539
532
507
504
500
496
492
489
485
481
475
430
425
422
419
416
406
395
388
380
374
368
365
367
373
381
389
396
408
415
420
423
427
474
481
485
490
494
498
502
505
508
511
537
568
568
571
572
501
502
502
502
501
500
499
497
497
497
497
496
496
495
494
494
493
492
491
419
414
410
406
403
399
395
392
309
303
297
293
290
288
286
81
79
76
72
68
64
62
60
58
56
53
51
50
49
48
46
46
45
45
44
44
43
42
42
42
41
41
41
41
40
40
40
40
40
39
40
40
40
40
40
40
41
41
41
41
41
41
41
41
41
40
40
40
40
40
40
40
40
40
40
39
39
39
39
39
38
38
38
38
38
38
38
38
38
38
38
38
38
38
38
38
38
38
38
38
39
39
39
39
39
40
40
40
40
40
40
40
40
40
40
40
40
40
40
40
40
40
40
40
40
40
40
40
40
38
38
38
38
38
38
38
38
38
37
37
37
36
36
35
35
35
35
34
34
34
34
33
32
32
31
31
31
31
30
29
29
29
28
28
28
27
26
26
26
26
26
24
24
24
24
24
23
22
22
22
21
21
21
21
19
20
20
21
20
20
21
21
21
22
21
21
22
22
21
21
21
20
20
20
21
19
19
19
19
20
19
19
19
20
21
19
20
20
20
21
19
19
19
19
18
17
12
12
12
12
9
9
9
9
9
9
8
8
8
8
8
8
8
9
8
8
8
8
6
1
1
1
1
1
1
1
1
1
1
1
1
1
1
1
1
1
1
1
1
1
1
1
1
1
1
1
1
1
1
1
1
1
1
1
1
1
1
1
1
1
1
1
1
1
1
1
1
1
1
1
1
1
1
1
1
1
1
1
1
1
1
1
1
1
1
1
1
1
1
1
1
1
1
1
1
1
1
1
1
1
1
1
1
1
1
1
1
1
1
1
1
1
1
1
1
1
1
1
1
1
1
1
1
1
1
1
1
1
1
1
1
1
1
1
1
1
1
1
1
1
1
1
1
1
1
1
1
1
1
1
1
1
1
1
1
1
1
1
1
1
1
1
1
1
1
1
1
1
1
1
1
1
1
1
1
1
1
1
1
1
1
1
1
1
1
1
1
1
1
1
1
1
1
1
1
1
1
1
1
1
1
1
1
1
1
1
1
1
1
1
1
1
1
1
1
1
1
1
1
1
1
1
1
1
1
1
1
1
1
1
1
1
1
1
1
1
1
1
