# Vetor de dados - syn_f001180-2-Pre--front--vetorlinha.txt
# Total de elementos: 768
# Formato: um valor por linha
#==================================================

1
1
1
1
1
1
1
1
1
1
1
1
1
1
1
1
1
1
1
1
1
1
1
1
1
1
1
1
1
1
1
1
1
1
1
1
1
1
1
1
1
1
1
1
1
1
1
1
1
1
1
1
1
1
1
1
1
1
1
1
1
1
1
1
1
1
1
1
1
1
1
1
1
1
1
1
1
1
1
1
1
1
1
1
1
1
1
1
1
1
1
1
1
1
1
1
1
1
1
1
1
1
1
1
1
1
1
1
1
1
1
1
1
1
1
1
1
1
1
1
1
1
1
1
1
1
9
19
25
29
33
36
38
40
42
44
46
47
48
50
50
52
52
54
54
56
56
56
58
58
58
59
60
60
60
60
60
60
60
60
60
59
58
58
59
64
66
67
67
67
67
67
66
65
65
65
63
63
63
61
59
59
58
57
52
49
48
48
47
47
47
46
45
44
44
43
43
43
43
43
43
43
42
42
42
42
41
41
42
44
45
48
52
56
59
102
108
151
274
291
320
328
338
356
434
472
478
485
491
496
502
512
507
499
502
508
513
519
524
537
487
483
478
473
468
462
454
430
390
386
382
377
372
270
255
203
188
177
168
161
156
152
149
147
145
145
143
143
142
141
140
139
137
136
135
133
131
129
128
127
126
125
124
122
122
120
119
118
117
116
115
113
113
111
111
110
110
108
108
108
106
106
106
104
104
102
102
101
101
100
100
100
100
100
100
101
101
99
99
99
99
99
99
97
97
97
96
95
95
94
93
93
93
92
92
92
92
92
92
92
93
93
93
93
93
94
94
94
94
95
95
97
97
97
98
100
100
102
104
106
107
108
110
110
112
113
114
115
116
117
117
118
118
119
120
120
120
122
122
122
122
122
124
124
124
124
125
126
126
127
128
128
129
129
130
131
131
131
131
133
133
133
133
135
135
135
136
136
136
137
138
138
138
140
140
140
140
140
140
140
140
140
140
140
140
140
140
140
140
140
140
140
140
140
139
138
138
138
138
138
138
138
138
137
137
137
137
137
136
136
136
136
136
136
136
136
136
135
135
135
135
135
134
134
134
134
134
134
133
133
132
132
132
131
131
131
130
130
130
129
129
128
127
127
126
125
125
123
123
123
122
121
120
120
118
118
117
116
116
115
114
113
113
112
111
111
110
109
109
109
108
107
107
107
106
106
105
105
105
105
105
105
104
104
104
104
105
105
105
105
105
104
104
104
104
104
104
104
104
104
104
104
104
105
105
105
105
105
106
106
106
107
107
107
107
108
108
108
108
108
109
109
109
109
110
110
110
110
110
110
110
110
110
110
110
110
109
109
109
109
109
109
109
108
108
107
107
107
107
106
105
105
105
105
104
103
103
103
102
101
101
101
100
99
99
99
98
97
97
97
96
96
95
95
94
94
94
94
93
92
92
92
92
91
90
90
90
90
89
88
88
88
88
88
86
86
86
86
86
85
84
84
84
84
85
85
85
85
85
86
86
86
88
88
88
89
89
90
90
90
90
90
90
90
91
91
91
92
92
94
94
95
96
96
97
97
98
99
100
102
103
104
105
105
107
107
107
109
109
109
109
109
109
109
108
108
106
104
103
101
100
98
94
45
43
1
1
1
1
1
1
1
1
1
1
1
1
1
1
1
1
1
1
1
1
1
1
1
1
1
1
1
1
1
1
1
1
1
1
1
1
1
1
1
1
1
1
1
1
1
1
1
1
1
1
1
1
1
1
1
1
1
1
1
1
1
1
1
