# Vetor de dados - syn_f003414-2-Pre--front--vetorcoluna.txt
# Total de elementos: 1024
# Formato: um valor por linha
#==================================================

1
1
1
1
1
1
1
1
1
1
1
1
1
1
1
1
1
1
1
1
1
1
1
1
1
1
1
1
1
1
1
1
1
1
1
1
1
1
1
1
1
1
1
1
1
1
1
1
1
1
1
1
1
1
1
1
1
1
1
1
1
1
1
1
1
1
1
1
1
1
1
1
1
1
1
1
1
1
1
1
1
1
1
1
1
1
1
1
1
1
1
1
1
1
1
1
1
1
1
1
1
1
1
1
1
1
1
1
1
1
1
1
1
1
1
1
1
1
1
1
1
1
1
1
1
1
1
1
1
1
1
1
1
1
1
1
1
1
1
1
1
1
1
1
1
1
1
1
1
1
1
1
1
1
1
1
1
1
1
1
1
1
1
1
1
1
1
1
1
1
1
1
1
1
1
1
1
1
1
1
1
1
1
1
1
1
1
1
1
1
1
1
1
1
1
1
1
1
1
1
1
1
1
1
1
1
1
1
1
1
1
1
1
1
1
1
1
1
1
1
1
1
1
1
1
1
3
8
8
8
8
8
8
8
8
8
8
9
9
9
9
9
9
9
9
9
9
12
12
12
17
18
19
20
20
20
20
20
19
19
19
20
20
19
19
19
19
20
20
20
20
20
21
21
21
21
21
22
21
21
21
22
21
21
21
20
21
20
19
20
20
20
20
21
21
21
21
21
21
21
22
22
22
22
22
22
23
23
23
23
23
25
25
25
25
25
25
26
26
26
26
27
28
28
28
28
28
28
30
30
30
30
30
30
31
31
31
31
31
31
32
33
33
33
33
33
33
33
34
34
34
35
35
35
35
35
35
35
35
35
35
36
36
36
36
36
36
36
36
36
36
35
35
35
35
35
35
35
35
35
35
35
35
35
35
35
35
35
35
35
35
35
35
35
35
35
36
36
36
36
36
36
36
36
36
36
36
36
37
37
37
37
37
37
37
37
37
38
37
37
37
37
37
37
38
38
38
38
38
39
39
39
39
40
41
41
41
42
42
42
43
43
45
46
48
50
53
55
57
58
58
59
61
63
64
67
69
72
267
271
273
275
278
281
284
287
382
385
388
391
395
399
471
472
473
473
473
474
475
475
474
474
475
475
476
476
478
477
477
476
473
472
471
531
487
483
479
474
468
461
453
420
417
413
410
405
399
374
365
357
352
346
340
335
323
322
335
340
344
350
355
361
370
380
401
407
411
414
417
420
458
465
471
476
480
484
487
553
479
480
482
482
482
482
481
481
480
479
477
478
479
478
479
478
478
477
477
476
475
401
397
393
389
385
381
288
285
282
279
276
273
269
266
73
71
67
63
61
59
58
57
56
53
51
49
47
46
44
43
41
40
40
39
38
37
36
36
36
34
34
34
34
34
34
34
33
34
34
34
34
34
34
34
34
34
34
34
34
34
34
34
34
34
33
33
32
32
32
32
32
32
32
32
32
32
32
32
32
32
31
31
31
31
31
31
31
31
32
32
33
33
33
33
33
33
33
33
33
34
35
35
35
34
34
34
34
34
34
34
34
34
34
34
34
34
33
33
33
32
32
32
32
31
31
31
31
31
31
30
29
29
29
29
29
29
29
28
28
27
27
27
27
27
26
26
25
25
25
25
25
25
24
24
24
23
23
23
22
22
22
22
22
21
21
21
20
19
19
19
19
19
19
19
19
18
17
18
18
17
18
18
18
19
20
18
19
19
20
19
19
19
19
20
18
18
18
18
18
18
17
18
18
18
18
19
20
18
19
19
19
19
19
19
18
18
16
10
10
9
9
9
9
9
9
9
9
9
9
9
8
8
8
8
8
8
8
8
3
1
1
1
1
1
1
1
1
1
1
1
1
1
1
1
1
1
1
1
1
1
1
1
1
1
1
1
1
1
1
1
1
1
1
1
1
1
1
1
1
1
1
1
1
1
1
1
1
1
1
1
1
1
1
1
1
1
1
1
1
1
1
1
1
1
1
1
1
1
1
1
1
1
1
1
1
1
1
1
1
1
1
1
1
1
1
1
1
1
1
1
1
1
1
1
1
1
1
1
1
1
1
1
1
1
1
1
1
1
1
1
1
1
1
1
1
1
1
1
1
1
1
1
1
1
1
1
1
1
1
1
1
1
1
1
1
1
1
1
1
1
1
1
1
1
1
1
1
1
1
1
1
1
1
1
1
1
1
1
1
1
1
1
1
1
1
1
1
1
1
1
1
1
1
1
1
1
1
1
1
1
1
1
1
1
1
1
1
1
1
1
1
1
1
1
1
1
1
1
1
1
1
1
1
1
1
1
1
1
1
1
1
1
1
1
1
1
1
1
1
1
1
1
1
1
1
