# Vetor de dados - syn_f000895-2-Pre--front--vetorlinha.txt
# Total de elementos: 768
# Formato: um valor por linha
#==================================================

1
1
1
1
1
1
1
1
1
1
1
1
1
1
1
1
1
1
1
1
1
1
1
1
1
1
1
1
1
1
1
1
1
1
1
1
1
1
1
1
1
1
1
1
1
1
1
1
1
1
1
1
1
1
1
1
1
1
1
1
1
1
1
1
1
1
1
1
1
1
1
1
1
1
1
1
1
1
1
1
1
1
1
1
1
1
1
1
1
1
1
1
1
1
1
1
1
1
1
1
1
1
1
1
1
1
1
1
1
1
1
1
1
1
1
1
1
1
1
1
1
1
1
1
8
20
25
29
33
36
39
41
43
45
47
48
50
51
52
53
55
56
57
57
58
59
59
60
61
61
61
62
62
62
62
62
62
62
62
62
61
60
60
62
67
69
69
69
69
69
69
67
67
67
66
65
65
65
63
61
61
59
59
54
51
51
50
50
49
48
47
46
46
46
45
45
44
44
44
44
44
44
44
44
45
45
45
45
45
45
45
46
48
50
54
59
64
70
76
125
162
172
180
188
200
218
269
284
303
317
332
378
389
399
407
415
424
434
442
450
458
467
477
491
498
512
521
536
540
543
547
550
553
554
539
547
553
562
562
398
371
367
363
361
151
149
149
147
147
146
146
146
144
144
144
142
141
140
139
138
138
136
136
136
134
134
133
133
133
132
132
131
131
130
130
129
129
128
128
127
126
125
124
124
122
120
119
117
116
115
114
114
113
112
112
112
110
110
109
109
109
108
108
108
108
108
108
107
107
106
106
106
105
105
105
103
103
103
102
102
102
102
101
101
101
101
101
102
102
103
103
105
106
107
108
109
110
111
111
113
114
115
116
118
118
120
121
122
122
123
124
125
126
126
126
127
127
127
128
128
128
128
128
129
129
129
129
128
128
127
127
127
127
127
127
127
127
127
127
126
126
126
126
126
126
128
128
128
128
128
128
130
130
130
130
130
132
132
132
132
132
132
132
132
132
132
132
132
133
133
133
133
133
132
132
132
132
132
132
132
132
132
131
131
131
130
130
130
130
130
130
130
129
129
129
129
129
128
128
128
128
127
127
127
127
127
125
125
125
125
125
124
123
123
123
121
121
121
119
119
119
118
117
117
117
116
115
115
115
114
113
113
113
112
111
111
111
110
109
109
109
109
109
107
107
107
107
105
105
105
105
104
103
103
103
102
102
102
101
101
101
101
101
101
101
101
101
101
101
101
101
101
101
101
101
101
101
100
100
100
100
100
100
100
101
102
102
102
102
102
103
103
103
104
105
105
105
106
107
107
107
108
109
109
110
110
110
111
112
112
112
112
112
113
113
114
114
114
114
114
114
114
114
114
114
114
114
114
113
113
113
113
113
112
112
112
112
111
111
111
110
110
110
109
109
109
108
108
108
107
106
106
106
105
105
105
104
104
103
103
102
102
102
100
100
100
100
99
98
98
98
97
96
96
96
95
94
94
94
93
92
92
91
90
90
89
89
89
88
88
88
87
87
87
87
88
88
88
88
88
88
89
88
88
88
88
87
87
87
87
87
89
89
89
91
91
91
92
93
94
95
97
99
100
102
102
103
104
105
107
108
109
108
108
108
108
108
108
107
106
104
99
97
93
39
37
1
1
1
1
1
1
1
1
1
1
1
1
1
1
1
1
1
1
1
1
1
1
1
1
1
1
1
1
1
1
1
1
1
1
1
1
1
1
1
1
1
1
1
1
1
1
1
1
1
1
1
1
1
1
1
1
1
1
1
1
1
1
