# Vetor de dados - syn_f002536-1-Pre--left--vetorlinha.txt
# Total de elementos: 768
# Formato: um valor por linha
#==================================================

1
1
1
1
1
1
1
1
1
1
1
1
1
1
1
1
1
1
1
1
1
1
1
1
1
1
1
1
1
1
1
1
1
1
1
1
1
1
1
1
1
1
1
1
1
1
1
1
1
1
1
1
1
1
1
1
1
1
1
1
1
1
1
1
1
1
1
1
1
1
1
1
1
1
1
1
1
1
1
1
1
1
1
1
1
1
1
1
1
1
1
1
1
1
1
1
1
1
1
1
1
1
1
4
22
28
35
40
43
47
50
53
55
57
59
61
63
64
66
68
69
70
71
72
73
74
75
75
76
77
77
77
77
77
78
78
79
79
79
79
79
79
79
79
80
79
80
81
81
81
81
82
83
83
83
83
81
81
79
77
74
73
72
71
70
69
68
66
66
65
65
64
63
62
62
62
62
62
62
62
62
61
60
59
58
55
52
50
48
47
47
47
48
47
48
49
48
49
50
49
50
51
51
51
52
52
53
52
53
54
54
172
180
188
198
229
233
237
243
251
260
266
283
304
306
306
306
306
304
303
301
299
290
290
289
271
268
267
217
211
207
201
195
189
184
176
171
164
157
149
131
124
119
113
97
95
96
97
97
99
99
100
99
99
99
100
100
100
101
101
99
100
100
100
100
99
99
99
99
99
98
97
97
97
96
96
95
94
93
92
90
90
89
89
88
88
88
89
89
89
89
89
90
90
90
90
90
90
90
91
90
90
91
91
91
92
91
91
91
92
92
92
93
93
92
92
93
93
93
93
94
94
94
93
93
94
94
94
94
93
93
94
94
94
94
94
94
94
95
95
95
95
95
96
96
97
97
97
98
98
99
99
100
100
101
101
101
102
103
103
103
104
105
105
105
105
106
106
107
108
108
108
108
109
109
109
109
110
110
110
109
109
109
110
110
109
109
109
109
108
108
108
108
108
107
107
106
106
105
104
104
103
103
102
101
101
99
98
97
97
96
96
94
93
91
91
90
90
90
90
89
89
89
88
89
88
88
87
86
86
86
85
85
84
83
83
82
81
81
80
80
79
78
78
77
77
76
76
76
75
75
75
75
75
73
73
73
73
73
73
73
73
71
71
71
71
71
71
70
70
70
70
70
70
69
69
69
69
68
68
68
67
66
66
66
66
65
65
65
65
65
64
64
64
64
63
63
63
62
62
61
60
60
60
59
59
59
58
58
58
57
57
57
56
56
56
55
55
55
55
55
54
54
54
54
54
54
54
53
53
53
54
54
55
54
54
55
55
55
55
55
55
55
54
55
54
54
54
54
54
54
53
54
53
53
52
52
52
51
52
51
51
51
50
49
49
49
49
48
48
47
47
47
47
47
47
47
47
47
47
47
47
47
48
48
48
48
48
47
47
48
48
48
48
48
48
47
47
47
47
47
47
47
46
46
46
46
46
46
46
45
44
44
44
44
44
43
43
43
42
42
42
41
41
41
40
40
40
40
40
39
39
39
39
39
39
38
38
38
38
38
38
38
37
37
37
37
37
38
38
38
38
39
39
39
40
41
41
43
45
47
49
50
54
56
58
61
69
72
74
76
77
80
82
83
85
87
89
90
91
91
91
90
91
91
70
54
57
61
63
66
69
74
77
79
82
85
86
89
91
93
93
92
92
91
88
85
82
72
67
63
58
53
49
43
41
35
1
1
1
1
1
1
1
1
1
1
1
1
1
1
1
1
1
1
1
1
1
1
1
1
1
1
1
1
1
1
1
1
1
1
1
1
1
1
1
1
1
