# Vetor de dados - syn_f000720-0-Pre--front--vetorcoluna.txt
# Total de elementos: 1024
# Formato: um valor por linha
#==================================================

1
1
1
1
1
1
1
1
1
1
1
1
1
1
1
1
1
1
1
1
1
1
1
1
1
1
1
1
1
1
1
1
1
1
1
1
1
1
1
1
1
1
1
1
1
1
1
1
1
1
1
1
1
1
1
1
1
1
1
1
1
1
1
1
1
1
1
1
1
1
1
1
1
1
1
1
1
1
1
1
1
1
1
1
1
1
1
1
1
1
1
1
1
1
1
1
1
1
1
1
1
1
1
1
1
1
1
1
1
1
1
1
1
1
1
1
1
1
1
1
1
1
1
1
1
1
1
1
1
1
1
1
1
1
1
1
1
1
1
1
1
1
1
1
1
1
1
1
1
1
1
1
1
1
1
1
1
1
1
1
1
1
1
1
1
1
1
1
1
1
1
1
1
1
1
1
1
1
1
1
1
1
1
1
1
1
1
1
1
1
1
1
1
1
1
1
1
1
1
1
1
1
1
1
1
1
1
1
1
1
1
1
1
1
1
1
1
1
1
1
12
12
13
13
13
13
13
13
13
13
13
13
13
13
12
12
12
12
13
13
13
13
13
20
20
21
21
21
21
21
21
21
21
21
20
20
19
19
20
20
19
19
21
21
21
21
22
22
21
21
22
22
21
22
22
21
22
21
21
21
20
21
20
19
19
19
19
19
19
19
18
20
20
20
20
20
20
20
20
20
21
21
21
21
22
22
22
22
22
22
22
23
23
23
24
24
24
25
25
25
25
26
26
26
26
27
27
27
27
27
28
28
28
28
28
29
29
29
30
29
29
30
30
30
30
30
30
31
31
31
31
31
31
31
32
33
33
33
33
33
33
34
34
34
34
34
34
34
34
34
34
34
34
34
34
34
34
34
34
34
34
34
34
33
33
33
33
33
33
33
33
33
34
34
34
34
34
35
35
35
35
36
36
36
36
36
37
37
37
37
37
38
38
38
38
39
39
39
40
40
40
40
39
40
40
40
40
40
41
41
41
41
42
42
42
42
42
44
44
44
45
46
48
49
51
53
54
57
59
62
269
272
275
279
282
286
290
294
300
306
316
380
386
392
398
404
411
417
488
488
488
488
488
489
491
491
491
490
489
489
490
491
492
493
493
494
494
493
493
490
502
498
495
490
486
482
477
473
469
462
434
429
426
423
421
418
406
378
370
362
352
328
327
338
354
360
365
369
376
392
416
420
423
424
426
428
432
437
467
473
478
482
485
489
493
497
501
572
498
498
498
498
497
497
496
494
495
495
495
495
495
494
493
492
492
491
491
490
488
424
418
412
405
398
392
386
308
301
296
292
287
282
277
273
61
59
57
57
55
54
53
51
50
48
47
46
46
45
45
45
44
44
43
43
43
42
42
42
42
41
41
41
41
41
41
40
40
40
40
40
39
39
39
39
39
38
38
38
38
38
37
37
37
37
36
36
36
35
35
35
35
35
35
35
35
35
34
34
34
34
34
34
34
34
34
34
35
35
35
35
35
35
36
36
36
36
36
36
36
36
36
35
35
35
35
35
34
34
34
33
33
32
32
32
32
32
32
31
31
31
31
31
31
31
29
29
29
29
29
29
28
28
28
28
27
27
26
26
26
26
25
25
24
24
24
24
24
24
22
22
22
22
22
22
22
22
21
21
20
20
20
20
19
19
19
19
19
18
18
18
18
18
18
18
17
17
17
17
17
17
16
16
16
16
15
16
16
17
18
18
18
18
19
19
20
18
19
19
19
19
20
18
18
18
18
18
18
18
19
19
18
18
19
19
20
20
20
19
19
19
18
18
18
16
10
10
10
9
9
9
8
8
8
9
9
9
9
9
9
9
8
8
8
8
8
1
1
1
1
1
1
1
1
1
1
1
1
1
1
1
1
1
1
1
1
1
1
1
1
1
1
1
1
1
1
1
1
1
1
1
1
1
1
1
1
1
1
1
1
1
1
1
1
1
1
1
1
1
1
1
1
1
1
1
1
1
1
1
1
1
1
1
1
1
1
1
1
1
1
1
1
1
1
1
1
1
1
1
1
1
1
1
1
1
1
1
1
1
1
1
1
1
1
1
1
1
1
1
1
1
1
1
1
1
1
1
1
1
1
1
1
1
1
1
1
1
1
1
1
1
1
1
1
1
1
1
1
1
1
1
1
1
1
1
1
1
1
1
1
1
1
1
1
1
1
1
1
1
1
1
1
1
1
1
1
1
1
1
1
1
1
1
1
1
1
1
1
1
1
1
1
1
1
1
1
1
1
1
1
1
1
1
1
1
1
1
1
1
1
1
1
1
1
1
1
1
1
1
1
1
1
1
1
1
1
1
1
1
1
1
1
1
1
1
