# Vetor de dados - syn_f002454-1-Pre--front--vetorcoluna.txt
# Total de elementos: 1024
# Formato: um valor por linha
#==================================================

1
1
1
1
1
1
1
1
1
1
1
1
1
1
1
1
1
1
1
1
1
1
1
1
1
1
1
1
1
1
1
1
1
1
1
1
1
1
1
1
1
1
1
1
1
1
1
1
1
1
1
1
1
1
1
1
1
1
1
1
1
1
1
1
1
1
1
1
1
1
1
1
1
1
1
1
1
1
1
1
1
1
1
1
1
1
1
1
1
1
1
1
1
1
1
1
1
1
1
1
1
1
1
1
1
1
1
1
1
1
1
1
1
1
1
1
1
1
1
1
1
1
1
1
1
1
1
1
1
1
1
1
1
1
1
1
1
1
1
1
1
1
1
1
1
1
1
1
1
1
1
1
1
1
1
1
1
1
1
1
1
1
1
1
1
1
1
1
1
1
1
1
1
1
1
1
1
1
1
1
1
1
1
1
1
1
1
1
1
1
1
1
1
1
1
1
1
1
1
1
1
1
1
1
1
1
1
1
1
1
1
1
1
1
1
1
1
1
1
1
1
1
1
1
1
1
1
1
1
1
1
1
1
10
10
10
10
10
10
12
12
12
12
12
12
12
12
12
12
12
12
12
17
19
20
20
21
21
19
21
21
21
21
20
20
19
19
19
19
19
21
21
21
21
21
21
21
22
22
22
22
22
22
22
22
22
21
22
21
21
21
21
21
21
21
21
21
23
23
23
23
24
24
24
25
25
25
25
26
26
26
26
27
27
27
29
29
29
29
30
30
30
31
31
31
32
33
33
34
34
34
34
35
35
37
37
37
37
37
38
38
38
38
39
39
39
39
39
39
40
40
41
41
41
41
41
42
42
42
42
42
42
43
43
42
42
42
42
42
42
42
43
43
43
42
42
42
43
43
43
43
42
42
42
43
43
43
43
43
43
43
43
43
43
43
43
44
44
44
44
44
45
45
44
44
44
44
44
45
45
45
45
45
45
45
45
45
45
44
44
44
44
45
45
44
44
44
44
44
44
44
44
44
44
44
44
44
45
47
50
52
53
55
58
60
61
79
84
273
276
278
279
282
285
288
292
300
304
380
384
388
392
396
399
401
465
466
468
468
468
467
468
470
470
471
471
471
470
470
470
471
474
475
476
477
478
479
480
556
545
529
521
500
495
491
487
484
482
479
475
472
468
464
432
429
427
424
422
420
419
417
413
408
413
417
419
421
423
425
429
433
459
468
473
477
480
482
486
487
490
493
495
499
520
528
549
554
555
555
554
477
477
477
475
475
473
473
473
474
474
474
473
473
472
471
471
471
471
470
469
400
396
391
388
384
379
310
305
300
293
289
286
282
279
276
62
59
60
62
60
59
57
55
52
51
50
49
48
48
48
47
47
47
47
46
46
46
45
45
45
45
45
45
45
45
46
45
45
45
46
45
45
45
45
46
46
45
44
44
44
44
44
44
44
44
43
43
43
43
43
43
42
42
42
42
42
42
42
42
41
41
41
41
41
41
41
41
41
41
40
41
41
41
41
41
41
41
41
41
40
40
40
40
40
40
40
40
40
40
40
40
40
40
40
40
40
40
40
40
40
39
39
39
39
39
38
38
38
38
37
37
36
36
35
35
35
34
34
34
34
32
32
32
31
31
30
29
29
29
28
28
27
27
26
26
26
26
25
24
24
24
24
24
24
23
23
22
23
23
23
23
23
24
24
24
25
26
26
26
27
27
27
27
28
28
28
28
28
28
28
28
28
28
28
29
29
29
30
30
30
31
31
31
31
31
31
31
31
31
30
23
23
23
23
23
1
1
1
1
1
1
1
1
1
1
1
1
1
1
1
1
1
1
1
1
1
1
1
1
1
1
1
1
1
1
1
1
1
1
1
1
1
1
1
1
1
1
1
1
1
1
1
1
1
1
1
1
1
1
1
1
1
1
1
1
1
1
1
1
1
1
1
1
1
1
1
1
1
1
1
1
1
1
1
1
1
1
1
1
1
1
1
1
1
1
1
1
1
1
1
1
1
1
1
1
1
1
1
1
1
1
1
1
1
1
1
1
1
1
1
1
1
1
1
1
1
1
1
1
1
1
1
1
1
1
1
1
1
1
1
1
1
1
1
1
1
1
1
1
1
1
1
1
1
1
1
1
1
1
1
1
1
1
1
1
1
1
1
1
1
1
1
1
1
1
1
1
1
1
1
1
1
1
1
1
1
1
1
1
1
1
1
1
1
1
1
1
1
1
1
1
1
1
1
1
1
1
1
1
1
1
1
1
1
1
1
1
1
1
1
1
1
1
1
1
1
1
1
1
1
1
1
1
1
1
1
1
1
1
1
1
1
1
1
1
1
1
1
1
1
1
1
1
1
