# Vetor de dados - syn_f000559-2-Pre--front--vetorlinha.txt
# Total de elementos: 768
# Formato: um valor por linha
#==================================================

1
1
1
1
1
1
1
1
1
1
1
1
1
1
1
1
1
1
1
1
1
1
1
1
1
1
1
1
1
1
1
1
1
1
1
1
1
1
1
1
1
1
1
1
1
1
1
1
1
1
1
1
1
1
1
1
1
1
1
1
1
1
1
1
1
1
1
1
1
1
1
1
1
1
1
1
1
1
1
1
1
1
1
1
1
1
1
1
1
1
1
1
1
1
1
1
1
1
1
1
1
1
1
1
1
1
1
1
1
1
1
1
1
8
21
26
30
34
38
40
42
44
46
48
50
51
53
53
55
56
57
59
59
61
61
61
63
63
63
64
64
64
65
65
65
65
65
64
65
64
64
64
64
65
69
72
72
73
73
72
72
72
72
71
70
70
70
69
68
67
66
64
64
63
57
57
56
56
56
55
54
54
52
52
50
49
49
48
48
48
47
47
47
48
48
47
47
48
48
47
49
53
57
63
67
70
74
77
81
84
141
239
251
292
307
326
350
369
417
427
438
448
459
469
491
513
520
529
537
541
542
543
539
530
533
540
545
549
556
562
506
511
507
502
497
491
485
466
436
428
419
414
409
329
317
301
214
204
198
156
155
154
153
152
152
152
150
150
150
149
148
147
146
145
144
143
142
142
141
140
140
140
139
138
138
138
138
137
137
136
136
136
136
134
134
134
134
133
133
133
133
133
132
131
131
131
129
128
126
125
124
125
125
126
127
127
127
127
127
127
128
128
129
129
130
130
130
130
130
130
129
129
129
129
128
127
127
127
127
127
126
127
127
127
128
128
129
130
131
133
133
135
135
137
138
139
139
140
141
142
143
143
143
143
145
145
145
145
145
145
145
145
146
146
146
146
145
145
145
145
145
145
145
145
144
144
143
143
143
144
144
145
145
145
145
145
145
146
146
146
146
147
147
148
148
149
150
150
151
152
152
152
154
154
154
154
154
155
156
156
156
156
156
157
157
158
158
157
156
156
156
156
156
156
156
156
156
155
155
155
154
154
154
154
154
154
153
153
153
152
152
152
151
151
151
150
150
150
149
149
149
148
148
147
147
147
147
145
145
144
144
143
142
141
141
140
139
139
138
137
137
136
136
135
135
134
134
134
133
133
132
132
131
131
131
131
129
129
129
128
128
127
127
127
126
126
125
125
124
124
124
124
124
124
123
123
122
122
122
122
122
122
122
121
121
121
121
121
121
121
119
119
119
119
119
118
118
118
118
118
119
119
119
119
119
119
120
120
120
121
122
122
122
123
124
124
124
125
125
126
126
127
127
127
127
127
128
129
129
129
129
129
129
129
129
129
129
129
129
129
127
127
127
127
127
127
127
125
125
125
125
125
124
123
123
123
122
121
121
121
120
119
119
118
118
117
117
116
115
115
115
114
113
113
113
111
111
111
111
109
109
109
109
107
107
107
106
105
105
105
105
103
103
103
103
101
101
101
101
101
100
100
99
99
99
99
99
99
99
99
99
99
99
99
99
100
100
101
101
101
101
101
101
101
103
103
103
103
103
103
103
103
104
104
105
105
106
106
108
108
109
110
111
112
113
114
115
117
117
119
120
121
123
124
125
126
126
127
127
127
126
126
124
123
120
119
117
115
113
108
104
52
52
51
47
1
1
1
1
1
1
1
1
1
1
1
1
1
1
1
1
1
1
1
1
1
1
1
1
1
1
1
1
1
1
1
1
1
1
1
1
1
1
1
1
1
1
1
1
1
1
1
1
1
1
1
1
1
