# Vetor de dados - syn_f000008-1-Pre--front--vetorlinha.txt
# Total de elementos: 768
# Formato: um valor por linha
#==================================================

1
1
1
1
1
1
1
1
1
1
1
1
1
1
1
1
1
1
1
1
1
1
1
1
1
1
1
1
1
1
1
1
1
1
1
1
1
1
1
1
1
1
1
1
1
1
1
1
1
1
1
1
1
1
1
1
1
1
1
1
1
1
1
1
1
1
1
1
1
1
1
1
1
1
1
1
1
1
1
1
1
1
1
1
1
1
1
1
1
1
1
1
1
1
1
1
1
1
1
1
1
1
1
1
1
1
8
22
26
30
34
37
40
42
44
46
48
50
50
52
53
54
55
57
58
59
59
60
61
61
62
63
63
63
64
64
64
64
64
64
64
64
64
63
63
63
63
63
67
70
72
72
72
72
71
70
70
70
69
68
68
68
66
66
64
62
61
61
58
52
52
52
52
50
50
50
48
48
47
46
45
44
43
43
43
44
44
43
43
43
43
43
43
43
42
42
43
44
45
48
52
59
67
76
157
172
188
206
303
320
341
363
383
437
451
465
480
493
510
540
559
579
581
584
588
592
596
601
604
606
600
617
619
619
619
618
617
529
520
493
489
481
473
468
462
455
336
316
302
283
242
182
170
163
158
156
155
153
151
151
149
149
147
146
145
143
141
139
137
137
135
134
132
132
130
130
129
129
127
127
127
125
125
125
124
123
123
122
121
121
119
119
117
117
116
116
116
116
117
117
117
117
117
117
118
118
118
117
117
116
116
116
115
115
115
115
115
113
113
113
113
113
113
113
112
112
112
112
112
112
112
113
114
114
116
116
117
119
119
120
121
121
122
122
124
124
124
126
126
127
128
128
130
130
132
132
133
134
134
135
136
136
138
138
138
138
140
140
140
140
141
141
141
141
142
142
142
143
143
143
143
143
143
143
143
145
145
145
145
147
147
147
148
149
149
149
151
151
151
153
153
153
155
155
155
156
157
157
158
159
159
159
159
160
161
161
161
161
161
162
163
163
163
163
162
162
162
162
161
161
161
160
160
160
160
160
160
159
158
158
158
158
157
157
156
156
156
155
155
154
154
153
153
153
152
151
151
149
149
149
148
147
147
146
145
144
144
144
142
142
142
140
140
140
138
138
138
136
136
136
136
134
134
134
132
132
132
131
130
130
130
128
128
128
128
126
126
126
126
124
124
124
124
123
122
122
122
121
120
120
120
119
119
119
119
118
118
118
118
118
117
117
117
117
117
117
117
116
116
116
115
115
115
115
115
114
114
114
114
114
114
114
114
114
114
114
114
115
115
115
115
115
115
116
117
117
117
117
118
119
119
119
120
120
120
121
121
121
121
121
122
122
122
122
122
122
122
122
122
122
122
122
122
122
122
122
122
121
121
121
121
121
120
120
120
119
119
119
118
118
118
117
117
117
117
116
116
115
115
115
114
114
114
113
113
112
112
112
112
111
110
110
110
110
109
109
108
108
108
108
108
108
106
106
106
106
106
105
104
104
104
104
103
102
102
102
102
102
100
100
100
100
100
98
98
98
98
98
98
98
98
98
98
98
98
98
99
99
100
100
100
100
100
100
100
100
100
100
100
100
99
100
101
101
101
103
103
103
105
105
107
107
109
110
111
112
114
115
116
117
118
119
119
121
121
123
122
122
122
121
121
120
120
118
118
113
112
111
110
104
100
47
42
1
1
1
1
1
1
1
1
1
1
1
1
1
1
1
1
1
1
1
1
1
1
1
1
1
1
1
1
1
1
1
1
1
1
1
1
1
1
1
1
1
1
1
1
1
