# Vetor de dados - syn_f001745-3-Pre--front--vetorlinha.txt
# Total de elementos: 768
# Formato: um valor por linha
#==================================================

1
1
1
1
1
1
1
1
1
1
1
1
1
1
1
1
1
1
1
1
1
1
1
1
1
1
1
1
1
1
1
1
1
1
1
1
1
1
1
1
1
1
1
1
1
1
1
1
1
1
1
1
1
1
1
1
1
1
1
1
1
1
1
1
1
1
1
1
1
1
1
1
1
1
1
1
1
1
1
1
1
1
1
1
1
1
1
1
1
1
1
1
1
1
1
1
1
1
1
1
1
1
1
1
1
1
1
1
1
1
1
1
1
1
1
1
1
1
1
1
1
1
1
1
1
1
1
1
1
1
1
1
1
1
1
18
24
28
32
35
37
39
41
43
45
47
48
49
50
51
52
54
54
54
56
56
56
58
58
58
58
58
58
58
58
58
58
58
58
57
57
58
61
64
64
64
64
64
64
64
62
62
62
61
60
59
57
57
55
53
51
47
47
47
46
46
45
44
44
44
42
40
40
40
39
39
39
39
39
39
39
39
39
40
41
42
45
47
50
53
57
61
71
105
114
120
152
159
258
266
273
282
297
321
333
349
385
401
412
422
432
440
461
479
482
486
489
491
494
497
495
488
491
494
497
500
502
505
424
420
372
367
367
364
358
362
360
356
354
353
352
139
134
132
131
129
128
128
128
126
126
124
124
122
121
120
119
118
117
116
116
115
114
113
113
111
111
110
109
109
107
107
105
105
103
103
101
101
99
98
98
97
97
98
97
97
97
97
97
97
97
97
97
96
95
95
95
95
95
93
93
93
93
93
91
91
91
91
91
92
92
92
92
92
92
92
92
92
92
92
92
93
93
93
94
95
96
97
99
100
101
103
104
106
108
108
110
112
112
114
114
116
116
117
118
118
120
120
120
121
122
122
122
124
124
124
124
124
126
126
126
127
128
128
129
130
130
131
132
132
133
134
134
136
136
136
138
138
140
140
141
142
142
143
144
145
146
147
147
148
149
149
151
151
151
152
153
153
153
155
155
155
155
157
157
157
157
157
157
157
157
157
157
157
157
157
157
157
157
157
157
157
157
157
156
156
156
155
155
154
154
154
154
154
153
152
152
152
152
151
150
150
150
149
148
148
148
146
146
144
143
142
140
139
138
137
136
135
135
133
133
131
131
130
129
128
127
126
126
124
124
122
122
121
120
120
118
118
118
117
116
116
115
114
114
114
114
113
113
112
112
112
112
112
112
112
111
110
110
110
110
110
110
109
109
108
108
108
109
109
109
109
110
111
111
112
113
113
114
115
116
116
117
117
118
118
119
120
120
120
121
121
122
122
122
122
122
123
123
123
123
123
123
124
124
124
123
123
123
123
122
122
122
121
121
121
121
121
121
120
119
119
119
118
118
117
117
117
117
116
115
115
115
113
113
113
112
111
111
111
110
109
109
109
108
107
107
107
105
105
105
105
103
103
103
103
101
101
101
101
99
99
99
97
97
97
96
95
95
95
93
93
92
91
91
91
91
92
92
92
92
92
92
92
92
92
91
91
92
92
92
94
94
94
95
96
96
98
99
100
102
102
104
106
106
106
107
108
108
109
109
110
111
110
111
111
111
112
111
110
108
104
103
101
93
90
38
1
1
1
1
1
1
1
1
1
1
1
1
1
1
1
1
1
1
1
1
1
1
1
1
1
1
1
1
1
1
1
1
1
1
1
1
1
1
1
1
1
1
1
1
1
1
1
1
1
1
1
1
1
1
1
1
1
1
1
1
1
1
1
1
1
1
1
1
1
1
1
