# Vetor de dados - syn_f003625-0-Pre--left--vetorlinha.txt
# Total de elementos: 768
# Formato: um valor por linha
#==================================================

1
1
1
1
1
1
1
1
1
1
1
1
1
1
1
1
1
1
1
1
1
1
1
1
1
1
1
1
1
1
1
1
1
1
1
1
1
1
1
1
1
1
1
1
1
1
1
1
1
1
1
1
1
1
1
1
1
1
1
1
1
1
1
1
1
1
1
1
1
1
1
1
1
1
1
1
1
1
1
1
1
1
1
1
1
1
1
1
1
1
1
1
1
1
1
1
1
1
1
1
1
1
1
1
1
1
1
12
24
32
36
41
45
49
50
54
56
58
60
62
64
66
68
69
70
71
72
74
74
74
76
76
77
78
79
79
79
79
79
79
79
79
80
80
79
79
80
80
81
81
81
81
82
83
83
83
84
85
85
84
84
82
81
79
78
76
75
74
74
73
72
70
70
69
68
68
67
66
66
65
64
64
64
64
64
64
63
62
62
61
60
57
54
51
50
49
49
50
49
50
50
51
51
52
52
53
53
54
55
55
55
56
56
56
60
66
71
77
80
84
88
92
157
165
172
177
183
190
200
209
218
227
232
235
240
244
249
255
262
266
273
281
288
300
301
301
302
301
299
296
293
286
284
201
193
185
171
159
134
125
118
112
105
106
106
106
107
108
108
109
109
109
109
109
110
110
110
111
111
111
111
111
110
110
110
110
109
108
107
107
106
105
105
103
102
102
100
100
101
101
101
101
102
101
101
102
102
102
102
102
102
102
102
102
102
102
101
101
102
101
101
101
101
101
101
101
101
100
101
101
101
101
101
101
101
101
101
101
101
100
100
100
101
101
100
100
99
100
100
99
99
100
100
100
101
101
102
102
103
104
104
105
105
106
106
108
108
109
109
109
110
110
111
111
113
113
113
114
113
114
114
114
115
114
115
115
115
115
115
115
115
115
115
115
115
114
114
114
114
114
113
113
112
112
111
111
110
110
109
109
108
108
107
107
106
105
104
103
103
102
101
101
101
100
100
99
99
98
97
97
96
95
95
94
94
93
93
92
92
91
90
90
89
88
87
86
85
85
84
84
84
83
82
81
81
81
80
80
80
79
79
78
77
77
77
77
76
75
75
75
75
74
73
73
73
73
72
72
72
72
70
70
70
70
69
69
69
69
68
68
67
66
66
66
65
65
65
65
64
64
64
62
62
62
61
61
61
60
60
60
58
58
57
57
57
56
56
55
55
54
53
53
53
52
52
52
52
52
51
51
51
52
52
52
52
51
51
51
52
52
52
53
53
53
54
54
53
54
54
54
55
54
54
55
54
54
54
54
53
54
53
53
53
53
53
52
52
51
52
51
51
50
50
49
49
48
49
49
48
48
48
48
48
47
47
47
47
47
47
47
48
48
48
47
47
47
47
47
48
48
48
48
48
47
47
47
47
47
47
47
46
46
46
46
46
46
46
45
45
45
44
44
44
44
43
43
43
43
43
43
41
41
41
41
41
41
39
39
39
39
39
39
38
38
38
37
37
37
37
37
37
37
37
37
37
37
37
37
37
38
38
39
39
40
41
43
44
46
48
51
54
56
58
64
67
69
71
73
75
76
77
79
81
82
82
82
83
83
83
82
41
42
43
44
45
48
49
51
54
57
60
63
67
71
73
75
78
79
82
85
88
87
87
85
84
84
83
79
70
61
54
48
41
35
30
30
1
1
1
1
1
1
1
1
1
1
1
1
1
1
1
1
1
1
1
1
1
1
1
1
1
1
1
1
1
1
1
1
1
1
1
1
1
1
1
1
1
1
