# Vetor de dados - syn_f002478-2-Pre--left--vetorlinha.txt
# Total de elementos: 768
# Formato: um valor por linha
#==================================================

1
1
1
1
1
1
1
1
1
1
1
1
1
1
1
1
1
1
1
1
1
1
1
1
1
1
1
1
1
1
1
1
1
1
1
1
1
1
1
1
1
1
1
1
1
1
1
1
1
1
1
1
1
1
1
1
1
1
1
1
1
1
1
1
1
1
1
1
1
1
1
1
1
1
1
1
1
1
1
1
1
1
1
1
1
1
1
1
1
1
1
1
1
1
1
1
1
1
1
1
1
1
1
1
1
1
1
1
1
1
1
1
1
1
1
1
1
1
1
1
18
27
33
38
42
46
48
51
54
56
58
60
62
64
66
67
69
69
71
72
72
73
74
75
75
77
77
77
77
77
78
78
78
78
79
79
80
80
81
80
81
82
83
84
83
84
85
86
85
86
86
85
84
82
81
78
78
76
76
75
74
73
73
71
70
70
69
69
67
67
66
66
66
66
66
66
66
65
64
63
63
60
56
50
48
47
47
47
47
46
47
46
47
46
47
47
46
47
46
47
47
47
48
48
48
49
49
52
57
162
171
181
191
203
210
214
217
222
229
237
243
257
266
278
279
279
279
277
275
274
270
264
263
245
197
192
186
180
174
166
158
149
138
97
84
86
86
87
88
88
89
90
90
91
91
92
92
93
93
93
93
93
93
94
94
93
93
93
93
92
92
92
92
92
92
91
91
91
91
90
90
89
88
87
87
86
84
83
82
79
79
79
79
79
79
79
78
78
77
77
77
77
77
76
76
77
77
77
77
76
77
77
77
78
78
78
77
78
78
78
79
79
79
79
79
78
78
79
79
79
79
79
78
78
78
77
77
78
77
77
78
77
77
78
78
79
80
81
81
82
82
84
85
86
87
87
88
90
90
91
91
92
92
93
94
94
94
95
95
95
95
96
96
96
96
96
97
96
96
97
97
96
96
96
97
96
96
96
95
95
95
94
94
94
94
94
94
94
92
92
91
91
91
91
92
91
91
92
91
91
91
91
91
91
91
90
90
89
90
90
89
89
88
87
87
86
85
84
82
82
80
79
79
78
78
77
77
76
76
74
75
75
75
75
75
75
75
74
74
74
74
74
74
73
73
72
72
72
71
71
71
71
71
70
70
70
70
70
69
69
69
68
68
67
67
67
67
67
66
66
65
65
65
64
64
64
64
62
62
62
61
61
61
61
59
59
59
58
58
58
57
57
57
55
55
55
54
54
53
53
53
52
53
53
53
53
52
52
52
53
53
53
53
53
54
54
54
54
54
55
55
55
55
55
55
55
55
54
55
55
54
54
54
53
54
53
53
53
52
52
51
51
51
51
50
49
49
49
48
49
49
49
49
49
48
48
48
48
48
48
48
48
48
48
49
48
48
48
48
49
49
49
49
49
48
48
48
48
48
48
48
47
47
47
47
47
46
45
45
45
45
45
43
43
43
43
43
42
41
41
41
40
40
40
39
38
38
38
38
37
37
37
37
38
37
37
37
38
38
38
39
39
40
41
42
43
45
47
48
51
54
55
58
60
62
68
70
71
75
76
77
78
79
80
82
83
83
83
83
43
44
46
49
51
53
55
57
61
63
66
70
72
75
78
82
84
86
88
90
90
89
88
84
85
84
81
58
50
43
40
34
1
1
1
1
1
1
1
1
1
1
1
1
1
1
1
1
1
1
1
1
1
1
1
1
1
1
1
1
1
1
1
1
1
1
1
1
1
1
1
1
1
1
1
1
1
1
1
1
1
1
1
1
1
1
1
1
1
