# Vetor de dados - syn_f001808-3-Pre--front--vetorcoluna.txt
# Total de elementos: 1024
# Formato: um valor por linha
#==================================================

1
1
1
1
1
1
1
1
1
1
1
1
1
1
1
1
1
1
1
1
1
1
1
1
1
1
1
1
1
1
1
1
1
1
1
1
1
1
1
1
1
1
1
1
1
1
1
1
1
1
1
1
1
1
1
1
1
1
1
1
1
1
1
1
1
1
1
1
1
1
1
1
1
1
1
1
1
1
1
1
1
1
1
1
1
1
1
1
1
1
1
1
1
1
1
1
1
1
1
1
1
1
1
1
1
1
1
1
1
1
1
1
1
1
1
1
1
1
1
1
1
1
1
1
1
1
1
1
1
1
1
1
1
1
1
1
1
1
1
1
1
1
1
1
1
1
1
1
1
1
1
1
1
1
1
1
1
1
1
1
1
1
1
1
1
1
1
1
1
1
1
1
1
1
1
1
1
1
1
1
1
1
1
1
1
1
1
1
1
1
1
1
1
1
1
1
1
1
1
1
1
1
1
1
1
1
1
1
1
1
1
1
1
1
1
1
1
1
1
1
1
1
1
1
1
1
1
1
1
1
1
1
1
1
1
1
1
1
1
1
1
1
1
1
1
14
14
16
18
18
18
19
19
19
19
19
19
19
18
20
19
19
19
19
19
19
19
21
21
21
21
21
21
22
22
21
21
22
22
22
21
22
21
21
21
21
21
21
21
21
21
22
22
22
22
22
22
22
22
23
23
23
23
23
24
24
24
24
25
26
26
26
26
26
27
27
27
28
29
29
29
29
29
29
31
31
31
31
31
32
32
32
32
32
33
33
33
33
33
34
34
34
34
34
35
35
35
35
35
36
36
36
36
36
36
36
36
36
36
36
36
35
35
36
36
36
35
35
35
35
35
34
34
34
34
34
35
35
35
35
35
35
35
35
35
35
35
34
34
34
34
35
35
35
35
35
35
35
35
36
37
37
37
37
37
37
37
38
38
38
38
38
39
39
39
39
39
39
39
39
39
39
39
39
40
40
40
40
41
41
41
41
42
42
42
43
44
45
46
50
53
56
58
60
62
62
64
66
67
68
68
275
277
280
283
286
289
292
378
381
385
388
392
395
399
402
470
472
473
475
475
474
475
476
476
477
477
477
477
478
479
480
480
481
480
479
475
545
530
525
490
485
480
475
469
462
456
449
423
418
414
412
409
407
404
400
388
369
361
354
345
348
353
361
371
382
400
404
406
409
410
414
419
448
454
459
465
471
479
483
485
488
492
515
522
477
479
479
480
479
478
477
476
476
474
473
474
474
474
474
472
471
472
472
472
469
468
399
395
391
388
383
380
377
293
290
285
282
279
276
71
70
68
66
65
63
61
59
57
56
53
50
48
47
46
45
44
44
43
43
43
43
42
42
41
41
41
41
41
41
40
40
40
40
40
40
40
40
40
39
39
39
39
38
38
38
38
38
38
38
38
37
37
37
37
37
36
36
36
36
36
36
35
35
35
35
35
35
34
34
35
35
35
35
35
35
35
35
35
35
35
35
36
36
36
35
36
36
36
36
36
36
36
37
37
37
37
37
37
37
37
37
37
36
36
36
36
36
36
36
36
36
36
35
34
34
34
34
34
34
33
33
32
32
32
31
31
31
31
30
29
29
29
29
29
29
27
27
27
27
27
26
26
26
26
26
24
24
24
24
24
23
23
23
23
21
21
21
21
21
20
19
19
19
19
18
18
18
19
20
19
20
20
21
21
19
20
21
21
21
21
19
19
19
20
19
20
20
18
19
19
19
19
20
20
21
19
19
19
19
19
19
19
19
18
17
10
10
10
10
10
9
9
9
8
8
8
8
8
8
8
8
8
8
8
8
8
6
1
1
1
1
1
1
1
1
1
1
1
1
1
1
1
1
1
1
1
1
1
1
1
1
1
1
1
1
1
1
1
1
1
1
1
1
1
1
1
1
1
1
1
1
1
1
1
1
1
1
1
1
1
1
1
1
1
1
1
1
1
1
1
1
1
1
1
1
1
1
1
1
1
1
1
1
1
1
1
1
1
1
1
1
1
1
1
1
1
1
1
1
1
1
1
1
1
1
1
1
1
1
1
1
1
1
1
1
1
1
1
1
1
1
1
1
1
1
1
1
1
1
1
1
1
1
1
1
1
1
1
1
1
1
1
1
1
1
1
1
1
1
1
1
1
1
1
1
1
1
1
1
1
1
1
1
1
1
1
1
1
1
1
1
1
1
1
1
1
1
1
1
1
1
1
1
1
1
1
1
1
1
1
1
1
1
1
1
1
1
1
1
1
1
1
1
1
1
1
1
1
1
1
1
1
1
1
1
1
1
1
1
1
1
1
1
1
1
1
1
1
1
1
1
1
1
