# Vetor de dados - syn_f001225-2-Pre--front--vetorlinha.txt
# Total de elementos: 768
# Formato: um valor por linha
#==================================================

1
1
1
1
1
1
1
1
1
1
1
1
1
1
1
1
1
1
1
1
1
1
1
1
1
1
1
1
1
1
1
1
1
1
1
1
1
1
1
1
1
1
1
1
1
1
1
1
1
1
1
1
1
1
1
1
1
1
1
1
1
1
1
1
1
1
1
1
1
1
1
1
1
1
1
1
1
1
1
1
1
1
1
1
1
1
1
1
1
1
1
1
1
1
1
1
1
1
1
1
1
1
1
1
1
1
1
1
1
1
12
22
26
30
34
36
38
40
42
44
46
47
48
50
51
52
53
55
55
55
57
57
57
59
59
59
59
59
59
60
60
60
59
59
59
59
59
59
61
65
66
66
66
66
66
66
66
64
64
64
64
62
62
60
59
58
56
53
49
48
48
47
46
46
46
44
44
44
43
43
43
43
43
44
44
44
44
44
44
44
44
44
44
44
44
46
49
53
57
61
65
73
82
88
96
109
136
156
172
186
199
209
275
289
303
315
326
341
371
381
391
434
443
452
462
473
483
502
521
525
529
534
542
550
552
538
539
543
546
550
554
484
480
477
475
464
379
387
386
385
383
382
381
379
358
149
148
146
146
145
143
143
141
141
139
138
137
135
133
131
129
127
127
125
124
123
122
122
120
120
119
118
118
117
117
115
115
115
114
113
113
112
111
111
110
108
107
105
105
103
103
103
103
102
101
101
101
101
101
101
101
101
101
100
99
99
99
99
100
99
99
99
98
98
98
98
98
98
98
97
97
97
95
95
94
93
93
93
93
93
95
95
97
98
99
101
102
104
105
107
108
110
111
113
115
117
117
119
121
121
123
123
124
125
126
127
127
127
127
128
129
129
129
129
129
129
130
131
131
131
131
131
131
131
131
132
133
133
133
134
134
134
136
136
136
136
138
138
138
139
140
140
140
140
142
142
142
142
144
144
144
145
146
146
146
146
146
146
146
147
147
147
147
147
147
148
148
148
148
147
147
147
146
146
146
146
146
146
146
146
146
145
144
144
144
144
144
143
143
142
142
142
142
141
141
141
141
139
139
139
137
137
137
136
135
135
134
134
133
133
132
131
131
130
129
129
129
128
127
127
127
127
125
125
125
125
125
123
123
123
123
123
122
121
121
121
121
120
119
119
119
118
118
118
117
117
117
116
116
116
115
115
114
114
114
114
114
114
113
113
113
113
112
112
112
112
112
112
112
112
112
111
112
112
111
110
110
110
110
109
109
109
109
109
109
109
109
109
109
109
109
109
109
109
109
109
110
110
111
111
111
112
112
112
113
113
113
114
114
114
114
114
115
116
116
116
116
116
116
116
116
116
116
116
116
116
116
116
116
116
116
116
116
116
115
114
114
114
114
114
114
114
113
113
112
112
112
112
111
111
111
110
109
109
109
108
108
107
107
106
106
106
105
105
104
104
104
103
102
102
102
101
101
100
100
100
100
99
98
98
98
98
97
96
96
96
96
96
94
94
94
94
94
93
92
92
92
92
92
92
92
92
92
92
93
93
93
94
94
94
94
94
94
94
94
94
95
95
95
97
97
97
98
99
99
99
100
101
102
103
104
105
105
107
107
107
108
108
108
108
108
108
107
107
107
107
107
107
106
105
103
102
100
98
95
44
43
1
1
1
1
1
1
1
1
1
1
1
1
1
1
1
1
1
1
1
1
1
1
1
1
1
1
1
1
1
1
1
1
1
1
1
1
1
1
1
1
1
1
1
1
1
1
1
1
1
1
1
