# Vetor de dados - syn_f002938-1-Pre--front--vetorcoluna.txt
# Total de elementos: 1024
# Formato: um valor por linha
#==================================================

1
1
1
1
1
1
1
1
1
1
1
1
1
1
1
1
1
1
1
1
1
1
1
1
1
1
1
1
1
1
1
1
1
1
1
1
1
1
1
1
1
1
1
1
1
1
1
1
1
1
1
1
1
1
1
1
1
1
1
1
1
1
1
1
1
1
1
1
1
1
1
1
1
1
1
1
1
1
1
1
1
1
1
1
1
1
1
1
1
1
1
1
1
1
1
1
1
1
1
1
1
1
1
1
1
1
1
1
1
1
1
1
1
1
1
1
1
1
1
1
1
1
1
1
1
1
1
1
1
1
1
1
1
1
1
1
1
1
1
1
1
1
1
1
1
1
1
1
1
1
1
1
1
1
1
1
1
1
1
1
1
1
1
1
1
1
1
1
1
1
1
1
1
1
1
1
1
1
1
1
1
1
1
1
1
1
1
1
1
1
1
1
1
1
1
1
1
1
1
1
1
1
1
1
1
1
1
1
1
1
1
1
1
1
1
1
1
1
1
1
1
1
1
1
1
1
1
10
10
10
10
10
10
12
12
12
12
12
12
12
12
12
12
12
12
12
12
18
19
19
19
19
20
20
19
19
21
21
20
20
20
19
19
19
19
20
21
21
21
21
21
22
22
22
21
21
22
22
22
21
21
21
21
20
19
19
20
19
19
19
19
19
20
20
20
21
21
21
21
21
22
22
22
22
22
23
23
23
23
24
24
24
24
24
26
26
26
26
26
27
28
28
28
28
29
29
30
30
30
30
31
31
31
32
32
32
32
33
33
33
33
33
33
34
34
35
35
35
35
35
36
36
36
36
36
37
37
37
37
37
37
37
37
37
37
37
37
37
37
37
37
37
36
36
36
36
36
36
36
36
36
36
36
36
35
35
36
36
36
35
35
35
35
35
36
36
35
35
35
35
35
35
35
35
35
36
36
36
36
36
36
36
36
36
36
36
37
37
37
37
37
38
38
38
38
38
39
39
39
39
40
40
40
40
42
42
43
43
45
46
47
48
48
50
51
53
55
57
59
66
75
80
82
85
86
87
249
255
261
266
269
272
276
279
284
389
394
400
405
410
479
479
482
483
483
484
485
487
487
487
487
487
486
486
488
489
489
491
563
565
564
565
563
487
483
479
474
470
466
462
427
423
420
417
414
410
403
366
359
355
352
347
344
343
344
346
349
352
356
360
364
405
409
412
413
417
419
455
460
463
466
470
473
478
482
493
564
562
487
486
486
484
484
481
481
482
481
482
482
482
481
480
479
480
480
479
478
413
408
404
399
392
386
286
283
279
277
274
271
269
266
260
83
79
65
63
62
62
59
57
55
53
51
49
47
46
44
43
42
42
41
41
40
39
39
39
38
38
38
37
37
37
37
37
36
36
36
36
36
36
36
35
35
35
35
35
35
35
35
34
34
34
34
34
34
34
34
34
33
33
34
34
34
34
34
34
34
34
35
35
35
35
36
36
36
36
36
37
37
37
37
37
38
38
38
38
37
37
37
37
37
37
37
37
37
37
37
37
37
37
36
36
36
36
36
36
36
35
34
34
34
34
34
33
33
33
33
33
32
32
31
31
31
31
31
31
31
31
29
29
29
29
29
29
28
28
28
28
28
26
26
26
26
26
25
25
25
25
25
24
24
24
23
22
22
22
22
22
21
21
21
21
19
19
20
20
20
19
19
20
21
21
21
21
22
22
21
21
21
22
22
22
21
21
21
21
21
21
21
19
19
20
20
20
21
21
21
22
21
21
21
21
21
21
21
20
20
18
12
12
12
12
12
12
12
10
10
10
10
10
10
10
10
10
10
10
10
10
10
10
1
1
1
1
1
1
1
1
1
1
1
1
1
1
1
1
1
1
1
1
1
1
1
1
1
1
1
1
1
1
1
1
1
1
1
1
1
1
1
1
1
1
1
1
1
1
1
1
1
1
1
1
1
1
1
1
1
1
1
1
1
1
1
1
1
1
1
1
1
1
1
1
1
1
1
1
1
1
1
1
1
1
1
1
1
1
1
1
1
1
1
1
1
1
1
1
1
1
1
1
1
1
1
1
1
1
1
1
1
1
1
1
1
1
1
1
1
1
1
1
1
1
1
1
1
1
1
1
1
1
1
1
1
1
1
1
1
1
1
1
1
1
1
1
1
1
1
1
1
1
1
1
1
1
1
1
1
1
1
1
1
1
1
1
1
1
1
1
1
1
1
1
1
1
1
1
1
1
1
1
1
1
1
1
1
1
1
1
1
1
1
1
1
1
1
1
1
1
1
1
1
1
1
1
1
1
1
1
1
1
1
1
1
1
1
1
1
1
1
1
1
1
1
1
