# Vetor de dados - syn_f003786-3-Pre--left--vetorlinha.txt
# Total de elementos: 768
# Formato: um valor por linha
#==================================================

1
1
1
1
1
1
1
1
1
1
1
1
1
1
1
1
1
1
1
1
1
1
1
1
1
1
1
1
1
1
1
1
1
1
1
1
1
1
1
1
1
1
1
1
1
1
1
1
1
1
1
1
1
1
1
1
1
1
1
1
1
1
1
1
1
1
1
1
1
1
1
1
1
1
1
1
1
1
1
1
1
1
1
1
1
1
1
1
1
1
1
1
1
1
1
1
1
1
1
1
1
1
1
1
1
1
1
1
1
1
1
1
1
1
1
1
1
1
1
1
1
1
1
1
1
1
1
1
1
1
1
1
1
1
1
1
1
1
20
27
32
37
41
45
47
50
52
54
56
58
60
61
63
64
65
67
67
69
69
70
71
72
72
72
73
73
73
73
73
73
73
73
73
73
74
74
74
74
74
75
76
75
76
77
78
77
78
77
77
75
74
72
70
70
69
68
68
67
66
65
66
65
64
64
64
64
63
63
62
63
63
63
62
61
59
57
52
49
49
48
49
49
49
49
49
50
49
50
50
51
50
51
52
52
53
54
54
55
61
82
157
163
170
176
183
190
195
202
207
211
214
220
226
232
239
250
258
269
269
270
269
268
265
263
257
255
253
234
188
182
174
164
145
99
93
92
93
94
94
96
96
96
97
97
97
97
97
98
97
97
97
97
97
97
99
99
99
99
99
99
99
98
98
98
98
97
97
96
95
94
94
93
93
92
92
91
92
92
92
93
92
92
92
92
91
91
91
90
90
90
90
88
88
87
87
86
86
85
84
84
83
83
81
81
81
81
80
79
79
79
78
77
76
76
76
75
75
74
74
75
76
78
79
80
81
82
83
84
84
86
87
87
89
89
89
91
91
92
93
93
93
93
94
95
95
95
95
95
96
96
96
96
96
96
96
96
96
96
96
94
94
94
94
94
93
92
92
92
91
90
90
89
88
87
86
86
85
84
83
81
81
80
80
80
80
79
78
78
78
78
77
76
75
74
74
73
72
72
71
71
71
71
72
73
73
73
73
75
75
75
76
76
76
76
76
76
77
77
77
77
77
77
77
77
77
77
77
77
76
77
77
77
77
77
77
77
77
75
76
75
75
75
75
75
75
75
73
73
73
73
73
72
72
72
71
70
70
70
69
68
68
68
66
66
65
65
63
63
63
61
61
60
59
59
57
57
56
56
55
55
54
52
52
52
51
51
51
51
51
51
51
51
52
51
52
52
52
52
52
52
53
52
53
53
53
53
52
52
52
52
52
52
51
52
51
52
51
51
51
50
51
51
50
50
50
51
51
51
51
51
50
50
50
50
51
51
51
51
51
51
52
52
52
52
52
53
51
51
51
51
51
51
51
51
51
51
50
50
49
49
49
49
48
48
47
47
46
46
45
45
44
44
43
42
42
42
40
40
40
39
38
38
38
37
36
36
36
35
35
35
34
33
33
33
33
33
34
33
33
34
35
35
36
37
39
41
42
44
46
49
51
54
55
58
61
65
67
69
71
72
74
75
77
77
77
77
77
76
47
48
50
52
56
60
66
68
71
76
77
79
81
84
85
84
83
82
79
79
78
72
58
51
45
41
36
34
1
1
1
1
1
1
1
1
1
1
1
1
1
1
1
1
1
1
1
1
1
1
1
1
1
1
1
1
1
1
1
1
1
1
1
1
1
1
1
1
1
1
1
1
1
1
1
1
1
1
1
1
1
1
1
1
1
1
1
1
1
1
1
1
1
1
1
1
1
1
1
1
