# Vetor de dados - syn_f003768-3-Pre--front--vetorcoluna.txt
# Total de elementos: 1024
# Formato: um valor por linha
#==================================================

1
1
1
1
1
1
1
1
1
1
1
1
1
1
1
1
1
1
1
1
1
1
1
1
1
1
1
1
1
1
1
1
1
1
1
1
1
1
1
1
1
1
1
1
1
1
1
1
1
1
1
1
1
1
1
1
1
1
1
1
1
1
1
1
1
1
1
1
1
1
1
1
1
1
1
1
1
1
1
1
1
1
1
1
1
1
1
1
1
1
1
1
1
1
1
1
1
1
1
1
1
1
1
1
1
1
1
1
1
1
1
1
1
1
1
1
1
1
1
1
1
1
1
1
1
1
1
1
1
1
1
1
1
1
1
1
1
1
1
1
1
1
1
1
1
1
1
1
1
1
1
1
1
1
1
1
1
1
1
1
1
1
1
1
1
1
1
1
1
1
1
1
1
1
1
1
1
1
1
1
1
1
1
1
1
1
1
1
1
1
1
1
1
1
1
1
1
1
1
1
1
1
1
1
1
1
1
1
1
1
1
1
1
1
1
1
1
1
1
1
1
1
1
1
1
1
1
1
1
1
1
1
1
1
1
1
1
18
18
18
18
18
18
19
18
18
18
20
19
19
19
19
19
19
20
20
20
20
20
21
21
21
22
22
22
22
23
23
23
23
24
24
24
25
25
25
25
26
26
26
26
26
26
26
26
27
27
27
27
27
27
27
27
27
28
28
28
28
28
28
28
28
29
29
29
29
30
30
30
30
31
31
31
32
32
32
33
33
33
33
33
34
35
35
35
35
35
35
35
36
36
36
36
36
36
36
36
36
37
37
37
37
37
37
37
37
37
37
37
37
37
37
37
37
37
37
37
36
36
36
36
36
36
36
35
35
35
35
35
35
35
35
34
34
34
34
33
33
33
34
35
35
35
35
35
35
35
35
35
37
37
37
37
37
37
37
37
37
37
37
37
37
38
39
39
39
39
39
39
39
39
39
39
39
38
38
38
38
38
38
38
38
39
39
39
40
41
41
41
42
42
42
44
44
44
45
46
47
48
49
53
57
61
63
64
66
67
68
69
70
72
74
75
64
69
299
302
305
308
311
314
414
418
422
425
428
432
436
509
510
511
511
512
512
513
515
515
516
515
515
515
515
517
519
521
522
524
525
526
525
525
524
533
527
523
519
515
511
506
502
496
456
449
444
438
418
396
382
375
371
364
353
344
346
359
369
375
380
386
393
402
409
418
431
437
442
447
495
501
505
509
514
519
523
528
534
479
519
521
521
522
522
521
521
520
519
518
517
516
516
516
516
515
514
513
514
513
513
512
511
434
430
425
421
416
413
409
405
309
305
302
299
297
293
74
71
69
67
65
63
62
60
57
54
51
49
47
47
46
45
45
43
43
43
42
41
41
41
40
39
39
39
39
39
38
38
38
38
38
38
38
38
38
38
38
38
38
38
38
38
38
38
38
37
37
37
37
37
37
37
37
37
37
36
36
36
36
36
36
36
35
35
35
34
34
34
34
34
33
33
33
33
34
34
34
34
34
34
34
34
35
36
36
36
36
36
37
37
37
37
37
37
36
36
36
36
36
36
36
37
37
36
36
36
36
36
36
36
36
36
36
36
36
35
35
35
35
35
34
34
34
33
33
33
33
33
33
32
32
32
32
32
31
30
30
30
30
29
29
29
29
29
28
27
27
27
27
26
26
25
25
25
24
24
24
23
23
22
22
22
22
21
21
21
20
20
20
20
21
20
21
21
21
21
21
21
21
21
21
21
21
20
20
20
20
19
19
19
19
19
18
18
19
19
20
20
19
19
19
20
20
18
18
18
18
17
10
10
10
10
10
10
10
9
9
9
9
9
9
9
8
8
8
8
8
8
9
1
1
1
1
1
1
1
1
1
1
1
1
1
1
1
1
1
1
1
1
1
1
1
1
1
1
1
1
1
1
1
1
1
1
1
1
1
1
1
1
1
1
1
1
1
1
1
1
1
1
1
1
1
1
1
1
1
1
1
1
1
1
1
1
1
1
1
1
1
1
1
1
1
1
1
1
1
1
1
1
1
1
1
1
1
1
1
1
1
1
1
1
1
1
1
1
1
1
1
1
1
1
1
1
1
1
1
1
1
1
1
1
1
1
1
1
1
1
1
1
1
1
1
1
1
1
1
1
1
1
1
1
1
1
1
1
1
1
1
1
1
1
1
1
1
1
1
1
1
1
1
1
1
1
1
1
1
1
1
1
1
1
1
1
1
1
1
1
1
1
1
1
1
1
1
1
1
1
1
1
1
1
1
1
1
1
1
1
1
1
1
1
1
1
1
1
1
1
1
1
1
1
1
1
1
1
1
1
1
1
1
1
1
1
1
1
1
