# Vetor de dados - syn_f002769-2-Pre--left--vetorlinha.txt
# Total de elementos: 768
# Formato: um valor por linha
#==================================================

1
1
1
1
1
1
1
1
1
1
1
1
1
1
1
1
1
1
1
1
1
1
1
1
1
1
1
1
1
1
1
1
1
1
1
1
1
1
1
1
1
1
1
1
1
1
1
1
1
1
1
1
1
1
1
1
1
1
1
1
1
1
1
1
1
1
1
1
1
1
1
1
1
1
1
1
1
1
1
1
1
1
1
1
1
1
1
1
1
1
1
1
1
1
1
1
1
1
1
1
1
1
1
1
1
1
1
1
1
1
1
1
1
1
21
29
35
39
43
48
51
54
56
58
60
62
64
66
67
69
70
71
72
73
75
75
77
77
78
78
78
79
79
79
79
79
80
80
80
80
80
81
81
80
80
81
81
82
81
82
83
83
83
84
85
84
85
84
83
82
81
77
75
74
73
72
71
70
70
69
69
68
67
67
67
67
66
66
66
66
66
66
67
66
65
66
64
63
62
59
58
57
56
55
54
55
55
55
56
55
56
56
57
58
57
58
59
58
59
60
60
61
62
62
69
79
86
94
102
111
119
165
171
177
182
186
190
196
203
210
217
222
227
231
235
239
244
250
255
261
265
272
281
287
294
304
305
305
304
303
302
299
297
287
286
206
200
195
188
179
165
125
117
108
109
109
110
111
111
111
111
111
111
112
112
112
112
112
112
112
112
112
111
111
111
111
111
111
110
110
110
110
109
108
108
107
107
107
105
105
105
105
104
104
104
105
105
104
104
105
105
104
104
105
104
104
104
104
104
104
103
103
103
102
102
102
102
101
101
101
101
101
101
101
101
101
100
100
100
100
99
100
100
99
99
100
101
102
101
103
103
103
104
104
104
104
105
105
106
108
108
109
110
111
112
113
113
115
116
116
117
117
118
119
119
120
120
120
121
121
121
121
122
122
122
122
122
122
122
123
122
122
122
122
123
123
123
122
122
122
122
121
121
121
120
120
120
119
119
117
117
117
116
115
114
114
113
112
111
110
109
107
106
104
103
102
101
100
99
98
98
97
96
95
94
93
93
92
91
90
89
89
88
88
87
87
88
87
87
87
87
86
86
85
85
85
85
85
85
85
84
84
84
84
84
83
83
83
82
82
82
82
81
81
81
81
81
80
80
79
79
79
78
78
78
78
78
78
77
77
77
77
77
77
76
76
75
75
74
74
74
74
74
73
73
72
72
71
70
70
69
69
69
67
67
66
66
66
64
64
63
63
62
62
61
61
60
60
59
58
57
57
57
57
57
56
57
56
57
56
57
56
57
56
57
56
56
56
56
56
55
56
55
56
55
55
55
54
55
54
55
54
53
52
53
52
52
52
52
51
51
51
50
50
50
50
50
50
49
49
50
50
50
50
50
50
50
50
50
50
50
51
51
51
51
51
50
50
50
50
50
50
50
50
49
50
49
49
49
48
48
48
47
47
47
47
46
46
45
45
45
43
43
43
43
42
42
41
40
40
40
39
39
39
39
38
38
38
38
38
38
38
38
39
38
39
39
40
41
41
42
43
45
47
49
51
54
56
58
62
64
66
70
72
73
76
79
82
83
84
86
85
85
85
84
85
84
44
45
48
50
51
53
56
60
63
66
70
72
75
79
81
84
86
88
88
87
85
84
82
79
73
66
62
55
51
47
40
37
30
1
1
1
1
1
1
1
1
1
1
1
1
1
1
1
1
1
1
1
1
1
1
1
1
1
1
1
1
1
1
1
1
1
1
1
1
1
1
1
1
1
1
1
1
1
1
1
1
