# Vetor de dados - syn_f001454-1-Pre--left--vetorlinha.txt
# Total de elementos: 768
# Formato: um valor por linha
#==================================================

1
1
1
1
1
1
1
1
1
1
1
1
1
1
1
1
1
1
1
1
1
1
1
1
1
1
1
1
1
1
1
1
1
1
1
1
1
1
1
1
1
1
1
1
1
1
1
1
1
1
1
1
1
1
1
1
1
1
1
1
1
1
1
1
1
1
1
1
1
1
1
1
1
1
1
1
1
1
1
1
1
1
1
1
1
1
1
1
1
1
1
1
1
1
1
1
1
1
1
1
1
1
1
1
1
1
1
1
1
1
1
1
1
1
1
1
1
1
1
1
1
1
1
17
25
32
37
41
43
47
49
53
55
56
58
60
61
63
64
66
67
68
70
70
70
71
72
73
73
73
74
74
75
75
75
75
75
75
75
76
76
76
77
76
77
78
78
78
79
80
80
81
80
80
78
77
75
74
72
72
71
71
70
70
69
67
66
67
66
66
64
64
64
63
63
63
63
63
63
63
62
61
59
58
55
53
51
51
50
50
51
50
50
51
50
50
51
51
50
51
51
52
52
53
54
54
54
55
56
61
70
80
159
170
177
184
190
197
208
216
223
228
232
236
241
247
254
259
264
275
281
290
300
300
300
300
298
297
294
292
283
282
280
194
185
170
158
128
110
102
94
93
94
94
95
95
95
95
96
97
97
98
98
99
100
99
100
100
100
101
101
100
101
101
101
101
100
100
100
99
99
99
98
97
96
96
94
93
92
90
89
88
88
87
88
88
88
87
87
87
87
86
86
86
85
85
83
82
82
81
82
81
81
80
80
79
79
79
79
78
78
78
78
77
77
77
77
76
76
76
76
76
76
77
77
77
77
77
79
79
79
80
81
81
81
81
81
82
82
84
84
85
85
85
86
86
87
87
88
88
88
89
89
90
89
89
89
90
90
90
90
89
90
90
90
90
90
89
89
89
89
89
88
88
88
88
87
87
87
87
86
86
85
85
83
83
83
83
84
84
83
83
83
83
82
82
82
81
81
82
81
81
81
80
80
80
79
79
78
77
76
76
75
75
75
75
74
74
73
72
72
72
71
71
71
71
71
70
70
70
70
69
69
69
69
69
69
69
68
68
68
68
68
68
67
67
67
67
67
67
66
67
67
67
67
67
66
66
66
66
65
64
64
64
64
63
63
63
62
62
61
61
61
60
60
59
59
58
58
58
56
56
56
55
55
54
53
53
53
52
52
52
52
51
51
51
51
50
50
50
50
51
51
51
51
52
51
52
52
52
53
53
54
53
52
53
52
53
52
52
53
52
52
52
51
51
51
50
51
50
50
50
49
49
48
48
47
48
47
47
47
47
47
47
47
47
47
47
47
46
46
46
47
47
47
47
47
47
46
46
47
47
47
47
47
47
47
46
46
46
46
46
46
46
45
45
45
45
44
44
44
43
43
43
43
42
42
41
41
41
41
40
40
39
39
39
38
38
38
37
37
36
36
36
36
35
35
34
34
34
34
34
34
34
34
34
34
35
35
35
36
37
37
38
39
40
42
44
46
48
51
53
55
58
60
64
67
72
75
77
79
81
83
83
84
85
85
85
86
85
85
76
56
60
63
68
71
74
77
81
84
86
89
90
92
92
91
90
90
90
89
87
82
63
55
48
40
38
1
1
1
1
1
1
1
1
1
1
1
1
1
1
1
1
1
1
1
1
1
1
1
1
1
1
1
1
1
1
1
1
1
1
1
1
1
1
1
1
1
1
1
1
1
1
1
1
1
1
1
1
1
1
1
1
1
1
1
1
