# Vetor de dados - syn_f004644-3-Pre--left--vetorlinha.txt
# Total de elementos: 768
# Formato: um valor por linha
#==================================================

1
1
1
1
1
1
1
1
1
1
1
1
1
1
1
1
1
1
1
1
1
1
1
1
1
1
1
1
1
1
1
1
1
1
1
1
1
1
1
1
1
1
1
1
1
1
1
1
1
1
1
1
1
1
1
1
1
1
1
1
1
1
1
1
1
1
1
1
1
1
1
1
1
1
1
1
1
1
1
1
1
1
1
1
1
1
1
1
1
1
1
1
1
1
1
1
1
1
1
1
1
1
1
1
1
1
1
1
1
1
1
1
1
1
1
1
1
1
1
1
1
1
1
1
1
1
1
1
1
1
1
1
1
1
1
1
1
1
1
1
10
24
31
36
40
45
49
52
55
57
59
61
63
65
67
68
70
70
72
72
74
75
76
76
77
78
78
78
79
79
79
79
80
80
80
80
80
80
80
79
79
79
80
80
80
80
81
82
81
82
82
82
81
81
80
78
75
73
71
71
70
69
69
67
68
67
67
66
66
66
66
66
66
66
66
66
65
64
63
61
59
57
54
52
50
50
49
48
48
49
48
49
50
172
184
191
195
200
203
209
218
228
264
265
265
265
265
264
261
261
258
251
250
249
234
231
222
192
188
185
183
180
176
173
170
166
161
156
148
140
131
115
112
109
105
102
99
97
93
91
92
93
94
94
94
95
95
96
96
97
97
98
98
98
98
98
99
99
98
98
98
98
98
98
98
97
97
96
95
95
94
94
94
94
95
94
94
94
94
93
93
93
93
92
92
92
92
91
91
91
90
90
90
89
89
89
88
88
88
87
87
86
87
87
87
87
86
86
86
85
85
86
85
85
85
84
85
86
87
87
88
89
90
91
93
94
95
95
96
97
98
99
101
101
102
103
104
104
105
106
106
107
107
109
109
110
111
111
111
112
112
112
113
113
113
113
113
113
114
114
114
114
114
113
113
113
113
113
112
111
111
111
110
110
109
109
108
107
107
105
105
104
103
102
101
100
99
98
96
95
93
91
90
90
89
88
87
87
87
86
86
85
84
83
82
82
81
81
80
80
80
79
80
80
80
79
79
79
79
79
79
79
80
80
80
79
79
79
79
80
80
80
79
79
79
79
79
78
78
78
78
77
76
76
76
76
75
74
74
74
74
73
72
72
72
72
71
70
70
70
70
69
68
68
68
67
67
66
66
65
64
64
63
63
62
62
61
60
59
59
59
58
58
56
56
56
55
55
54
54
54
54
55
54
55
55
55
56
55
56
57
56
56
57
56
57
56
57
56
56
56
56
55
54
55
54
54
53
53
53
52
52
53
52
52
52
52
52
51
51
51
51
51
51
51
51
51
51
52
52
52
52
53
53
53
53
52
52
52
52
52
52
52
52
51
51
51
50
50
50
50
49
48
48
48
47
47
46
46
45
45
45
44
43
43
42
42
42
41
41
39
39
39
39
38
38
38
38
37
38
38
38
37
37
37
37
38
38
38
38
39
41
42
44
46
48
53
55
59
63
66
69
72
73
75
77
78
81
81
81
81
80
80
80
78
45
47
49
54
57
60
63
68
72
75
79
81
83
85
84
84
82
81
79
77
73
66
60
53
48
41
37
34
1
1
1
1
1
1
1
1
1
1
1
1
1
1
1
1
1
1
1
1
1
1
1
1
1
1
1
1
1
1
1
1
1
1
1
1
1
1
1
1
1
1
1
1
1
1
1
1
1
1
1
1
1
1
1
1
1
1
1
1
1
1
1
1
1
1
1
1
1
1
1
1
1
1
1
