# Vetor de dados - syn_f002007-0-Pre--left--vetorlinha.txt
# Total de elementos: 768
# Formato: um valor por linha
#==================================================

1
1
1
1
1
1
1
1
1
1
1
1
1
1
1
1
1
1
1
1
1
1
1
1
1
1
1
1
1
1
1
1
1
1
1
1
1
1
1
1
1
1
1
1
1
1
1
1
1
1
1
1
1
1
1
1
1
1
1
1
1
1
1
1
1
1
1
1
1
1
1
1
1
1
1
1
1
1
1
1
1
1
1
1
1
1
1
1
1
1
1
1
1
1
1
1
1
1
1
1
1
1
1
1
1
1
1
1
1
1
1
1
1
1
1
1
1
1
1
1
16
25
33
37
42
46
48
51
54
56
58
61
63
64
66
67
69
71
71
73
73
75
75
76
76
78
78
78
79
79
79
79
80
80
80
80
80
81
81
80
81
82
82
83
82
83
84
84
85
85
85
84
84
83
81
79
77
75
74
74
73
72
72
70
70
70
69
68
67
67
67
67
67
67
67
67
66
66
64
63
62
60
56
52
51
49
49
49
48
49
48
48
48
49
49
49
50
50
50
51
52
53
53
54
54
55
57
61
65
70
74
78
84
162
169
175
181
186
193
203
213
220
224
229
233
239
245
252
258
263
274
281
295
296
296
297
296
294
291
289
280
279
259
200
193
186
177
157
136
122
114
107
102
103
104
104
105
106
106
107
107
108
107
107
108
108
108
108
108
108
107
107
107
106
106
105
104
104
104
103
102
102
101
101
100
98
98
97
96
95
95
95
96
95
96
97
96
96
96
96
97
96
97
97
96
97
97
96
97
97
96
96
97
97
96
96
96
97
97
97
96
96
96
96
97
96
96
96
95
95
95
94
94
94
94
93
94
96
96
97
99
101
101
102
103
104
105
105
105
106
106
107
108
108
109
109
109
110
110
111
111
111
111
112
112
112
112
113
112
112
112
112
111
111
112
112
112
111
111
111
112
112
111
111
111
111
110
110
110
109
109
108
108
107
108
107
107
105
105
104
103
102
102
101
100
100
99
99
99
99
98
98
98
98
97
97
97
96
96
95
95
94
94
93
93
92
92
92
91
91
90
90
90
88
87
87
86
85
84
84
83
82
82
81
81
81
81
80
80
80
80
80
78
78
78
78
78
78
77
77
77
77
77
76
76
76
76
76
75
75
75
75
74
74
74
74
74
74
74
73
73
73
73
72
72
72
71
71
71
70
70
70
69
69
69
68
68
68
67
67
67
66
66
66
65
64
64
63
63
63
63
61
61
61
61
60
60
60
60
60
60
60
60
59
59
60
60
60
60
60
60
60
60
60
59
60
59
59
58
58
58
57
57
56
57
56
56
55
54
54
53
53
52
51
51
51
51
50
50
51
50
50
50
50
51
50
50
50
50
50
50
50
50
50
50
50
50
50
50
49
49
49
49
49
49
48
48
47
47
47
47
46
46
46
46
45
45
44
44
44
44
44
42
42
42
42
42
42
41
40
40
40
40
40
40
40
39
39
39
39
39
39
39
39
38
38
38
38
39
39
39
40
40
39
40
41
41
42
43
44
46
48
50
52
55
58
64
67
69
71
73
75
78
79
83
85
87
88
88
87
87
88
88
44
46
49
51
54
59
62
65
70
73
76
78
81
84
87
89
90
89
89
87
86
85
84
79
68
59
52
43
35
31
1
1
1
1
1
1
1
1
1
1
1
1
1
1
1
1
1
1
1
1
1
1
1
1
1
1
1
1
1
1
1
1
1
1
1
1
1
1
1
1
1
1
1
1
1
1
1
1
1
1
1
1
1
1
1
