# Vetor de dados - syn_f002382-2-Pre--front--vetorlinha.txt
# Total de elementos: 768
# Formato: um valor por linha
#==================================================

1
1
1
1
1
1
1
1
1
1
1
1
1
1
1
1
1
1
1
1
1
1
1
1
1
1
1
1
1
1
1
1
1
1
1
1
1
1
1
1
1
1
1
1
1
1
1
1
1
1
1
1
1
1
1
1
1
1
1
1
1
1
1
1
1
1
1
1
1
1
1
1
1
1
1
1
1
1
1
1
1
1
1
1
1
1
1
1
1
1
1
1
1
1
1
1
1
1
1
1
1
1
1
1
1
1
1
1
1
1
1
1
1
1
1
1
1
1
1
12
22
26
31
35
38
41
43
45
47
49
50
52
53
54
56
57
58
59
60
61
62
62
63
64
64
64
64
64
65
65
65
64
64
64
64
64
64
64
64
69
72
73
73
73
73
73
71
71
71
71
69
69
69
68
67
65
65
64
63
59
56
56
56
55
54
54
53
52
51
50
49
48
48
49
49
49
49
49
49
49
49
49
49
49
50
51
53
56
61
67
72
76
247
258
322
331
338
349
361
376
463
486
490
494
498
502
505
509
509
502
504
510
513
516
518
521
524
470
471
471
472
478
480
482
486
481
475
466
461
456
446
404
396
388
361
357
263
245
154
153
151
149
149
149
148
148
148
148
146
146
146
145
144
143
143
142
141
141
140
140
140
139
139
139
139
138
138
138
136
136
136
136
135
134
133
132
131
131
129
129
127
127
125
125
123
121
120
120
119
118
118
118
118
118
118
118
118
118
118
118
118
118
117
117
117
117
117
117
116
116
116
116
116
115
115
115
115
114
114
114
114
114
114
114
114
114
115
116
116
116
118
118
119
120
120
121
121
122
122
123
123
124
125
126
126
126
128
128
128
130
130
130
131
132
132
132
132
133
133
133
134
134
134
134
134
134
134
133
133
132
132
132
132
132
131
130
130
130
130
130
129
129
129
129
129
130
130
130
130
130
130
130
130
130
132
132
132
132
132
133
133
134
134
134
134
134
134
134
134
134
135
136
136
136
136
136
136
136
136
136
136
136
136
136
136
135
136
135
135
135
134
135
135
135
135
134
134
134
134
134
134
134
134
134
134
134
134
134
134
132
132
132
132
132
132
132
131
130
130
129
129
128
128
127
127
127
126
126
125
125
124
124
124
123
122
122
122
121
120
120
120
118
118
118
118
116
116
116
116
114
114
114
113
112
112
112
112
112
111
110
110
110
110
110
109
109
108
108
108
109
108
108
108
109
109
109
109
109
108
107
107
108
108
109
108
109
109
109
110
110
110
111
111
111
112
113
113
113
114
115
115
115
116
117
117
118
118
119
119
119
120
120
120
120
121
121
121
121
122
122
122
122
122
122
121
120
120
120
120
120
120
120
120
119
118
118
118
117
116
116
116
114
114
114
114
112
112
112
110
110
110
108
108
108
108
106
106
106
104
104
104
102
102
102
100
100
100
100
98
98
98
96
96
96
95
94
94
94
93
92
92
92
91
91
90
90
90
90
90
90
90
90
90
90
90
90
90
92
92
92
93
94
94
93
93
93
93
93
93
92
92
93
94
94
95
96
96
97
98
100
100
102
102
104
106
106
108
108
110
110
112
112
112
114
114
113
113
112
112
112
112
110
107
105
103
102
98
96
44
42
1
1
1
1
1
1
1
1
1
1
1
1
1
1
1
1
1
1
1
1
1
1
1
1
1
1
1
1
1
1
1
1
1
1
1
1
1
1
1
1
1
1
1
1
1
1
1
1
1
1
1
1
1
1
1
1
1
1
