# Vetor de dados - syn_f003648-1-Pre--left--vetorlinha.txt
# Total de elementos: 768
# Formato: um valor por linha
#==================================================

1
1
1
1
1
1
1
1
1
1
1
1
1
1
1
1
1
1
1
1
1
1
1
1
1
1
1
1
1
1
1
1
1
1
1
1
1
1
1
1
1
1
1
1
1
1
1
1
1
1
1
1
1
1
1
1
1
1
1
1
1
1
1
1
1
1
1
1
1
1
1
1
1
1
1
1
1
1
1
1
1
1
1
1
1
1
1
1
1
1
1
1
1
1
1
1
1
1
1
1
1
1
21
29
34
38
43
46
49
52
54
56
57
59
61
63
65
65
67
68
69
70
71
71
72
73
73
74
74
74
75
75
76
76
76
76
76
76
75
76
76
75
75
75
76
75
76
77
78
77
78
78
78
78
76
76
73
71
69
68
67
66
66
65
64
63
63
62
62
62
60
60
60
60
60
61
61
61
61
60
59
58
56
51
47
46
45
45
45
44
45
44
45
45
45
45
45
46
45
46
46
46
47
46
47
169
178
190
228
235
241
255
264
284
302
302
302
302
301
300
297
296
288
287
286
270
268
266
216
210
205
199
195
190
186
181
176
170
164
161
121
114
108
101
95
83
79
80
81
81
81
82
82
83
83
84
85
85
84
85
85
85
85
85
85
85
85
85
84
84
84
82
82
82
80
80
80
78
78
78
77
75
74
74
74
73
73
73
72
72
71
72
71
71
71
70
70
70
69
69
69
68
68
68
68
66
66
66
66
65
64
64
64
64
63
63
63
63
63
62
62
62
61
61
61
61
61
61
60
60
60
61
61
61
63
63
64
65
65
67
67
68
69
69
69
70
71
72
71
72
72
73
74
75
75
76
76
77
77
79
79
80
80
81
81
81
81
82
82
82
83
83
83
83
83
84
83
83
84
84
84
85
84
84
84
85
85
85
84
85
85
85
85
85
85
84
84
86
86
86
86
87
86
86
86
87
87
87
87
87
86
86
87
87
87
87
86
86
87
87
86
86
85
85
86
85
84
84
83
82
81
80
79
79
78
77
77
76
76
76
75
75
75
74
74
74
73
72
72
72
72
72
72
71
70
70
70
70
70
69
68
68
68
68
67
67
67
67
67
66
66
66
66
65
65
65
66
65
65
65
65
65
64
64
64
64
64
63
63
63
63
62
62
62
62
62
61
61
61
60
59
59
59
59
58
58
58
58
57
57
56
56
56
55
55
55
55
54
54
54
54
54
53
53
53
53
52
52
52
52
52
52
52
52
51
52
52
52
52
52
52
53
53
53
54
53
54
54
53
54
53
53
54
53
54
53
53
53
52
52
52
51
51
51
50
50
49
48
49
48
47
47
46
45
44
45
45
44
44
44
44
44
44
43
44
44
44
45
45
44
44
44
44
44
45
45
45
44
44
44
44
44
44
44
44
44
43
43
43
43
43
43
43
43
43
43
42
42
42
42
42
42
41
41
41
41
41
41
40
40
40
40
40
39
39
39
39
39
38
38
38
38
38
38
37
37
37
37
37
37
37
36
36
36
36
36
36
36
36
36
36
36
36
36
36
37
38
38
40
41
43
45
47
49
53
55
57
59
62
64
66
69
73
76
79
80
82
84
88
89
90
90
90
90
90
89
86
73
52
54
57
59
61
64
67
71
75
78
81
85
88
91
93
95
95
94
93
92
90
88
86
81
65
56
50
44
41
38
1
1
1
1
1
1
1
1
1
1
1
1
1
1
1
1
1
1
1
1
1
1
1
1
1
1
1
1
1
1
1
1
1
1
1
1
1
1
1
1
