# Vetor de dados - syn_f003838-2-Pre--front--vetorlinha.txt
# Total de elementos: 768
# Formato: um valor por linha
#==================================================

1
1
1
1
1
1
1
1
1
1
1
1
1
1
1
1
1
1
1
1
1
1
1
1
1
1
1
1
1
1
1
1
1
1
1
1
1
1
1
1
1
1
1
1
1
1
1
1
1
1
1
1
1
1
1
1
1
1
1
1
1
1
1
1
1
1
1
1
1
1
1
1
1
1
1
1
1
1
1
1
1
1
1
1
1
1
1
1
1
1
1
1
1
1
1
1
1
1
1
1
1
1
1
1
1
1
1
1
1
1
1
1
1
1
1
1
1
1
1
1
1
1
1
9
21
26
30
34
38
40
42
44
46
48
50
52
53
54
55
57
57
59
60
61
61
62
63
63
64
65
65
65
65
66
66
66
66
66
66
65
65
65
65
65
69
72
74
74
74
74
74
74
73
73
72
72
71
71
70
70
68
68
66
66
65
62
58
58
57
57
56
56
56
55
54
54
53
52
52
51
50
50
50
49
49
49
49
49
48
49
51
53
55
58
62
66
70
73
271
318
326
338
433
448
487
494
500
506
510
513
514
509
503
504
511
518
524
541
553
553
500
497
493
489
482
463
457
455
450
446
443
437
359
348
337
325
311
298
286
262
248
233
211
174
166
161
158
156
154
153
152
151
149
149
147
147
145
143
143
141
139
138
137
136
136
135
134
134
134
133
132
132
132
131
130
130
129
129
129
129
128
127
127
127
126
126
126
125
125
124
124
123
122
122
122
121
121
120
119
119
119
119
119
119
118
117
117
117
118
118
118
118
118
118
118
118
118
118
118
118
118
118
118
118
118
118
118
118
118
118
118
118
117
116
116
116
116
115
115
115
115
114
115
116
117
118
119
119
121
122
123
124
125
126
126
127
127
128
129
129
129
129
130
130
130
130
130
130
130
130
130
130
130
129
129
129
129
128
128
128
128
128
128
128
128
128
128
127
128
128
128
128
128
128
129
129
129
130
131
131
131
132
132
133
134
134
134
136
136
136
136
136
138
138
138
138
139
139
140
140
140
141
141
140
140
140
140
140
140
140
140
140
140
139
139
139
139
139
138
138
138
138
138
138
138
138
138
138
137
137
137
137
137
137
137
137
137
136
135
135
135
135
135
133
133
132
131
130
129
128
128
127
126
126
126
125
124
124
124
122
122
122
121
120
120
119
119
118
118
117
117
116
115
115
115
115
113
113
113
113
113
113
112
111
111
111
111
111
111
111
111
111
110
110
110
110
110
110
110
110
110
110
110
110
110
110
110
110
110
110
110
110
110
110
111
112
112
112
112
112
113
114
114
114
114
114
114
114
114
116
116
116
116
116
116
116
116
116
116
116
116
116
116
116
116
116
116
115
115
114
114
114
114
113
113
112
112
111
111
110
109
109
109
108
107
107
106
105
105
105
104
103
103
103
101
101
101
99
99
99
99
97
97
97
96
95
95
95
93
93
93
93
91
91
91
91
90
89
89
89
89
89
89
89
88
88
88
89
89
89
90
90
90
91
91
92
92
93
93
94
94
94
93
93
93
93
93
94
94
95
96
96
97
98
98
99
99
101
102
103
104
105
106
107
108
110
110
112
113
114
115
115
115
115
114
114
113
111
110
108
105
100
48
47
46
43
42
1
1
1
1
1
1
1
1
1
1
1
1
1
1
1
1
1
1
1
1
1
1
1
1
1
1
1
1
1
1
1
1
1
1
1
1
1
1
1
1
1
1
1
1
1
1
1
1
1
1
1
1
1
1
1
1
1
1
1
1
1
