# Vetor de dados - syn_f000698-1-Pre--front--vetorlinha.txt
# Total de elementos: 768
# Formato: um valor por linha
#==================================================

1
1
1
1
1
1
1
1
1
1
1
1
1
1
1
1
1
1
1
1
1
1
1
1
1
1
1
1
1
1
1
1
1
1
1
1
1
1
1
1
1
1
1
1
1
1
1
1
1
1
1
1
1
1
1
1
1
1
1
1
1
1
1
1
1
1
1
1
1
1
1
1
1
1
1
1
1
1
1
1
1
1
1
1
1
1
1
1
1
1
1
1
1
1
1
1
1
1
1
1
1
1
1
1
1
1
1
1
1
1
1
1
1
1
1
1
1
1
1
1
1
1
1
1
1
1
1
1
1
1
1
1
1
1
1
1
1
1
1
12
22
26
29
33
36
38
40
42
44
46
47
48
49
50
51
53
53
55
55
55
57
57
57
57
58
58
59
59
59
57
58
57
57
57
57
57
59
64
65
65
65
65
65
63
63
63
61
61
61
60
58
58
56
55
53
51
48
48
48
47
46
46
45
44
44
42
41
41
40
40
40
40
40
40
40
40
40
41
41
42
44
45
49
53
247
257
269
320
323
326
352
467
475
488
502
499
501
509
520
549
551
550
549
548
486
481
473
454
443
442
438
434
428
421
416
345
335
319
303
290
274
261
250
236
218
205
194
182
172
164
159
156
153
150
149
147
144
143
142
141
139
138
136
135
134
132
130
128
127
126
125
124
123
123
122
121
121
121
120
120
119
119
119
119
117
117
117
115
115
115
113
112
111
109
107
105
103
101
100
100
99
99
100
100
100
100
100
100
100
99
99
99
99
99
99
98
98
98
98
98
98
98
98
98
98
98
98
98
98
98
98
98
98
99
99
101
102
104
106
109
111
113
115
118
120
121
123
124
125
125
127
127
129
129
129
129
130
130
131
131
130
130
130
130
130
130
130
129
129
129
129
129
129
129
129
129
128
128
128
128
128
128
128
128
128
128
128
129
129
129
129
129
129
129
130
130
131
131
131
132
132
133
133
133
133
134
134
134
134
134
134
134
134
135
135
135
135
134
134
134
134
134
134
134
134
134
133
133
132
132
132
132
132
132
132
132
131
130
130
130
130
130
130
130
129
128
128
128
128
127
126
126
126
125
124
123
123
121
121
119
119
118
117
117
117
116
115
115
114
114
113
112
112
110
110
109
108
108
107
106
106
106
105
104
104
104
104
103
102
102
102
102
102
102
101
100
100
100
100
100
100
100
100
100
100
99
99
99
99
99
98
98
98
98
98
98
98
98
98
98
98
98
98
98
98
99
99
99
99
101
101
101
101
102
103
103
103
104
104
105
105
105
106
106
106
106
106
106
106
106
106
106
106
106
106
105
104
104
104
104
104
104
103
103
102
102
101
101
101
100
100
99
99
99
98
98
97
97
96
96
96
95
94
94
94
93
93
92
92
92
91
90
90
90
90
88
88
88
88
86
86
86
86
85
85
84
84
83
83
83
83
82
82
82
82
82
82
83
83
83
84
85
85
85
87
87
87
87
87
87
87
87
88
88
89
89
89
90
91
91
92
93
94
94
96
97
98
100
100
102
103
104
104
106
107
107
108
108
108
108
108
107
107
106
103
102
100
98
47
43
1
1
1
1
1
1
1
1
1
1
1
1
1
1
1
1
1
1
1
1
1
1
1
1
1
1
1
1
1
1
1
1
1
1
1
1
1
1
1
1
1
1
1
1
1
1
1
1
1
1
1
1
1
1
1
1
1
1
1
1
1
1
1
1
1
1
1
1
1
1
1
1
1
1
1
1
1
1
