# Vetor de dados - syn_f002494-2-Pre--front--vetorcoluna.txt
# Total de elementos: 1024
# Formato: um valor por linha
#==================================================

1
1
1
1
1
1
1
1
1
1
1
1
1
1
1
1
1
1
1
1
1
1
1
1
1
1
1
1
1
1
1
1
1
1
1
1
1
1
1
1
1
1
1
1
1
1
1
1
1
1
1
1
1
1
1
1
1
1
1
1
1
1
1
1
1
1
1
1
1
1
1
1
1
1
1
1
1
1
1
1
1
1
1
1
1
1
1
1
1
1
1
1
1
1
1
1
1
1
1
1
1
1
1
1
1
1
1
1
1
1
1
1
1
1
1
1
1
1
1
1
1
1
1
1
1
1
1
1
1
1
1
1
1
1
1
1
1
1
1
1
1
1
1
1
1
1
1
1
1
1
1
1
1
1
1
1
1
1
1
1
1
1
1
1
1
1
1
1
1
1
1
1
1
1
1
1
1
1
1
1
1
1
1
1
1
1
1
1
1
1
1
1
1
1
1
1
1
1
1
1
1
1
1
1
1
1
1
1
1
1
1
1
1
1
1
1
1
1
1
1
1
1
1
1
1
1
1
1
1
1
1
1
1
1
1
1
1
6
8
8
8
8
8
8
8
8
8
8
8
8
8
9
9
9
9
9
9
10
10
16
17
18
18
18
18
18
18
19
19
18
18
18
18
17
18
18
18
18
18
20
20
19
19
21
20
20
19
19
20
20
19
20
19
18
18
18
18
18
19
19
19
19
19
19
19
19
19
19
21
21
21
21
21
21
23
23
23
23
23
24
25
25
25
25
25
26
27
27
27
27
28
28
28
29
29
29
30
30
30
30
30
30
31
31
32
32
32
32
32
32
32
33
34
34
34
34
34
34
34
34
34
34
34
33
33
33
33
34
34
34
34
34
34
34
33
33
33
33
33
33
33
33
33
33
33
33
33
33
33
33
33
33
33
33
34
34
34
34
35
35
35
35
35
35
36
36
36
36
36
36
36
37
38
38
38
38
38
38
38
38
38
39
39
39
39
39
39
39
39
40
40
40
40
41
41
41
41
41
41
41
42
43
43
43
43
43
43
44
44
46
49
53
56
58
60
61
269
271
274
277
280
283
378
382
385
388
391
395
399
470
470
470
469
469
471
472
473
473
472
471
470
469
470
472
473
473
475
475
476
476
474
473
505
484
481
479
476
473
470
466
462
459
455
450
396
394
389
386
372
360
351
344
339
336
338
343
350
359
367
378
388
392
396
456
460
464
467
470
473
477
480
484
486
489
547
548
548
548
475
474
473
473
472
470
470
470
470
471
471
471
471
470
469
468
469
469
469
400
396
392
388
384
380
377
374
286
280
277
273
271
268
57
54
51
49
45
43
42
42
41
41
41
40
40
40
40
39
39
39
39
39
39
38
38
38
38
38
37
37
37
37
37
37
37
37
37
37
37
37
37
37
37
37
37
37
35
35
35
35
35
35
35
35
35
35
35
35
35
35
34
34
34
34
34
34
34
34
34
34
34
34
34
34
34
34
34
34
34
34
34
35
35
35
35
35
34
34
34
35
35
35
35
35
35
35
34
34
34
34
34
34
34
34
34
34
34
33
32
32
32
32
32
32
31
31
31
31
30
30
30
29
29
29
28
28
28
28
28
28
26
26
26
26
26
26
25
24
24
24
24
24
23
23
22
22
22
22
22
22
22
20
20
20
20
20
20
20
20
19
19
19
19
20
18
19
20
20
19
19
20
19
19
19
20
20
18
18
18
18
18
18
17
17
18
18
18
18
19
18
18
18
18
18
18
18
17
16
10
10
10
8
8
8
8
8
8
8
8
8
8
8
8
8
8
8
8
8
1
1
1
1
1
1
1
1
1
1
1
1
1
1
1
1
1
1
1
1
1
1
1
1
1
1
1
1
1
1
1
1
1
1
1
1
1
1
1
1
1
1
1
1
1
1
1
1
1
1
1
1
1
1
1
1
1
1
1
1
1
1
1
1
1
1
1
1
1
1
1
1
1
1
1
1
1
1
1
1
1
1
1
1
1
1
1
1
1
1
1
1
1
1
1
1
1
1
1
1
1
1
1
1
1
1
1
1
1
1
1
1
1
1
1
1
1
1
1
1
1
1
1
1
1
1
1
1
1
1
1
1
1
1
1
1
1
1
1
1
1
1
1
1
1
1
1
1
1
1
1
1
1
1
1
1
1
1
1
1
1
1
1
1
1
1
1
1
1
1
1
1
1
1
1
1
1
1
1
1
1
1
1
1
1
1
1
1
1
1
1
1
1
1
1
1
1
1
1
1
1
1
1
1
1
1
1
1
1
1
1
1
1
1
1
1
1
1
1
1
1
1
1
1
1
1
1
1
1
1
1
1
1
1
1
1
1
