# Vetor de dados - syn_f003335-0-Pre--front--vetorcoluna.txt
# Total de elementos: 1024
# Formato: um valor por linha
#==================================================

1
1
1
1
1
1
1
1
1
1
1
1
1
1
1
1
1
1
1
1
1
1
1
1
1
1
1
1
1
1
1
1
1
1
1
1
1
1
1
1
1
1
1
1
1
1
1
1
1
1
1
1
1
1
1
1
1
1
1
1
1
1
1
1
1
1
1
1
1
1
1
1
1
1
1
1
1
1
1
1
1
1
1
1
1
1
1
1
1
1
1
1
1
1
1
1
1
1
1
1
1
1
1
1
1
1
1
1
1
1
1
1
1
1
1
1
1
1
1
1
1
1
1
1
1
1
1
1
1
1
1
1
1
1
1
1
1
1
1
1
1
1
1
1
1
1
1
1
1
1
1
1
1
1
1
1
1
1
1
1
1
1
1
1
1
1
1
1
1
1
1
1
1
1
1
1
1
1
1
1
1
1
1
1
1
1
1
1
1
1
1
1
1
1
1
1
1
1
1
1
1
1
1
1
1
1
1
1
1
1
1
1
1
1
1
1
1
1
1
1
1
1
1
1
1
1
1
1
1
1
1
1
1
1
1
1
1
1
1
1
1
1
1
1
1
1
1
1
1
1
1
1
1
1
1
24
24
29
30
31
31
31
31
31
31
31
31
30
30
30
29
29
29
29
29
29
29
29
29
29
28
28
28
28
28
27
27
27
26
25
25
24
23
23
23
22
22
22
22
22
22
21
21
21
21
21
21
21
21
21
21
21
22
22
22
22
22
22
22
22
22
23
23
23
23
23
24
24
24
24
24
26
26
26
26
27
27
27
27
27
28
29
29
29
29
29
29
30
30
30
30
30
32
32
32
32
32
32
32
32
32
32
32
33
33
33
33
32
32
32
32
32
32
32
31
31
31
31
31
31
30
30
30
30
30
30
29
29
29
29
29
29
29
29
29
29
29
29
30
30
30
30
30
31
31
31
31
31
31
31
31
32
32
32
32
32
32
32
33
34
34
34
34
35
35
35
35
36
36
36
37
37
37
37
38
38
38
38
38
39
39
39
39
39
39
41
41
41
41
42
43
44
47
48
49
51
52
53
258
262
266
269
272
276
281
287
304
375
381
388
393
462
463
464
464
463
464
465
465
464
464
463
464
465
466
467
468
468
467
549
521
513
487
481
477
474
469
464
457
413
408
402
388
377
366
359
353
347
342
339
334
333
338
341
345
348
352
357
363
368
388
395
401
404
457
461
466
472
478
481
483
484
401
421
462
462
461
461
460
459
458
458
458
459
459
459
458
458
457
457
457
456
455
384
378
373
367
299
287
281
277
272
268
265
262
53
52
51
49
48
47
46
45
43
42
41
40
39
37
37
37
37
37
36
35
35
34
34
34
34
33
34
34
33
33
33
32
32
32
31
32
32
32
32
31
31
31
31
31
31
30
30
30
30
30
30
30
30
30
30
30
30
30
30
30
30
29
29
29
29
29
29
29
29
30
30
30
30
30
30
30
30
31
31
31
31
31
31
31
32
32
33
33
33
33
33
33
33
33
33
33
33
33
33
33
32
32
32
32
32
33
32
33
33
33
33
33
33
32
32
32
32
32
32
32
32
32
32
32
32
32
32
32
32
32
32
32
32
32
31
31
31
31
31
31
31
31
31
31
31
31
31
31
31
31
31
31
31
31
31
31
31
31
32
32
32
32
32
32
33
33
33
34
35
35
36
36
36
37
37
37
37
37
38
38
38
38
38
38
38
38
38
39
39
39
40
40
41
41
41
41
1
1
1
1
1
1
1
1
1
1
1
1
1
1
1
1
1
1
1
1
1
1
1
1
1
1
1
1
1
1
1
1
1
1
1
1
1
1
1
1
1
1
1
1
1
1
1
1
1
1
1
1
1
1
1
1
1
1
1
1
1
1
1
1
1
1
1
1
1
1
1
1
1
1
1
1
1
1
1
1
1
1
1
1
1
1
1
1
1
1
1
1
1
1
1
1
1
1
1
1
1
1
1
1
1
1
1
1
1
1
1
1
1
1
1
1
1
1
1
1
1
1
1
1
1
1
1
1
1
1
1
1
1
1
1
1
1
1
1
1
1
1
1
1
1
1
1
1
1
1
1
1
1
1
1
1
1
1
1
1
1
1
1
1
1
1
1
1
1
1
1
1
1
1
1
1
1
1
1
1
1
1
1
1
1
1
1
1
1
1
1
1
1
1
1
1
1
1
1
1
1
1
1
1
1
1
1
1
1
1
1
1
1
1
1
1
1
1
1
1
1
1
1
1
1
1
1
1
1
1
1
1
1
1
1
1
1
1
1
1
1
1
1
1
1
1
1
1
1
1
1
1
1
1
1
1
1
1
1
1
1
1
1
