# Vetor de dados - syn_f003838-2-Pre--left--vetorlinha.txt
# Total de elementos: 768
# Formato: um valor por linha
#==================================================

1
1
1
1
1
1
1
1
1
1
1
1
1
1
1
1
1
1
1
1
1
1
1
1
1
1
1
1
1
1
1
1
1
1
1
1
1
1
1
1
1
1
1
1
1
1
1
1
1
1
1
1
1
1
1
1
1
1
1
1
1
1
1
1
1
1
1
1
1
1
1
1
1
1
1
1
1
1
1
1
1
1
1
1
1
1
1
1
1
1
1
1
1
1
1
1
1
1
1
1
1
1
1
1
1
1
1
1
1
1
1
1
1
1
1
1
1
1
1
1
1
1
1
19
27
34
39
43
46
49
52
55
57
59
61
63
65
67
68
70
71
72
73
74
75
76
76
78
78
78
78
79
80
79
80
80
80
80
81
81
81
81
82
82
82
83
84
85
84
85
86
87
87
87
87
86
85
84
82
80
79
77
76
75
76
75
74
72
72
71
71
70
70
70
68
68
68
68
67
67
67
67
68
68
67
66
66
64
62
61
60
58
57
55
56
55
55
55
55
56
55
56
57
56
57
57
57
173
181
189
212
218
222
226
230
236
244
251
265
276
288
289
288
288
287
285
284
281
274
274
272
255
249
216
213
208
205
201
197
193
189
184
179
175
168
161
154
140
130
123
118
114
109
109
110
110
111
111
111
112
111
111
111
111
112
112
112
110
110
110
110
111
111
111
111
111
110
110
110
110
110
110
111
109
109
109
108
108
108
108
107
107
107
107
108
108
109
110
110
110
110
110
111
111
111
111
111
111
111
112
111
111
112
111
111
111
112
111
111
110
110
110
110
110
110
109
109
109
108
108
107
107
106
106
105
105
105
103
103
102
102
101
102
102
103
103
103
103
104
104
105
105
107
108
108
109
110
111
111
113
113
114
115
115
115
116
117
117
118
118
118
118
120
120
120
120
120
121
121
121
122
122
122
122
122
123
123
123
122
123
121
121
121
121
120
120
120
120
119
118
117
116
116
115
114
113
112
110
109
107
106
105
102
100
99
97
97
95
95
94
94
93
92
91
91
90
90
89
89
88
87
86
84
84
84
83
83
82
82
82
82
82
82
82
82
81
81
81
81
81
81
81
81
80
80
80
80
80
79
79
79
79
79
79
78
78
78
78
78
77
77
77
77
77
75
75
75
75
75
74
74
73
73
72
72
72
72
70
70
70
70
69
68
68
67
67
65
65
65
64
64
63
62
62
62
61
60
60
59
59
58
58
58
57
57
57
57
57
56
55
55
55
55
55
55
55
55
55
56
55
55
56
55
56
55
54
54
54
54
53
54
53
52
52
52
52
51
50
50
49
49
48
48
47
47
46
46
47
47
47
48
48
47
48
48
48
49
49
49
49
48
48
49
49
49
49
48
48
48
48
48
48
47
47
47
47
47
47
46
45
45
45
45
45
43
43
43
43
43
42
41
41
41
40
40
40
38
38
38
38
36
36
36
35
35
35
35
36
35
35
35
36
36
35
36
36
37
37
38
39
39
40
42
43
46
48
51
54
56
60
67
71
73
74
76
77
78
79
80
83
82
82
82
83
82
39
40
41
43
44
46
48
50
52
55
59
63
66
71
73
76
77
80
82
83
84
86
87
87
85
83
80
75
64
59
53
49
42
37
23
1
1
1
1
1
1
1
1
1
1
1
1
1
1
1
1
1
1
1
1
1
1
1
1
1
1
1
1
1
1
1
1
1
1
1
1
1
1
1
1
1
1
1
1
1
1
1
1
1
1
1
1
1
1
1
1
1
1
