# Vetor de dados - syn_f001550-0-Pre--front--vetorlinha.txt
# Total de elementos: 768
# Formato: um valor por linha
#==================================================

1
1
1
1
1
1
1
1
1
1
1
1
1
1
1
1
1
1
1
1
1
1
1
1
1
1
1
1
1
1
1
1
1
1
1
1
1
1
1
1
1
1
1
1
1
1
1
1
1
1
1
1
1
1
1
1
1
1
1
1
1
1
1
1
1
1
1
1
1
1
1
1
1
1
1
1
1
1
1
1
1
1
1
1
1
1
1
1
1
1
1
1
1
1
1
1
1
1
1
1
1
1
1
1
1
1
1
1
12
21
26
30
34
37
39
40
42
44
45
47
48
49
51
52
53
54
55
55
56
57
57
58
58
59
59
59
59
59
59
59
59
59
59
59
58
58
60
65
67
67
67
67
67
67
65
65
65
63
63
63
61
61
59
58
57
55
49
47
47
45
45
45
45
44
44
44
44
44
43
43
43
43
43
43
43
43
43
43
42
42
42
42
44
46
48
52
56
61
65
74
97
103
110
131
137
144
151
158
267
375
390
405
449
462
476
501
514
526
544
571
578
595
613
614
613
613
609
593
585
584
568
566
567
567
488
481
476
374
361
345
278
197
177
168
163
159
155
153
152
150
150
148
146
146
144
142
142
140
138
137
134
132
130
128
126
125
123
123
122
122
123
122
122
121
120
120
120
119
119
119
119
119
118
117
117
116
116
114
114
114
113
112
111
111
111
112
111
111
111
111
111
112
112
112
112
112
112
111
111
111
111
111
110
110
110
110
110
109
109
108
108
108
108
108
108
108
108
108
108
108
108
108
109
109
109
109
109
109
109
109
109
109
110
111
111
111
111
113
113
114
115
116
116
118
118
118
119
120
120
121
121
122
122
122
123
123
123
123
124
125
125
125
125
125
126
127
127
127
127
127
128
128
129
129
129
129
130
131
131
132
132
133
133
133
133
134
134
134
134
135
135
135
135
135
136
136
137
137
137
137
137
138
137
137
137
137
137
137
137
137
137
137
137
137
135
135
135
135
135
135
134
134
133
133
133
132
132
132
132
132
132
132
132
131
130
130
130
130
130
130
130
130
129
129
129
129
129
129
129
129
128
128
127
127
127
127
127
127
126
125
125
125
125
125
125
125
124
123
123
123
123
123
123
121
121
121
121
121
120
119
119
119
119
118
117
117
117
117
117
116
115
115
115
115
114
113
113
113
113
113
111
111
111
111
111
109
109
109
109
109
109
110
110
109
109
109
109
109
110
109
109
109
109
108
108
108
108
108
107
107
106
106
106
106
106
106
106
106
106
106
106
106
106
106
108
108
108
108
108
108
108
109
109
110
110
110
110
110
110
110
111
112
112
112
112
112
112
112
112
112
112
112
112
113
112
112
111
111
111
111
111
111
111
111
111
110
110
109
109
109
109
109
108
108
107
107
107
107
107
106
106
105
105
105
105
105
104
103
103
103
103
103
103
102
101
101
101
101
101
100
99
99
99
99
99
97
97
97
97
97
97
95
95
95
95
95
94
93
93
93
93
93
91
91
91
91
91
91
91
91
90
90
90
90
91
91
91
91
91
91
92
92
92
92
92
92
92
93
93
94
95
96
96
97
97
97
98
99
99
100
101
101
103
104
105
107
107
108
109
110
110
111
111
111
112
112
111
111
111
110
110
110
109
109
106
104
103
100
98
45
43
1
1
1
1
1
1
1
1
1
1
1
1
1
1
1
1
1
1
1
1
1
1
1
1
1
1
1
1
1
1
1
1
1
1
1
1
1
1
1
1
1
1
1
1
1
1
1
