# Vetor de dados - syn_f002765-2-Pre--left--vetorlinha.txt
# Total de elementos: 768
# Formato: um valor por linha
#==================================================

1
1
1
1
1
1
1
1
1
1
1
1
1
1
1
1
1
1
1
1
1
1
1
1
1
1
1
1
1
1
1
1
1
1
1
1
1
1
1
1
1
1
1
1
1
1
1
1
1
1
1
1
1
1
1
1
1
1
1
1
1
1
1
1
1
1
1
1
1
1
1
1
1
1
1
1
1
1
1
1
1
1
1
1
1
1
1
1
1
1
1
1
1
1
1
1
1
1
1
1
1
1
1
1
1
1
1
1
1
1
1
1
1
1
1
1
1
1
16
25
31
37
42
45
48
51
54
56
58
60
62
64
65
67
69
70
71
71
73
73
74
75
76
76
78
78
78
78
78
78
78
78
78
78
78
79
79
80
80
81
82
83
84
84
84
85
85
83
83
82
81
79
78
77
77
76
76
75
73
72
71
71
69
69
68
67
66
66
65
65
65
65
64
64
63
62
61
60
58
56
54
52
50
49
49
48
47
47
47
47
46
47
48
48
49
50
51
52
53
53
54
163
173
182
199
209
216
221
227
234
243
250
266
285
286
286
286
285
284
282
280
276
271
270
266
252
212
208
205
203
200
196
193
189
186
182
176
171
167
162
156
110
103
100
101
102
103
104
105
105
106
107
108
108
109
109
109
110
110
110
111
111
111
111
111
111
111
111
111
110
110
111
110
110
110
109
109
109
109
108
108
107
106
105
105
104
102
101
99
98
98
97
97
96
96
96
96
96
95
95
95
94
94
93
93
92
92
91
91
90
89
89
88
87
87
87
87
86
86
86
86
86
86
86
86
86
86
86
86
87
87
87
88
88
89
90
91
91
93
93
94
94
95
95
97
97
98
98
99
100
101
101
103
103
103
105
105
105
107
107
108
108
109
110
110
110
110
111
111
111
111
111
111
111
111
111
111
111
111
111
111
111
111
110
109
109
109
109
109
107
107
107
107
105
105
104
104
103
102
100
100
99
96
95
94
94
93
93
93
92
91
92
91
90
89
88
88
86
84
83
83
82
83
83
82
82
82
82
81
81
81
81
81
81
81
81
81
81
81
81
81
81
81
81
80
80
80
80
80
80
80
80
79
79
79
79
79
79
78
78
78
78
78
77
76
76
76
76
75
75
75
75
74
73
73
73
72
72
72
71
70
70
70
69
69
68
68
67
66
66
65
65
65
64
63
62
62
61
61
61
60
60
59
59
58
57
56
56
55
55
55
54
54
54
54
53
53
54
54
55
54
54
55
55
56
56
55
56
55
56
55
55
56
55
56
55
54
55
54
54
54
53
54
53
52
52
51
51
51
50
50
50
50
50
50
50
50
50
50
50
49
48
48
48
48
48
48
48
49
49
48
48
48
49
49
49
48
48
48
48
48
48
47
47
47
47
47
46
46
46
45
45
44
44
44
43
43
42
42
42
42
40
40
40
40
39
38
38
38
38
37
37
36
36
35
35
35
35
35
34
33
33
33
34
34
33
34
34
34
35
35
36
37
38
39
40
42
44
46
48
50
53
55
57
60
61
63
67
70
72
74
76
76
76
76
76
77
78
79
80
80
79
71
48
49
52
54
56
58
61
64
67
70
72
75
77
79
80
82
82
83
84
83
83
82
79
74
54
50
50
49
47
1
1
1
1
1
1
1
1
1
1
1
1
1
1
1
1
1
1
1
1
1
1
1
1
1
1
1
1
1
1
1
1
1
1
1
1
1
1
1
1
1
1
1
1
1
1
1
1
1
1
1
1
1
1
1
1
