# Vetor de dados - syn_f003266-0-Pre--front--vetorlinha.txt
# Total de elementos: 768
# Formato: um valor por linha
#==================================================

1
1
1
1
1
1
1
1
1
1
1
1
1
1
1
1
1
1
1
1
1
1
1
1
1
1
1
1
1
1
1
1
1
1
1
1
1
1
1
1
1
1
1
1
1
1
1
1
1
1
1
1
1
1
1
1
1
1
1
1
1
1
1
1
1
1
1
1
1
1
1
1
1
1
1
1
1
1
1
1
1
1
1
1
1
1
1
1
1
1
1
1
1
1
1
1
1
1
1
1
1
1
1
1
1
1
1
1
1
1
1
1
1
1
1
1
9
22
26
30
34
37
39
41
43
44
46
48
50
51
52
53
55
55
57
57
58
59
59
60
61
61
61
62
62
62
62
62
62
62
62
61
61
61
61
61
65
68
70
70
70
70
70
68
68
68
68
66
66
66
65
64
62
61
60
60
54
51
50
49
49
49
47
47
47
47
46
46
45
46
46
46
46
46
46
46
46
45
45
45
45
45
45
45
46
51
61
69
77
85
114
146
161
173
184
195
207
222
290
306
354
368
380
391
403
416
429
447
460
471
481
491
501
509
519
528
538
553
565
583
587
597
605
612
620
619
617
593
594
595
592
569
571
456
449
442
307
242
157
150
146
143
141
139
138
137
135
133
131
129
127
125
124
123
122
121
121
121
120
120
120
120
120
120
119
119
118
118
117
117
115
115
114
113
112
111
109
109
107
105
105
105
105
105
105
105
105
105
105
105
105
105
105
105
104
104
104
104
104
104
104
104
104
104
104
104
104
104
104
105
105
105
106
107
107
108
109
109
110
111
111
111
112
113
113
113
113
114
114
115
115
116
117
118
119
121
121
123
124
125
126
128
128
130
130
132
132
134
134
136
136
137
138
138
139
140
141
141
142
142
142
143
144
144
144
145
145
145
145
146
146
147
147
147
148
148
149
150
151
151
151
153
153
154
154
155
155
155
156
157
157
157
158
159
159
159
159
159
159
160
161
161
161
161
161
161
161
161
161
161
161
160
160
160
160
159
159
158
158
158
158
158
156
156
156
156
154
154
154
154
152
152
152
152
150
150
150
150
148
148
148
148
146
146
146
145
144
144
144
142
142
141
140
139
139
137
137
136
135
135
134
133
133
133
131
131
131
131
130
130
129
129
129
128
127
127
127
127
126
126
125
125
125
125
125
124
123
123
123
123
123
123
122
122
122
121
121
121
121
121
121
121
121
121
121
120
119
119
119
119
119
119
118
118
117
117
117
117
117
117
117
117
117
117
117
117
117
117
117
117
117
117
117
118
119
119
119
119
119
119
119
119
119
121
121
121
121
121
121
121
121
121
121
121
121
121
120
121
120
120
119
119
119
119
119
119
118
118
117
117
117
117
117
116
116
116
115
115
115
115
114
114
114
113
113
113
112
112
112
111
111
110
110
110
110
109
109
108
108
108
108
107
107
106
106
106
106
105
104
104
104
104
104
102
102
102
102
102
100
100
100
100
100
99
98
98
98
98
98
98
98
98
97
97
97
97
98
98
98
98
100
100
100
100
100
100
100
100
100
100
100
100
101
102
102
102
102
103
104
104
105
105
106
107
108
109
110
111
111
113
113
115
115
117
117
117
118
119
119
119
118
118
118
118
119
118
116
113
110
108
105
101
41
1
1
1
1
1
1
1
1
1
1
1
1
1
1
1
1
1
1
1
1
1
1
1
1
1
1
1
1
1
1
1
1
1
1
1
1
1
1
1
1
1
1
1
1
1
1
1
1
1
1
1
1
1
1
1
