# Vetor de dados - syn_f004369-1-Pre--front--vetorcoluna.txt
# Total de elementos: 1024
# Formato: um valor por linha
#==================================================

1
1
1
1
1
1
1
1
1
1
1
1
1
1
1
1
1
1
1
1
1
1
1
1
1
1
1
1
1
1
1
1
1
1
1
1
1
1
1
1
1
1
1
1
1
1
1
1
1
1
1
1
1
1
1
1
1
1
1
1
1
1
1
1
1
1
1
1
1
1
1
1
1
1
1
1
1
1
1
1
1
1
1
1
1
1
1
1
1
1
1
1
1
1
1
1
1
1
1
1
1
1
1
1
1
1
1
1
1
1
1
1
1
1
1
1
1
1
1
1
1
1
1
1
1
1
1
1
1
1
1
1
1
1
1
1
1
1
1
1
1
1
1
1
1
1
1
1
1
1
1
1
1
1
1
1
1
1
1
1
1
1
1
1
1
1
1
1
1
1
1
1
1
1
1
1
1
1
1
1
1
1
1
1
1
1
1
1
1
1
1
1
1
1
1
1
1
1
1
1
1
1
1
1
1
1
1
1
1
1
1
1
1
1
1
1
1
1
1
1
1
1
1
1
1
1
1
1
1
1
1
1
1
6
8
8
8
8
8
8
8
8
8
8
8
8
8
8
8
8
8
9
10
16
17
17
18
17
17
18
18
18
18
17
17
17
17
17
17
17
17
17
18
18
18
19
18
18
18
18
19
18
18
18
17
16
16
16
16
16
16
16
16
16
16
16
16
16
16
16
16
16
17
17
17
17
17
18
19
20
19
20
20
20
20
20
21
22
22
22
22
22
23
23
23
23
25
25
25
25
25
26
26
27
27
27
27
27
28
28
29
29
29
29
30
30
31
31
31
31
31
31
32
32
32
32
32
32
32
32
31
31
31
31
31
31
30
30
29
29
29
29
28
28
28
28
28
28
28
28
28
28
28
28
28
28
28
28
28
28
29
29
29
29
29
29
29
29
29
29
29
30
30
30
30
30
30
30
30
30
30
30
30
30
30
30
31
31
31
31
31
31
32
33
32
33
34
34
34
34
35
35
36
36
37
37
38
39
39
40
41
42
44
45
47
48
49
51
52
53
53
54
55
57
58
59
60
61
63
64
67
69
278
282
286
294
376
381
386
391
396
401
471
471
471
471
472
472
472
471
471
469
470
471
472
473
473
475
475
475
551
549
476
473
471
466
463
458
453
444
416
411
408
404
399
393
386
382
377
371
362
354
348
343
346
350
357
364
370
376
384
391
395
399
401
405
408
450
454
458
462
466
471
475
546
468
469
469
469
468
466
466
465
465
466
466
468
467
467
467
466
464
462
463
463
398
394
390
385
380
375
371
295
287
281
275
64
61
58
56
55
53
52
51
49
48
46
44
43
41
39
38
37
37
37
36
36
36
35
35
35
35
35
34
33
33
33
33
32
32
32
32
32
32
32
32
32
32
32
32
31
31
31
31
31
31
30
30
30
30
30
30
30
30
29
29
29
29
29
29
29
29
29
29
29
29
28
28
28
28
29
29
29
29
29
29
29
30
30
30
30
30
30
30
31
31
31
31
31
31
32
33
33
33
33
32
32
32
32
32
32
32
32
32
32
32
31
30
30
30
30
30
30
30
30
29
28
28
28
28
28
27
27
26
26
26
25
25
25
25
25
23
23
23
23
22
22
22
22
22
21
21
21
21
19
19
19
18
18
18
18
18
17
17
17
17
17
17
17
16
16
16
16
16
15
15
16
16
16
17
17
17
17
18
18
18
18
18
18
18
18
18
18
18
18
17
17
17
17
17
17
18
18
18
18
18
17
18
18
18
18
16
9
9
8
8
8
8
8
8
8
8
8
8
8
8
8
8
8
8
8
1
1
1
1
1
1
1
1
1
1
1
1
1
1
1
1
1
1
1
1
1
1
1
1
1
1
1
1
1
1
1
1
1
1
1
1
1
1
1
1
1
1
1
1
1
1
1
1
1
1
1
1
1
1
1
1
1
1
1
1
1
1
1
1
1
1
1
1
1
1
1
1
1
1
1
1
1
1
1
1
1
1
1
1
1
1
1
1
1
1
1
1
1
1
1
1
1
1
1
1
1
1
1
1
1
1
1
1
1
1
1
1
1
1
1
1
1
1
1
1
1
1
1
1
1
1
1
1
1
1
1
1
1
1
1
1
1
1
1
1
1
1
1
1
1
1
1
1
1
1
1
1
1
1
1
1
1
1
1
1
1
1
1
1
1
1
1
1
1
1
1
1
1
1
1
1
1
1
1
1
1
1
1
1
1
1
1
1
1
1
1
1
1
1
1
1
1
1
1
1
1
1
1
1
1
1
1
1
1
1
1
1
1
1
1
1
1
1
1
1
1
1
1
1
1
1
1
1
1
1
1
1
1
