# Vetor de dados - syn_f000549-3-Pre--left--vetorlinha.txt
# Total de elementos: 768
# Formato: um valor por linha
#==================================================

1
1
1
1
1
1
1
1
1
1
1
1
1
1
1
1
1
1
1
1
1
1
1
1
1
1
1
1
1
1
1
1
1
1
1
1
1
1
1
1
1
1
1
1
1
1
1
1
1
1
1
1
1
1
1
1
1
1
1
1
1
1
1
1
1
1
1
1
1
1
1
1
1
1
1
1
1
1
1
1
1
1
1
1
1
1
1
1
1
1
1
1
1
1
1
1
1
1
1
1
1
1
1
1
1
1
1
1
1
1
1
1
1
1
1
1
1
1
1
1
19
27
34
39
42
45
48
51
53
55
57
59
61
63
64
66
67
68
70
70
71
71
73
73
74
74
75
75
75
76
76
76
76
76
76
77
78
78
79
79
80
80
80
81
81
82
82
82
82
82
81
80
77
75
73
73
72
72
71
70
69
69
68
68
67
67
66
66
66
66
66
66
66
66
66
66
65
64
64
61
58
55
54
53
52
52
52
53
52
53
52
53
52
53
54
55
55
56
56
57
178
190
208
223
227
231
237
244
253
259
280
298
298
298
298
297
296
293
292
290
283
283
281
265
262
259
244
219
214
211
208
204
201
197
193
189
184
176
168
159
149
143
125
119
114
108
103
102
103
104
104
105
105
105
106
107
107
107
107
107
107
107
107
107
107
107
107
106
106
106
106
106
106
106
105
105
104
103
103
103
103
102
102
101
101
100
100
99
100
100
99
100
100
99
99
99
98
98
98
97
97
96
96
95
95
95
94
94
93
93
93
92
92
91
91
91
91
90
91
91
91
91
91
91
91
91
92
91
92
92
93
93
94
95
95
95
96
96
97
98
99
100
101
102
103
104
105
106
107
108
109
110
111
111
111
112
112
113
113
115
115
116
116
117
117
117
118
118
118
118
119
120
120
120
120
120
120
120
120
120
120
120
120
120
120
120
120
119
118
118
118
118
117
116
116
116
115
114
113
113
112
111
110
108
108
106
105
102
101
100
100
100
99
98
97
96
95
94
93
91
90
89
88
87
87
86
86
86
87
87
87
87
86
86
86
87
87
87
87
87
87
87
88
88
88
88
88
88
87
87
88
88
88
88
88
88
88
87
87
87
87
87
87
86
86
86
85
85
85
85
84
83
83
83
83
83
81
81
81
81
80
79
79
78
78
78
77
76
76
75
75
74
73
72
72
71
71
70
69
68
68
67
67
66
66
66
64
64
64
63
63
63
62
62
62
61
61
61
61
60
60
61
60
60
60
60
60
60
59
59
59
59
58
59
58
59
58
58
58
58
58
57
57
57
57
56
56
57
56
56
56
57
57
57
57
57
56
56
56
56
56
56
56
56
57
57
56
56
56
57
57
57
57
58
57
57
57
57
57
57
57
56
55
55
55
55
55
54
54
54
54
53
53
52
51
51
51
51
49
49
49
49
48
48
47
46
46
45
45
44
43
43
43
42
42
41
41
40
40
40
40
39
39
39
39
38
38
39
39
39
40
39
40
40
41
42
43
44
46
47
50
52
54
57
59
68
71
72
73
75
77
80
81
83
84
86
86
86
85
85
86
85
54
57
60
64
67
71
75
78
80
83
85
87
89
91
91
90
90
88
87
86
85
79
65
57
51
47
42
40
30
1
1
1
1
1
1
1
1
1
1
1
1
1
1
1
1
1
1
1
1
1
1
1
1
1
1
1
1
1
1
1
1
1
1
1
1
1
1
1
1
1
1
1
1
1
1
1
1
1
1
1
1
1
1
1
1
1
