# Vetor de dados - syn_f002596-2-Pre--left--vetorlinha.txt
# Total de elementos: 768
# Formato: um valor por linha
#==================================================

1
1
1
1
1
1
1
1
1
1
1
1
1
1
1
1
1
1
1
1
1
1
1
1
1
1
1
1
1
1
1
1
1
1
1
1
1
1
1
1
1
1
1
1
1
1
1
1
1
1
1
1
1
1
1
1
1
1
1
1
1
1
1
1
1
1
1
1
1
1
1
1
1
1
1
1
1
1
1
1
1
1
1
1
1
1
1
1
1
1
1
1
1
1
1
1
1
1
1
1
1
1
1
1
1
1
1
1
1
1
1
1
1
1
14
25
31
36
40
44
47
50
53
55
57
59
61
63
64
66
67
68
69
70
71
72
72
73
74
75
75
76
76
76
76
76
76
76
76
76
76
76
76
77
77
77
77
78
79
79
80
81
81
82
81
81
80
79
77
75
73
72
71
71
70
69
68
67
67
67
66
65
65
64
65
65
64
64
64
64
64
64
64
63
62
59
50
47
47
46
46
46
46
46
47
47
48
48
48
49
49
50
51
51
52
53
53
56
66
161
169
175
181
187
196
208
215
220
228
238
248
255
270
279
294
295
295
295
294
292
289
289
283
278
277
258
255
207
203
199
193
189
183
176
169
161
110
103
97
91
90
91
91
92
93
93
93
93
93
93
93
93
93
93
93
93
93
93
93
93
92
92
92
92
92
91
91
91
91
90
90
88
88
87
87
86
85
83
83
82
83
83
83
84
85
84
85
85
85
85
85
86
86
86
86
86
86
86
86
86
85
85
84
84
83
83
83
82
82
82
82
82
81
80
80
80
79
79
79
79
78
79
79
79
79
79
80
81
82
84
85
86
86
86
87
87
88
88
89
89
90
90
91
93
93
94
94
95
95
97
97
98
98
99
99
99
99
99
100
100
100
100
101
100
100
101
101
100
100
100
99
99
100
99
99
98
98
98
97
97
97
96
95
95
96
96
96
97
96
96
96
97
96
96
97
96
96
96
96
96
96
96
95
96
95
94
94
94
93
92
92
91
90
89
88
89
88
87
87
87
87
86
87
87
87
87
87
87
87
87
87
87
87
87
87
87
87
87
86
86
86
86
86
86
86
86
86
85
85
85
85
84
84
84
84
84
83
83
82
82
81
81
81
81
80
80
79
79
79
78
78
78
77
76
76
76
75
75
74
73
73
72
72
72
70
70
69
69
67
67
67
66
65
64
63
63
62
62
60
60
59
58
58
57
57
56
56
56
55
56
56
55
55
55
56
55
56
56
57
56
56
57
57
57
57
57
57
56
56
56
56
56
55
56
55
55
55
54
55
54
53
54
53
52
52
52
52
52
51
51
51
51
51
51
51
51
51
51
51
51
51
50
50
49
49
49
49
50
50
50
50
50
50
50
50
49
49
49
49
49
49
49
49
48
48
48
48
47
47
47
47
47
46
45
45
45
45
45
43
43
43
43
43
42
41
41
41
41
40
40
39
39
38
38
38
38
38
36
36
36
36
36
36
36
35
34
34
34
34
34
34
33
33
34
35
36
36
38
39
40
43
44
46
49
51
54
56
58
61
66
69
71
73
74
76
77
78
80
83
83
86
86
85
85
86
86
84
52
55
58
61
65
68
71
74
77
80
83
85
87
88
90
91
90
89
88
84
78
69
63
57
51
48
45
42
36
1
1
1
1
1
1
1
1
1
1
1
1
1
1
1
1
1
1
1
1
1
1
1
1
1
1
1
1
1
1
1
1
1
1
1
1
1
1
1
1
1
1
1
1
1
1
1
1
1
1
1
1
