# Vetor de dados - syn_f000647-2-Pre--front--vetorlinha.txt
# Total de elementos: 768
# Formato: um valor por linha
#==================================================

1
1
1
1
1
1
1
1
1
1
1
1
1
1
1
1
1
1
1
1
1
1
1
1
1
1
1
1
1
1
1
1
1
1
1
1
1
1
1
1
1
1
1
1
1
1
1
1
1
1
1
1
1
1
1
1
1
1
1
1
1
1
1
1
1
1
1
1
1
1
1
1
1
1
1
1
1
1
1
1
1
1
1
1
1
1
1
1
1
1
1
1
1
1
1
1
1
1
1
1
1
1
1
1
1
1
1
1
1
1
1
1
1
1
1
1
9
21
26
30
34
37
39
41
43
45
47
49
49
51
53
53
55
56
57
57
58
59
59
60
61
61
61
62
62
62
62
62
62
62
62
62
62
62
61
62
65
68
69
70
70
70
69
69
69
68
68
67
67
66
65
64
63
62
62
58
57
55
53
51
51
51
51
50
49
49
48
48
47
47
46
46
45
45
46
46
45
45
45
45
45
46
47
48
48
50
54
57
60
62
67
71
269
274
279
289
301
344
349
356
364
370
373
378
377
386
430
439
448
455
458
463
468
418
422
423
421
420
419
418
419
419
419
421
427
429
417
410
395
376
372
369
366
343
344
344
343
251
152
150
149
148
147
146
145
145
144
144
143
142
142
141
140
139
138
137
136
135
134
133
131
130
128
128
127
125
125
123
122
122
121
120
119
118
118
117
116
116
116
114
114
112
112
111
109
109
109
108
107
107
107
107
107
107
107
107
106
106
106
106
106
106
106
105
105
105
105
105
105
105
105
104
103
103
103
103
103
103
103
102
101
101
101
101
101
102
102
102
104
104
106
106
108
108
110
110
112
112
113
114
114
115
115
116
117
117
117
117
119
119
119
120
121
121
122
122
123
123
124
124
124
125
126
126
126
126
126
126
126
126
125
126
127
127
127
127
127
127
127
127
127
129
129
129
129
129
129
129
130
130
130
130
131
132
132
133
133
134
134
135
135
136
136
136
136
136
137
137
138
138
138
138
138
138
138
138
138
138
138
138
138
137
137
137
137
137
137
136
136
136
136
136
136
136
136
136
136
135
135
135
135
135
134
134
134
134
134
133
132
132
132
132
131
131
131
130
129
129
129
128
128
127
127
126
126
126
125
125
124
124
124
123
122
122
122
122
121
120
120
118
118
118
116
116
115
114
114
113
112
112
111
111
110
109
109
109
109
108
107
107
107
107
106
106
106
105
105
105
105
105
105
105
105
105
105
105
105
105
105
105
105
104
104
104
104
104
104
104
104
104
104
104
105
105
105
105
105
105
106
106
106
107
107
107
107
108
109
109
109
109
109
109
110
110
111
111
111
111
111
111
111
111
111
112
112
112
111
111
111
111
111
111
111
111
111
111
110
110
110
109
109
108
108
108
108
107
107
106
106
106
105
105
104
104
103
103
102
102
101
101
101
101
100
99
99
99
99
97
97
97
97
96
96
95
95
95
95
94
94
93
93
93
92
92
92
91
91
91
91
91
91
90
90
90
90
90
89
90
89
90
90
90
90
91
91
91
91
91
91
91
91
92
92
92
92
93
93
94
95
95
95
97
97
98
98
99
100
101
102
102
103
104
104
106
106
106
108
108
108
109
110
110
110
109
109
108
107
105
102
99
95
91
42
41
36
1
1
1
1
1
1
1
1
1
1
1
1
1
1
1
1
1
1
1
1
1
1
1
1
1
1
1
1
1
1
1
1
1
1
1
1
1
1
1
1
1
1
1
1
1
1
1
1
1
1
1
1
1
