# Vetor de dados - syn_f003985-0-Pre--left--vetorlinha.txt
# Total de elementos: 768
# Formato: um valor por linha
#==================================================

1
1
1
1
1
1
1
1
1
1
1
1
1
1
1
1
1
1
1
1
1
1
1
1
1
1
1
1
1
1
1
1
1
1
1
1
1
1
1
1
1
1
1
1
1
1
1
1
1
1
1
1
1
1
1
1
1
1
1
1
1
1
1
1
1
1
1
1
1
1
1
1
1
1
1
1
1
1
1
1
1
1
1
1
1
1
1
1
1
1
1
1
1
1
1
1
1
1
1
1
1
1
1
1
1
1
1
1
1
1
1
1
1
1
1
1
1
1
1
1
1
1
1
1
1
1
1
1
1
1
1
1
1
1
1
1
1
1
1
21
29
33
38
42
45
48
51
52
55
57
59
60
62
64
65
66
66
68
68
70
70
71
72
72
72
72
73
73
73
73
73
73
73
73
73
74
74
74
74
75
76
76
77
77
78
79
78
78
77
77
74
71
71
70
69
68
67
66
65
65
64
62
62
61
60
60
59
59
58
58
57
56
54
51
44
41
40
39
40
39
40
39
39
39
39
39
39
40
40
40
40
41
41
41
41
41
42
43
44
45
45
47
48
51
55
58
62
66
72
79
143
150
156
162
169
177
185
194
213
217
222
228
236
241
249
257
263
273
275
275
275
273
271
268
260
259
79
79
80
80
80
82
81
81
81
81
81
80
80
80
79
79
78
78
77
77
77
77
76
75
75
74
74
72
72
71
71
70
70
70
70
70
69
69
69
68
68
68
67
67
66
66
66
65
65
65
65
65
65
65
65
66
65
65
65
66
66
67
66
66
68
68
69
69
68
68
69
69
70
71
71
71
71
71
71
71
70
70
70
70
70
70
71
71
71
71
73
73
73
75
76
77
77
77
78
77
77
78
78
78
78
78
79
79
79
79
79
80
79
79
80
80
80
80
80
80
80
80
81
81
81
82
82
81
81
81
82
82
82
82
82
82
82
82
82
81
82
82
81
81
80
80
79
79
80
79
79
79
79
79
79
80
80
80
80
80
79
79
79
78
78
78
77
77
76
76
77
76
75
74
74
73
73
72
72
71
71
70
70
70
69
69
68
68
67
67
67
66
65
65
64
64
63
63
63
62
62
61
60
60
60
60
60
60
59
59
59
59
59
58
58
58
58
58
56
56
56
56
56
56
55
55
55
55
54
54
54
53
53
53
53
52
52
52
52
51
51
51
50
50
50
50
49
49
49
49
48
49
49
49
49
49
48
48
48
48
49
49
48
48
48
49
49
49
50
50
49
50
49
49
49
49
49
48
48
47
46
46
45
45
44
44
43
42
42
41
41
41
41
40
40
40
41
41
41
41
41
42
42
42
41
41
41
41
41
42
42
42
42
42
41
41
41
41
40
40
40
40
40
40
40
40
40
39
38
38
38
38
38
38
37
36
36
36
36
36
36
35
34
34
34
34
34
34
33
33
33
33
33
33
33
33
32
32
32
32
33
33
33
33
34
34
35
36
37
38
38
41
42
44
47
49
52
54
60
64
66
68
69
71
71
74
81
82
82
81
82
82
81
48
52
56
60
66
70
73
77
80
82
86
87
87
87
85
84
83
82
80
74
55
47
37
33
30
1
1
1
1
1
1
1
1
1
1
1
1
1
1
1
1
1
1
1
1
1
1
1
1
1
1
1
1
1
1
1
1
1
1
1
1
1
1
1
1
1
1
1
1
1
1
1
1
1
1
1
1
1
1
1
1
1
1
1
1
1
1
1
1
1
1
1
1
1
1
1
1
1
1
