# Vetor de dados - syn_f003746-3-Pre--front--vetorlinha.txt
# Total de elementos: 768
# Formato: um valor por linha
#==================================================

1
1
1
1
1
1
1
1
1
1
1
1
1
1
1
1
1
1
1
1
1
1
1
1
1
1
1
1
1
1
1
1
1
1
1
1
1
1
1
1
1
1
1
1
1
1
1
1
1
1
1
1
1
1
1
1
1
1
1
1
1
1
1
1
1
1
1
1
1
1
1
1
1
1
1
1
1
1
1
1
1
1
1
1
1
1
1
1
1
1
1
1
1
1
1
1
1
1
1
1
1
1
1
1
1
1
1
1
1
1
1
1
1
1
1
1
10
22
26
29
33
37
39
41
43
45
47
49
50
52
52
54
55
56
58
58
59
60
60
61
62
62
62
62
62
64
64
64
63
64
64
63
63
63
63
62
64
67
71
71
72
72
72
71
70
70
70
69
68
68
68
67
66
65
63
63
61
59
56
55
55
55
54
53
53
53
52
51
50
49
48
47
47
47
47
47
47
46
47
47
47
48
50
53
57
62
66
70
80
137
149
201
212
223
236
287
307
321
332
342
355
366
378
417
431
439
446
453
459
468
475
485
494
502
513
526
542
546
549
552
555
557
558
545
543
549
554
561
565
493
496
492
486
470
461
438
374
352
353
352
352
151
150
149
149
149
148
148
148
148
148
148
147
147
147
147
147
147
146
145
145
145
145
144
143
143
143
141
141
141
141
139
139
138
137
137
136
135
134
133
132
131
130
128
128
126
125
124
123
121
121
121
121
121
121
121
121
121
121
121
121
119
119
119
119
119
119
119
119
120
121
121
121
122
123
123
123
123
123
123
123
123
124
124
123
123
124
124
124
125
126
127
129
129
131
132
133
134
136
137
139
140
141
143
144
145
146
146
148
148
150
150
151
152
152
153
153
154
154
154
154
154
154
154
154
154
154
154
154
153
152
152
152
152
152
151
151
152
151
151
151
152
152
152
152
152
152
152
153
153
153
153
154
155
155
155
155
157
157
157
157
157
158
158
158
159
159
159
160
160
160
160
160
160
160
160
160
161
161
161
160
160
160
160
160
160
160
160
160
160
160
159
159
159
159
158
158
158
158
157
157
157
157
156
156
156
156
155
155
155
155
155
154
153
153
153
153
153
151
151
150
149
148
148
147
146
146
145
144
144
143
142
141
141
140
139
139
137
137
135
135
134
133
132
132
131
131
130
130
129
129
128
127
127
127
125
125
125
125
124
124
123
123
123
122
122
122
122
122
121
120
120
120
120
120
119
118
118
118
118
118
118
118
118
118
118
118
118
118
118
119
119
119
120
121
121
121
122
123
123
123
124
124
125
125
126
126
126
126
127
127
127
127
128
128
128
129
129
129
128
128
128
128
127
127
127
127
127
127
127
127
125
125
125
125
123
123
123
123
121
121
121
119
119
119
119
117
117
117
115
115
115
113
113
113
111
111
111
109
109
109
108
107
107
106
105
105
105
104
103
103
103
102
101
101
101
100
99
99
99
99
99
99
99
99
98
99
98
99
99
99
99
99
99
100
100
100
101
101
101
101
101
103
103
103
103
103
103
103
103
104
105
105
105
105
105
105
107
107
107
109
109
110
111
111
113
114
115
116
117
118
119
120
121
122
122
123
123
123
123
123
123
124
122
120
116
115
114
112
106
101
48
1
1
1
1
1
1
1
1
1
1
1
1
1
1
1
1
1
1
1
1
1
1
1
1
1
1
1
1
1
1
1
1
1
1
1
1
1
1
1
1
1
1
1
1
1
1
1
1
1
1
1
1
1
1
1
1
