# Vetor de dados - syn_f001012-3-Pre--left--vetorlinha.txt
# Total de elementos: 768
# Formato: um valor por linha
#==================================================

1
1
1
1
1
1
1
1
1
1
1
1
1
1
1
1
1
1
1
1
1
1
1
1
1
1
1
1
1
1
1
1
1
1
1
1
1
1
1
1
1
1
1
1
1
1
1
1
1
1
1
1
1
1
1
1
1
1
1
1
1
1
1
1
1
1
1
1
1
1
1
1
1
1
1
1
1
1
1
1
1
1
1
1
1
1
1
1
1
1
1
1
1
1
1
1
1
1
1
1
1
1
1
1
1
1
1
1
1
1
1
1
1
1
1
1
1
1
1
1
1
1
1
1
1
1
1
1
1
1
1
1
1
1
1
1
1
1
21
27
34
38
42
45
48
50
53
55
57
59
61
63
64
66
66
68
68
69
70
70
71
72
73
73
73
73
73
73
74
74
74
74
74
75
75
76
76
77
78
77
78
79
80
80
79
79
79
77
76
73
72
71
70
70
69
68
68
67
66
65
64
63
62
62
62
62
62
62
61
61
60
59
58
57
55
54
54
53
52
53
52
53
52
53
52
53
52
53
54
55
56
154
161
168
179
192
201
207
211
217
225
234
241
258
276
278
278
277
277
276
274
272
269
263
263
260
242
236
201
197
194
192
188
184
179
175
171
164
158
152
147
126
110
106
104
106
106
107
107
108
108
109
109
110
111
111
111
112
112
112
113
113
113
113
114
114
114
113
113
113
113
113
113
112
112
111
110
110
109
108
107
106
105
106
104
104
104
104
103
102
102
101
100
99
98
98
96
96
95
94
94
93
92
91
91
90
90
90
89
89
88
88
88
88
88
88
88
88
87
87
86
86
85
86
86
85
85
86
87
87
87
88
90
92
93
94
96
96
98
99
100
101
102
102
104
104
105
105
106
107
107
107
107
108
109
109
109
109
110
110
110
110
110
110
110
109
109
109
109
109
109
109
108
108
107
107
107
106
106
104
104
103
103
102
101
101
99
99
97
97
96
95
93
93
92
92
91
90
90
89
89
88
87
86
86
86
85
84
83
84
83
82
81
81
81
81
80
80
79
80
80
80
80
79
80
80
80
80
80
80
80
81
81
80
80
80
80
79
79
80
80
80
79
79
79
79
79
78
77
77
77
76
76
76
76
75
75
74
74
74
73
72
72
72
71
70
70
69
69
68
67
67
66
65
65
63
63
62
61
60
60
59
58
57
57
55
55
54
54
53
53
52
51
51
51
51
51
51
50
50
51
51
52
51
51
52
52
53
52
53
52
53
53
53
53
53
53
53
54
53
53
54
53
54
54
53
53
53
53
52
51
52
51
51
50
50
50
50
50
50
50
49
48
48
48
48
48
49
49
49
49
48
49
49
49
49
49
49
49
49
49
48
48
48
48
47
46
46
46
46
46
45
44
44
44
43
42
42
41
41
40
40
39
39
38
37
37
37
35
35
35
34
33
33
33
33
32
32
31
31
31
30
30
31
31
31
32
33
35
36
37
38
40
42
44
47
49
52
53
56
58
60
63
69
70
73
76
77
78
80
81
80
81
81
81
81
81
81
71
56
58
60
64
67
69
72
75
79
81
83
83
85
86
85
85
84
82
79
68
59
53
48
46
42
1
1
1
1
1
1
1
1
1
1
1
1
1
1
1
1
1
1
1
1
1
1
1
1
1
1
1
1
1
1
1
1
1
1
1
1
1
1
1
1
1
1
1
1
1
1
1
1
1
1
1
1
1
1
1
1
1
1
1
1
1
1
1
1
1
1
1
1
1
1
1
1
1
1
