# Vetor de dados - syn_f003437-1-Pre--front--vetorcoluna.txt
# Total de elementos: 1024
# Formato: um valor por linha
#==================================================

1
1
1
1
1
1
1
1
1
1
1
1
1
1
1
1
1
1
1
1
1
1
1
1
1
1
1
1
1
1
1
1
1
1
1
1
1
1
1
1
1
1
1
1
1
1
1
1
1
1
1
1
1
1
1
1
1
1
1
1
1
1
1
1
1
1
1
1
1
1
1
1
1
1
1
1
1
1
1
1
1
1
1
1
1
1
1
1
1
1
1
1
1
1
1
1
1
1
1
1
1
1
1
1
1
1
1
1
1
1
1
1
1
1
1
1
1
1
1
1
1
1
1
1
1
1
1
1
1
1
1
1
1
1
1
1
1
1
1
1
1
1
1
1
1
1
1
1
1
1
1
1
1
1
1
1
1
1
1
1
1
1
1
1
1
1
1
1
1
1
1
1
1
1
1
1
1
1
1
1
1
1
1
1
1
1
1
1
1
1
1
1
1
1
1
1
1
1
1
1
1
1
1
1
1
1
1
1
1
1
1
1
1
1
1
1
1
1
1
1
1
1
1
1
1
1
1
1
1
1
1
1
1
1
1
1
1
1
1
8
8
8
8
8
8
8
8
8
8
8
9
9
9
9
9
9
10
10
10
16
18
18
19
19
20
18
20
20
20
19
19
19
18
18
18
18
18
18
20
20
20
20
20
20
20
21
21
21
20
20
19
21
20
19
19
20
20
20
19
19
19
19
21
21
21
21
22
22
22
22
22
23
23
23
24
24
24
24
25
25
25
25
26
26
26
27
27
27
27
28
29
29
29
30
30
30
30
30
31
31
31
31
31
33
33
33
33
34
34
34
34
34
34
34
35
35
35
35
35
36
36
36
36
37
37
37
37
37
38
38
38
38
38
38
37
37
38
38
38
38
38
38
38
37
37
38
38
38
37
37
37
37
37
37
37
37
38
37
37
37
37
38
37
37
37
38
38
38
38
39
39
38
39
40
40
40
40
40
40
40
40
40
40
40
40
41
41
41
41
41
41
41
41
41
42
42
42
42
42
43
43
43
44
43
45
45
45
48
50
52
55
60
67
73
81
85
247
249
251
254
257
260
263
268
286
350
354
359
363
367
372
447
447
450
450
451
451
451
452
454
454
454
455
454
454
455
456
457
458
458
459
459
532
532
508
467
464
461
459
455
453
450
446
442
434
412
407
404
401
398
395
390
358
352
314
346
353
366
393
398
399
401
404
408
435
441
445
450
453
457
459
463
466
470
474
538
538
539
538
536
460
458
458
456
456
455
456
457
456
456
456
454
453
454
453
452
450
376
371
366
362
359
355
351
346
274
268
264
260
257
255
252
80
70
55
52
49
51
50
47
45
45
44
43
42
42
42
40
40
40
40
40
40
40
39
39
39
39
38
38
38
38
38
38
38
38
37
37
37
37
38
37
37
37
37
37
37
37
37
36
36
35
35
35
35
35
35
35
35
35
35
35
35
35
35
35
35
36
36
36
36
36
36
36
36
36
38
38
38
38
37
37
37
37
37
37
37
37
37
37
37
37
36
36
36
36
36
36
36
35
35
35
35
35
35
35
35
35
35
34
34
33
33
33
33
33
33
33
33
33
33
33
33
33
33
33
32
32
32
32
32
32
32
31
31
31
31
31
31
30
30
30
30
30
29
29
29
29
29
29
29
29
29
29
29
29
29
29
30
30
31
31
32
33
33
34
34
34
34
35
35
35
35
35
35
35
35
35
36
36
36
37
37
37
38
38
38
38
39
39
1
1
1
1
1
1
1
1
1
1
1
1
1
1
1
1
1
1
1
1
1
1
1
1
1
1
1
1
1
1
1
1
1
1
1
1
1
1
1
1
1
1
1
1
1
1
1
1
1
1
1
1
1
1
1
1
1
1
1
1
1
1
1
1
1
1
1
1
1
1
1
1
1
1
1
1
1
1
1
1
1
1
1
1
1
1
1
1
1
1
1
1
1
1
1
1
1
1
1
1
1
1
1
1
1
1
1
1
1
1
1
1
1
1
1
1
1
1
1
1
1
1
1
1
1
1
1
1
1
1
1
1
1
1
1
1
1
1
1
1
1
1
1
1
1
1
1
1
1
1
1
1
1
1
1
1
1
1
1
1
1
1
1
1
1
1
1
1
1
1
1
1
1
1
1
1
1
1
1
1
1
1
1
1
1
1
1
1
1
1
1
1
1
1
1
1
1
1
1
1
1
1
1
1
1
1
1
1
1
1
1
1
1
1
1
1
1
1
1
1
1
1
1
1
1
1
1
1
1
1
1
1
1
1
1
1
1
1
1
1
1
1
1
1
1
1
1
1
1
1
1
1
1
1
1
1
1
1
1
1
1
1
1
1
