# Vetor de dados - syn_f004197-0-Pre--left--vetorlinha.txt
# Total de elementos: 768
# Formato: um valor por linha
#==================================================

1
1
1
1
1
1
1
1
1
1
1
1
1
1
1
1
1
1
1
1
1
1
1
1
1
1
1
1
1
1
1
1
1
1
1
1
1
1
1
1
1
1
1
1
1
1
1
1
1
1
1
1
1
1
1
1
1
1
1
1
1
1
1
1
1
1
1
1
1
1
1
1
1
1
1
1
1
1
1
1
1
1
1
1
1
1
1
1
1
1
1
1
1
1
1
1
1
1
1
1
1
1
1
1
1
1
1
1
1
1
1
1
1
1
16
26
33
38
41
46
49
52
54
56
58
60
62
65
67
68
69
71
71
73
73
75
75
76
77
77
77
78
78
78
79
79
79
80
80
80
80
80
80
79
79
80
80
81
80
81
82
82
82
82
82
82
82
82
80
80
77
74
71
70
70
69
68
67
66
65
64
64
64
64
62
62
62
62
63
63
63
63
63
62
61
60
59
54
50
48
47
48
48
48
48
49
50
49
50
51
51
52
53
54
55
54
55
56
56
57
57
58
58
58
59
60
61
62
66
70
161
166
172
177
181
187
192
200
211
226
231
234
240
245
251
257
263
267
277
284
290
303
304
304
304
303
302
300
297
287
286
188
119
114
108
102
96
96
97
97
97
98
98
99
99
98
99
99
99
98
99
99
99
98
98
98
97
97
97
97
96
96
96
95
95
94
94
92
92
91
90
89
88
88
87
87
87
87
87
88
88
87
88
88
88
87
87
88
88
87
88
88
88
88
88
88
89
89
88
89
89
89
88
89
89
88
88
88
87
87
87
87
86
86
86
85
85
85
85
85
85
85
84
84
84
84
84
85
85
85
85
87
87
88
89
89
90
90
91
90
91
91
92
92
93
93
92
93
93
94
94
94
94
95
95
95
96
95
95
95
96
96
96
96
96
96
97
97
97
97
98
98
97
97
97
97
98
98
98
97
97
97
97
96
96
96
96
96
95
94
93
93
92
92
92
92
93
93
93
93
93
92
92
92
92
92
91
91
91
90
89
89
88
88
87
87
86
86
86
84
84
84
83
83
82
82
81
81
80
79
79
79
78
78
77
77
75
75
75
74
74
74
73
73
72
72
71
71
71
71
71
71
70
70
70
70
70
70
69
69
69
69
68
68
68
68
67
67
67
67
67
66
67
67
67
67
66
66
66
66
65
65
65
64
64
64
63
63
63
62
61
61
60
60
60
60
59
59
59
59
58
58
58
58
58
57
56
56
56
56
57
57
57
58
57
58
58
58
59
59
60
60
60
60
60
60
60
60
60
59
60
60
59
59
58
57
56
56
55
54
53
52
52
51
50
49
48
48
47
47
46
46
46
46
46
46
45
45
45
45
45
46
46
46
46
46
46
46
45
45
45
45
45
45
45
45
45
45
44
44
44
44
43
43
43
43
42
41
41
41
41
41
40
39
39
39
39
39
37
37
37
37
37
36
36
36
36
35
35
34
34
34
34
35
35
35
35
34
35
35
35
35
36
37
37
38
38
39
40
41
41
43
44
46
47
50
51
53
56
59
62
67
70
73
75
77
79
80
80
83
84
86
87
87
87
87
87
86
56
59
62
65
67
72
75
78
81
83
86
89
92
93
92
92
90
88
85
82
74
65
58
52
46
41
39
1
1
1
1
1
1
1
1
1
1
1
1
1
1
1
1
1
1
1
1
1
1
1
1
1
1
1
1
1
1
1
1
1
1
1
1
1
1
1
1
1
1
1
1
1
1
1
1
1
1
1
1
1
