# Vetor de dados - syn_f004753-3-Pre--front--vetorlinha.txt
# Total de elementos: 768
# Formato: um valor por linha
#==================================================

1
1
1
1
1
1
1
1
1
1
1
1
1
1
1
1
1
1
1
1
1
1
1
1
1
1
1
1
1
1
1
1
1
1
1
1
1
1
1
1
1
1
1
1
1
1
1
1
1
1
1
1
1
1
1
1
1
1
1
1
1
1
1
1
1
1
1
1
1
1
1
1
1
1
1
1
1
1
1
1
1
1
1
1
1
1
1
1
1
1
1
1
1
1
1
1
1
1
1
1
1
1
1
1
1
1
1
1
1
1
1
1
1
1
1
1
1
1
1
1
1
1
1
1
1
1
1
1
1
1
1
1
1
8
20
24
28
32
36
38
40
42
44
46
46
48
50
50
52
53
54
54
55
56
56
57
58
58
58
58
58
58
58
58
58
58
58
57
58
58
62
65
66
66
66
66
66
64
64
64
64
62
62
62
60
59
58
57
54
51
48
47
47
47
47
45
45
45
45
45
44
44
44
44
44
44
44
44
44
44
45
47
52
56
60
64
67
71
118
128
168
177
190
202
215
230
243
284
295
307
317
349
362
371
382
392
402
415
424
431
440
447
456
465
473
481
496
505
522
526
530
535
538
542
546
532
538
549
550
549
457
442
399
359
337
337
149
146
145
144
144
143
143
143
142
141
141
140
139
138
138
137
136
136
135
135
135
134
133
133
132
130
130
128
128
126
125
124
122
122
120
118
118
116
115
114
113
112
111
110
110
110
110
110
110
111
111
111
113
111
111
111
111
111
111
111
110
109
109
108
108
108
107
105
105
104
103
102
101
100
100
99
99
99
100
100
101
103
103
104
106
107
108
109
109
111
112
113
115
117
118
119
121
122
124
125
126
127
129
129
130
131
132
132
132
133
133
134
133
133
133
133
133
133
132
132
132
131
130
130
130
130
130
130
130
130
130
130
130
130
130
130
130
130
130
131
132
132
133
134
134
135
136
136
137
137
139
139
139
140
140
141
141
142
142
142
143
143
144
144
144
144
145
145
145
144
144
144
144
144
144
144
144
144
144
144
144
144
144
144
144
144
143
143
143
143
143
143
143
143
142
141
141
141
141
141
141
140
139
139
139
139
138
137
137
137
136
136
135
134
134
133
132
132
132
130
130
130
128
128
128
126
126
126
124
124
123
122
121
120
119
119
118
117
116
116
115
114
114
113
112
112
112
110
110
110
110
110
110
110
110
110
110
110
110
110
109
110
109
109
109
109
108
108
108
108
108
108
108
108
108
108
108
108
108
108
108
108
110
110
110
111
111
111
112
112
113
113
114
114
114
115
115
115
116
116
116
117
117
117
117
117
117
117
117
117
117
117
117
117
117
116
116
116
116
116
116
115
114
114
114
113
112
112
112
112
111
110
110
110
109
108
108
108
106
106
106
105
104
104
104
103
102
102
102
101
100
100
100
99
98
98
98
98
97
96
96
96
96
96
94
94
94
94
94
93
93
92
92
92
92
92
92
92
92
92
91
92
93
93
93
93
93
93
93
93
93
94
93
93
94
94
94
95
95
96
97
97
98
99
100
101
102
103
104
105
106
106
108
109
109
109
110
110
110
111
111
110
110
109
107
105
103
98
95
44
43
40
1
1
1
1
1
1
1
1
1
1
1
1
1
1
1
1
1
1
1
1
1
1
1
1
1
1
1
1
1
1
1
1
1
1
1
1
1
1
1
1
1
1
1
1
1
1
1
1
1
1
1
1
1
1
1
1
1
1
1
1
1
1
1
1
1
1
1
1
1
1
