# Vetor de dados - syn_f004411-3-Pre--front--vetorcoluna.txt
# Total de elementos: 1024
# Formato: um valor por linha
#==================================================

1
1
1
1
1
1
1
1
1
1
1
1
1
1
1
1
1
1
1
1
1
1
1
1
1
1
1
1
1
1
1
1
1
1
1
1
1
1
1
1
1
1
1
1
1
1
1
1
1
1
1
1
1
1
1
1
1
1
1
1
1
1
1
1
1
1
1
1
1
1
1
1
1
1
1
1
1
1
1
1
1
1
1
1
1
1
1
1
1
1
1
1
1
1
1
1
1
1
1
1
1
1
1
1
1
1
1
1
1
1
1
1
1
1
1
1
1
1
1
1
1
1
1
1
1
1
1
1
1
1
1
1
1
1
1
1
1
1
1
1
1
1
1
1
1
1
1
1
1
1
1
1
1
1
1
1
1
1
1
1
1
1
1
1
1
1
1
1
1
1
1
1
1
1
1
1
1
1
1
1
1
1
1
1
1
1
1
1
1
1
1
1
1
1
1
1
1
1
1
1
1
1
1
1
1
1
1
1
1
1
1
1
1
1
1
1
1
1
1
1
1
1
1
1
1
1
1
1
1
1
1
1
1
1
1
1
1
1
1
1
1
1
1
1
1
1
1
1
12
12
12
14
15
16
16
17
17
18
18
17
17
17
17
17
16
16
17
17
17
17
17
18
18
18
18
20
19
18
18
18
18
18
17
17
17
18
18
18
18
18
19
19
19
19
19
19
19
19
19
19
19
20
20
20
21
21
21
21
21
22
22
23
23
23
23
23
23
25
25
25
25
25
26
26
27
27
27
28
28
29
29
29
30
30
30
31
31
31
32
32
32
32
32
32
32
33
34
34
34
34
34
34
34
34
34
34
34
34
33
33
33
33
33
33
32
32
32
32
32
32
30
30
30
30
30
30
30
29
29
29
29
29
29
29
28
28
28
28
28
28
29
29
29
29
29
29
29
31
31
31
31
31
31
31
31
31
31
31
31
31
31
31
31
31
31
31
31
31
31
31
30
30
30
30
31
31
32
32
32
32
33
33
34
34
34
36
37
37
38
39
41
42
43
46
48
51
54
56
57
58
59
60
61
62
63
64
68
70
72
75
77
78
80
81
82
295
298
396
400
403
406
410
414
418
488
488
488
489
490
490
489
489
488
488
490
492
492
493
494
495
494
564
496
492
488
484
478
473
410
405
394
385
381
378
374
361
350
344
339
334
329
326
323
327
332
337
342
347
352
359
369
378
384
389
396
403
408
471
477
482
487
492
567
494
494
495
494
494
493
492
491
490
491
492
492
492
492
490
490
490
488
487
414
409
405
401
397
394
390
291
287
83
81
79
78
75
73
72
69
66
60
58
56
54
53
51
48
45
43
41
40
38
37
37
36
35
34
34
33
33
32
32
32
31
31
31
31
31
31
31
31
31
31
31
31
31
31
31
31
31
31
31
31
31
31
31
30
30
30
30
30
30
30
30
29
29
29
29
29
29
29
29
29
27
27
27
27
27
28
28
28
28
29
29
29
29
29
30
30
30
30
31
31
31
31
32
32
32
32
33
33
33
33
33
33
33
33
33
33
34
33
33
33
33
33
33
33
33
32
32
31
31
31
31
31
31
31
30
30
30
30
29
28
28
28
28
28
27
27
27
27
25
25
25
25
24
24
24
23
23
22
22
22
22
22
21
21
21
20
20
19
19
19
19
18
18
18
17
17
17
17
17
17
17
16
16
16
17
17
17
18
18
20
18
18
19
19
18
18
18
18
18
17
17
17
17
18
18
17
17
18
18
18
19
18
18
18
18
18
18
17
16
10
9
9
8
8
8
8
8
9
9
9
8
8
8
8
8
8
8
8
6
5
1
1
1
1
1
1
1
1
1
1
1
1
1
1
1
1
1
1
1
1
1
1
1
1
1
1
1
1
1
1
1
1
1
1
1
1
1
1
1
1
1
1
1
1
1
1
1
1
1
1
1
1
1
1
1
1
1
1
1
1
1
1
1
1
1
1
1
1
1
1
1
1
1
1
1
1
1
1
1
1
1
1
1
1
1
1
1
1
1
1
1
1
1
1
1
1
1
1
1
1
1
1
1
1
1
1
1
1
1
1
1
1
1
1
1
1
1
1
1
1
1
1
1
1
1
1
1
1
1
1
1
1
1
1
1
1
1
1
1
1
1
1
1
1
1
1
1
1
1
1
1
1
1
1
1
1
1
1
1
1
1
1
1
1
1
1
1
1
1
1
1
1
1
1
1
1
1
1
1
1
1
1
1
1
1
1
1
1
1
1
1
1
1
1
1
1
1
1
1
1
1
1
1
1
1
1
1
1
1
1
1
1
1
1
1
1
1
1
1
1
1
1
1
1
1
1
1
1
1
1
1
