# Vetor de dados - syn_f003156-2-Pre--left--vetorlinha.txt
# Total de elementos: 768
# Formato: um valor por linha
#==================================================

1
1
1
1
1
1
1
1
1
1
1
1
1
1
1
1
1
1
1
1
1
1
1
1
1
1
1
1
1
1
1
1
1
1
1
1
1
1
1
1
1
1
1
1
1
1
1
1
1
1
1
1
1
1
1
1
1
1
1
1
1
1
1
1
1
1
1
1
1
1
1
1
1
1
1
1
1
1
1
1
1
1
1
1
1
1
1
1
1
1
1
1
1
1
1
1
1
1
1
1
1
1
1
1
1
1
1
1
1
1
1
1
1
1
1
1
1
1
1
1
1
1
1
1
1
1
1
1
1
1
1
1
1
1
1
1
1
1
1
1
13
23
30
35
40
42
45
48
51
53
55
57
59
61
62
64
64
66
67
68
68
69
70
70
71
72
72
72
72
72
72
72
73
73
73
74
74
75
76
77
77
77
78
79
80
79
80
80
79
78
77
74
73
71
70
70
69
69
67
67
66
65
65
64
62
62
62
61
62
62
62
62
62
61
60
59
58
56
53
50
48
48
46
45
45
45
44
44
45
44
45
45
45
46
46
46
47
48
146
151
157
163
175
195
199
203
209
215
224
230
243
260
263
263
262
262
261
259
257
249
248
247
230
189
186
182
178
174
170
165
158
146
140
96
90
85
85
86
87
87
88
88
89
89
90
90
89
90
90
90
90
90
90
90
90
90
90
89
89
89
89
88
88
88
88
87
87
86
86
85
84
84
83
83
82
82
82
82
82
82
82
82
82
81
81
81
80
80
79
79
78
78
78
78
77
76
76
76
76
75
75
75
75
75
74
74
74
75
74
74
75
74
74
75
75
77
77
78
79
81
81
83
83
84
84
85
85
85
85
84
85
85
86
86
87
88
88
89
89
90
91
91
91
92
92
94
94
94
94
95
96
96
96
97
98
98
98
99
99
100
100
100
100
101
101
101
101
101
102
102
102
101
101
101
101
101
101
101
100
99
98
98
97
97
96
95
93
91
89
88
87
87
87
86
86
85
85
84
83
82
83
82
82
81
80
79
78
78
77
78
77
77
77
76
76
76
75
75
75
75
75
75
75
75
75
75
74
74
74
74
74
74
74
72
72
72
72
72
72
71
70
70
70
70
70
70
70
69
69
68
68
68
68
67
67
67
67
66
66
66
66
66
64
64
64
63
63
63
62
62
62
61
61
60
59
59
59
58
58
58
58
57
57
57
55
55
55
54
54
54
54
55
55
55
55
56
56
56
57
56
57
57
58
59
58
59
58
59
58
57
58
57
57
57
57
56
55
55
54
53
53
53
52
51
51
50
50
50
49
49
49
49
49
49
49
49
49
49
49
49
48
48
49
49
49
49
50
50
49
49
49
49
49
49
48
48
48
48
48
48
47
46
46
46
46
46
44
44
44
44
44
42
42
42
41
41
40
39
39
39
38
37
37
36
36
36
35
35
35
36
35
35
36
36
36
37
37
38
39
39
42
43
45
48
50
52
55
57
61
65
67
69
71
74
74
76
77
78
78
78
78
79
78
42
44
46
48
50
52
55
59
63
68
71
75
78
81
84
85
85
84
83
82
80
79
76
65
56
50
46
40
38
31
1
1
1
1
1
1
1
1
1
1
1
1
1
1
1
1
1
1
1
1
1
1
1
1
1
1
1
1
1
1
1
1
1
1
1
1
1
1
1
1
1
1
1
1
1
1
1
1
1
1
1
1
1
1
1
1
1
1
1
1
1
1
1
1
1
1
1
1
1
1
1
1
1
1
1
