# Vetor de dados - syn_f000523-1-Pre--left--vetorlinha.txt
# Total de elementos: 768
# Formato: um valor por linha
#==================================================

1
1
1
1
1
1
1
1
1
1
1
1
1
1
1
1
1
1
1
1
1
1
1
1
1
1
1
1
1
1
1
1
1
1
1
1
1
1
1
1
1
1
1
1
1
1
1
1
1
1
1
1
1
1
1
1
1
1
1
1
1
1
1
1
1
1
1
1
1
1
1
1
1
1
1
1
1
1
1
1
1
1
1
1
1
1
1
1
1
1
1
1
1
1
1
1
1
1
1
1
1
1
1
1
1
1
1
1
1
1
1
1
1
1
1
1
1
1
1
1
1
1
1
1
1
1
1
1
20
27
34
37
42
45
48
50
52
54
56
58
61
63
64
65
66
67
69
69
69
71
71
72
73
73
73
74
74
74
75
75
75
75
75
75
75
76
77
76
77
78
78
79
78
79
79
78
77
76
74
70
68
68
66
65
64
63
62
61
61
61
59
59
59
58
59
59
59
59
59
59
59
58
56
56
54
51
48
46
46
46
46
47
47
48
48
48
49
49
50
50
50
51
51
51
52
52
52
52
52
55
59
62
66
70
76
82
88
94
101
108
152
160
166
173
179
184
189
195
201
206
212
220
227
230
233
235
240
243
247
252
256
259
263
269
274
279
284
293
294
293
292
291
289
286
93
93
93
94
94
95
95
94
94
95
95
95
94
94
94
95
95
95
94
94
94
94
94
94
92
92
92
91
90
90
88
88
87
86
84
82
80
77
76
77
76
76
77
76
76
77
77
77
77
77
78
77
77
78
78
78
78
78
79
78
78
79
79
79
78
79
79
79
79
79
79
79
79
79
78
79
79
79
80
80
79
79
79
79
79
79
79
80
80
82
82
82
83
83
84
85
86
86
86
87
87
89
89
90
90
90
91
91
91
92
92
92
92
92
93
93
93
93
93
94
94
94
94
93
93
93
94
92
92
92
91
92
92
90
90
89
89
89
88
87
86
85
84
84
83
83
83
82
82
81
81
80
80
80
80
79
79
78
77
77
76
75
74
74
73
72
72
72
71
71
70
70
70
69
69
68
68
68
68
68
68
68
67
67
67
66
66
66
66
66
66
65
64
64
64
64
64
63
63
63
63
63
63
62
62
62
61
61
61
60
60
60
60
60
60
58
58
58
58
58
57
57
57
57
56
55
55
55
54
54
54
54
52
52
52
52
51
51
51
50
50
50
50
50
49
49
49
49
48
48
49
49
49
49
49
49
50
50
50
50
51
51
51
52
52
52
53
53
53
53
53
53
53
53
53
53
52
51
52
51
50
50
49
49
48
47
48
47
46
46
45
45
44
45
45
44
44
44
44
44
45
45
44
45
45
45
45
45
46
46
46
45
45
45
46
46
46
46
46
45
45
45
45
45
45
45
44
44
44
44
44
43
43
42
42
42
42
42
42
40
40
40
40
40
40
39
38
38
38
38
37
37
37
37
35
35
36
36
36
36
35
35
35
36
36
36
37
36
36
36
37
37
38
38
39
40
40
42
43
45
47
51
53
57
59
61
65
67
69
71
73
75
77
81
85
87
86
86
86
86
43
44
46
48
51
55
58
62
66
71
73
76
79
83
85
90
91
90
88
87
85
81
79
71
62
56
50
42
39
35
1
1
1
1
1
1
1
1
1
1
1
1
1
1
1
1
1
1
1
1
1
1
1
1
1
1
1
1
1
1
1
1
1
1
1
1
1
1
1
1
1
1
1
1
1
1
1
1
1
1
1
1
1
1
1
1
1
1
1
1
1
1
1
1
