# Vetor de dados - syn_f000227-3-Pre--left--vetorlinha.txt
# Total de elementos: 768
# Formato: um valor por linha
#==================================================

1
1
1
1
1
1
1
1
1
1
1
1
1
1
1
1
1
1
1
1
1
1
1
1
1
1
1
1
1
1
1
1
1
1
1
1
1
1
1
1
1
1
1
1
1
1
1
1
1
1
1
1
1
1
1
1
1
1
1
1
1
1
1
1
1
1
1
1
1
1
1
1
1
1
1
1
1
1
1
1
1
1
1
1
1
1
1
1
1
1
1
1
1
1
1
1
1
1
1
1
1
1
1
1
1
1
1
1
1
1
1
1
1
1
20
27
34
38
43
46
49
52
55
56
58
60
62
64
65
68
68
70
70
72
73
73
74
75
76
76
76
77
77
77
77
77
77
78
79
79
79
79
79
79
79
80
81
80
81
82
83
84
83
84
85
84
84
83
82
80
77
76
75
74
73
73
72
70
70
69
68
68
68
67
66
66
66
66
66
66
66
67
67
66
65
64
63
61
59
57
56
54
54
54
53
54
53
53
53
53
54
54
54
54
55
55
56
56
56
56
58
61
64
72
79
87
95
103
112
140
153
158
162
167
171
174
178
183
187
191
196
201
207
212
217
220
223
226
228
232
236
240
245
249
252
256
262
269
273
278
286
290
290
291
290
289
286
284
274
100
101
100
100
100
101
101
101
101
101
101
101
100
100
100
100
99
99
99
98
98
97
97
96
96
94
94
93
93
93
92
91
91
91
91
90
91
91
91
92
91
91
92
92
92
91
91
90
90
90
89
89
88
88
87
86
86
85
85
86
85
85
85
85
85
85
85
85
85
84
84
84
84
84
83
83
83
83
83
83
84
84
85
86
87
87
88
89
90
91
92
92
93
94
96
96
97
99
100
101
102
103
104
104
105
106
107
107
108
108
108
108
110
110
110
110
111
111
111
112
112
112
112
113
113
113
113
113
113
113
113
114
113
113
113
113
113
113
112
111
111
111
110
110
110
109
109
108
107
107
107
105
104
104
103
102
101
102
101
101
101
100
100
99
99
99
99
98
97
97
97
96
96
95
95
95
94
94
93
92
92
91
91
92
91
91
90
89
89
89
89
89
90
90
90
90
91
91
90
90
91
91
91
91
90
90
91
91
91
91
90
90
91
90
89
89
89
89
88
88
88
88
88
87
86
86
86
86
84
84
84
84
83
82
82
82
81
81
81
80
80
79
79
78
77
77
76
76
76
75
74
73
73
72
72
70
70
69
69
68
67
67
66
65
65
65
64
63
62
62
61
61
60
60
59
59
59
58
58
59
58
59
59
59
59
59
58
59
58
59
58
58
58
58
58
57
57
57
56
57
56
56
55
55
55
54
54
55
54
54
54
54
53
54
53
53
53
53
54
54
54
55
55
54
54
55
55
55
55
55
56
56
56
56
56
55
55
55
55
55
55
55
54
54
54
54
54
54
54
53
53
53
52
52
52
51
51
50
50
50
49
49
48
48
48
47
46
46
45
45
45
43
44
44
42
42
42
42
42
42
42
41
41
42
42
42
42
42
43
44
45
45
47
47
49
50
53
55
57
60
62
68
71
74
75
76
80
81
83
86
86
88
90
91
90
91
91
90
47
48
50
52
55
58
61
64
67
70
74
77
78
80
83
85
86
88
90
91
91
90
88
83
74
66
58
53
46
41
38
34
1
1
1
1
1
1
1
1
1
1
1
1
1
1
1
1
1
1
1
1
1
1
1
1
1
1
1
1
1
1
1
1
1
1
1
1
1
1
1
1
1
1
1
1
1
1
1
1
1
