# Vetor de dados - syn_f004286-0-Pre--front--vetorcoluna.txt
# Total de elementos: 1024
# Formato: um valor por linha
#==================================================

1
1
1
1
1
1
1
1
1
1
1
1
1
1
1
1
1
1
1
1
1
1
1
1
1
1
1
1
1
1
1
1
1
1
1
1
1
1
1
1
1
1
1
1
1
1
1
1
1
1
1
1
1
1
1
1
1
1
1
1
1
1
1
1
1
1
1
1
1
1
1
1
1
1
1
1
1
1
1
1
1
1
1
1
1
1
1
1
1
1
1
1
1
1
1
1
1
1
1
1
1
1
1
1
1
1
1
1
1
1
1
1
1
1
1
1
1
1
1
1
1
1
1
1
1
1
1
1
1
1
1
1
1
1
1
1
1
1
1
1
1
1
1
1
1
1
1
1
1
1
1
1
1
1
1
1
1
1
1
1
1
1
1
1
1
1
1
1
1
1
1
1
1
1
1
1
1
1
1
1
1
1
1
1
1
1
1
1
1
1
1
1
1
1
1
1
1
1
1
1
1
1
1
1
1
1
1
1
1
1
1
1
1
1
1
1
1
1
1
1
1
1
1
1
1
1
1
1
1
1
1
1
1
1
1
1
1
1
1
1
1
1
1
1
1
1
19
19
19
19
19
19
19
19
19
19
19
19
19
19
19
20
20
20
20
20
20
20
20
20
21
21
21
21
21
21
21
22
22
22
22
22
23
23
23
23
23
23
23
23
23
23
23
23
24
23
23
23
23
23
23
23
23
23
23
23
23
23
23
23
23
23
23
23
23
24
24
24
25
25
25
26
26
26
26
27
27
27
27
27
28
28
28
28
28
29
29
29
29
29
29
30
30
30
30
30
31
31
31
31
31
31
32
32
32
33
33
33
34
34
33
33
33
33
34
34
33
33
33
33
33
32
32
32
33
32
32
32
32
31
31
31
31
30
30
30
30
31
31
30
30
30
30
30
30
31
31
31
31
31
31
32
32
32
32
32
33
33
33
33
33
33
33
34
34
34
34
34
34
35
35
35
35
35
35
35
35
35
35
35
35
35
36
36
36
36
37
36
37
37
37
39
41
44
47
49
51
53
54
55
57
56
77
79
243
246
249
252
256
259
262
265
269
274
281
361
366
373
380
387
459
459
462
462
462
462
464
464
464
463
463
462
463
464
464
464
465
465
464
462
458
455
450
445
442
438
432
409
404
401
398
396
393
391
348
340
335
330
326
322
317
307
304
319
323
326
330
333
337
341
346
386
388
390
392
394
397
401
425
431
434
437
440
444
450
385
466
466
466
465
464
463
463
464
464
464
464
464
463
462
462
462
462
460
459
393
386
378
371
365
298
279
273
268
263
259
256
253
250
247
79
76
56
56
54
53
51
49
47
45
44
41
40
39
38
38
38
36
36
36
36
35
35
35
35
34
34
34
34
33
33
33
33
33
32
32
33
33
33
32
32
32
32
32
32
32
31
31
31
30
30
30
30
30
30
30
30
29
29
29
29
29
29
29
30
30
30
30
31
31
31
31
31
31
31
31
32
32
32
32
32
32
32
32
32
33
34
34
34
34
34
33
33
33
33
33
33
33
33
33
33
33
33
33
32
32
31
31
31
31
31
30
30
30
30
30
29
28
28
28
28
28
28
26
26
26
26
26
25
25
25
25
24
24
24
24
23
23
23
23
23
23
23
23
23
22
21
21
21
21
21
21
21
21
21
21
21
21
21
19
19
19
19
19
19
19
20
18
18
18
20
18
19
20
21
20
21
21
20
20
21
21
19
20
20
20
20
20
20
20
21
21
21
21
22
22
22
23
23
23
23
23
23
23
23
23
22
16
16
16
16
16
16
16
16
16
16
16
16
16
16
16
16
16
16
16
16
16
13
1
1
1
1
1
1
1
1
1
1
1
1
1
1
1
1
1
1
1
1
1
1
1
1
1
1
1
1
1
1
1
1
1
1
1
1
1
1
1
1
1
1
1
1
1
1
1
1
1
1
1
1
1
1
1
1
1
1
1
1
1
1
1
1
1
1
1
1
1
1
1
1
1
1
1
1
1
1
1
1
1
1
1
1
1
1
1
1
1
1
1
1
1
1
1
1
1
1
1
1
1
1
1
1
1
1
1
1
1
1
1
1
1
1
1
1
1
1
1
1
1
1
1
1
1
1
1
1
1
1
1
1
1
1
1
1
1
1
1
1
1
1
1
1
1
1
1
1
1
1
1
1
1
1
1
1
1
1
1
1
1
1
1
1
1
1
1
1
1
1
1
1
1
1
1
1
1
1
1
1
1
1
1
1
1
1
1
1
1
1
1
1
1
1
1
1
1
1
1
1
1
1
1
1
1
1
1
1
1
1
1
1
1
1
1
1
1
1
1
1
1
1
1
1
1
