# Vetor de dados - syn_f003121-2-Pre--left--vetorlinha.txt
# Total de elementos: 768
# Formato: um valor por linha
#==================================================

1
1
1
1
1
1
1
1
1
1
1
1
1
1
1
1
1
1
1
1
1
1
1
1
1
1
1
1
1
1
1
1
1
1
1
1
1
1
1
1
1
1
1
1
1
1
1
1
1
1
1
1
1
1
1
1
1
1
1
1
1
1
1
1
1
1
1
1
1
1
1
1
1
1
1
1
1
1
1
1
1
1
1
1
1
1
1
1
1
1
1
1
1
1
1
1
1
1
1
1
1
1
1
1
1
1
1
1
1
1
1
1
1
1
1
1
1
1
1
1
1
1
1
1
1
1
1
1
16
25
32
36
41
45
47
50
53
55
57
59
61
62
64
66
66
68
68
70
70
72
72
73
73
74
74
74
74
74
74
75
76
76
77
77
77
78
78
78
79
80
80
80
81
81
82
82
82
83
82
82
80
79
76
72
71
70
69
68
67
66
65
65
64
63
63
62
63
63
63
63
63
62
61
61
60
57
54
50
48
47
46
47
46
47
47
47
46
47
47
47
48
48
48
49
49
49
50
168
205
211
215
224
234
253
275
276
276
276
275
274
272
271
265
262
263
260
245
243
232
199
195
191
187
185
181
177
173
166
157
150
144
137
112
108
103
99
94
89
85
85
86
87
88
88
90
90
91
92
92
93
93
94
93
93
94
95
95
96
95
95
95
96
95
95
95
94
93
93
93
91
91
90
88
87
86
85
83
82
81
80
78
77
77
77
77
77
76
76
75
75
75
75
75
74
74
74
74
73
73
73
73
73
73
72
72
72
72
72
72
72
72
71
71
71
71
71
72
72
72
72
72
73
73
74
75
76
76
78
79
79
80
81
82
83
83
84
85
85
86
86
86
88
88
89
89
89
90
90
91
91
92
92
92
93
93
93
94
93
94
94
94
94
94
94
94
94
94
94
94
94
93
93
93
93
93
92
92
91
91
90
90
89
88
87
87
86
85
84
84
84
84
85
84
84
84
84
83
83
82
82
82
81
81
81
79
78
78
76
76
75
74
72
71
70
70
70
69
69
69
68
68
68
68
68
68
68
67
67
68
69
68
68
68
68
68
68
68
68
68
69
69
69
69
69
68
68
68
68
68
68
68
68
68
67
67
67
67
67
67
66
66
66
66
65
64
64
64
64
64
62
62
62
62
61
60
60
60
59
59
59
57
57
57
57
56
56
55
55
55
54
54
54
53
53
52
52
52
52
51
52
52
52
51
51
51
52
52
52
52
53
53
54
54
54
54
54
54
54
54
55
54
54
54
53
54
53
53
53
52
52
52
51
50
51
50
49
49
49
49
48
48
48
48
48
48
48
48
48
48
47
48
48
48
48
49
49
49
49
49
50
49
49
49
49
49
49
49
49
48
48
48
48
48
48
48
47
46
46
46
46
46
44
44
44
44
44
42
42
42
42
41
40
40
39
39
39
39
38
38
38
38
38
37
37
37
37
36
36
36
37
37
38
38
38
39
39
40
40
41
42
44
46
47
49
52
55
56
58
60
62
63
67
71
74
77
79
82
84
86
85
86
86
86
86
85
69
58
61
64
67
70
73
76
80
84
86
89
89
91
91
90
90
88
87
87
85
83
58
50
45
38
24
1
1
1
1
1
1
1
1
1
1
1
1
1
1
1
1
1
1
1
1
1
1
1
1
1
1
1
1
1
1
1
1
1
1
1
1
1
1
1
1
1
1
1
1
1
1
1
1
1
1
1
1
1
1
1
1
1
1
1
1
1
1
1
1
1
1
