# Vetor de dados - syn_f003863-1-Pre--front--vetorcoluna.txt
# Total de elementos: 1024
# Formato: um valor por linha
#==================================================

1
1
1
1
1
1
1
1
1
1
1
1
1
1
1
1
1
1
1
1
1
1
1
1
1
1
1
1
1
1
1
1
1
1
1
1
1
1
1
1
1
1
1
1
1
1
1
1
1
1
1
1
1
1
1
1
1
1
1
1
1
1
1
1
1
1
1
1
1
1
1
1
1
1
1
1
1
1
1
1
1
1
1
1
1
1
1
1
1
1
1
1
1
1
1
1
1
1
1
1
1
1
1
1
1
1
1
1
1
1
1
1
1
1
1
1
1
1
1
1
1
1
1
1
1
1
1
1
1
1
1
1
1
1
1
1
1
1
1
1
1
1
1
1
1
1
1
1
1
1
1
1
1
1
1
1
1
1
1
1
1
1
1
1
1
1
1
1
1
1
1
1
1
1
1
1
1
1
1
1
1
1
1
1
1
1
1
1
1
1
1
1
1
1
1
1
1
1
1
1
1
1
1
1
1
1
1
1
1
1
1
1
1
1
1
1
1
1
1
1
1
1
1
1
1
1
1
1
1
8
8
9
9
9
9
9
9
9
9
9
9
9
9
9
9
9
9
9
9
9
9
16
17
17
18
18
19
19
18
18
18
18
18
18
18
18
18
17
18
18
19
19
20
20
19
19
20
20
19
19
20
19
19
20
18
18
17
17
17
16
16
16
16
16
16
16
17
17
17
17
17
17
17
17
17
17
18
19
19
19
19
19
19
20
20
20
20
20
20
21
22
22
22
22
22
22
22
23
23
23
23
23
23
24
24
24
25
25
25
25
25
26
26
26
27
27
27
27
27
27
27
27
27
28
28
28
28
28
28
28
28
28
28
28
28
28
28
29
29
29
29
28
28
27
27
27
27
27
27
27
26
26
26
26
26
26
25
25
25
25
25
26
26
26
26
26
26
26
27
27
27
27
27
27
27
27
27
27
27
28
28
28
28
28
29
29
29
29
29
29
30
30
30
30
30
31
31
32
32
33
33
33
34
34
35
36
36
36
37
38
39
39
40
40
42
42
43
45
46
49
50
52
53
54
55
56
57
58
60
61
276
280
284
372
378
385
391
398
473
475
476
475
474
474
475
476
475
475
474
475
475
475
474
474
474
473
472
547
485
481
476
469
462
454
446
408
403
400
395
376
364
352
342
336
331
327
322
316
311
308
314
319
323
327
330
334
338
345
352
360
389
395
397
401
444
450
455
461
467
474
482
470
472
472
472
473
472
472
471
471
472
473
473
473
473
472
472
471
471
470
404
399
393
387
380
374
369
285
281
277
64
62
61
60
59
58
57
56
55
54
52
51
49
48
46
45
43
42
42
41
39
38
38
37
36
35
35
34
34
34
33
32
32
32
31
31
31
31
31
30
29
29
29
29
30
29
29
29
29
29
28
28
28
28
28
27
27
27
27
27
26
26
26
26
26
26
25
26
26
26
26
26
26
26
26
26
26
26
27
27
27
27
27
27
28
28
28
28
28
29
29
29
29
29
30
30
30
30
30
29
29
30
30
30
29
29
29
29
29
29
28
28
28
28
28
27
27
27
27
27
26
26
26
26
26
25
25
25
25
25
24
23
23
23
23
23
23
23
23
23
23
23
23
23
23
23
23
23
23
23
23
23
23
23
23
23
23
23
23
23
23
23
23
23
23
23
23
23
23
23
24
24
24
24
24
24
24
24
24
24
23
23
23
23
23
23
23
23
23
22
22
22
22
22
22
22
22
22
22
22
22
22
22
22
22
21
21
21
21
21
22
22
22
22
1
1
1
1
1
1
1
1
1
1
1
1
1
1
1
1
1
1
1
1
1
1
1
1
1
1
1
1
1
1
1
1
1
1
1
1
1
1
1
1
1
1
1
1
1
1
1
1
1
1
1
1
1
1
1
1
1
1
1
1
1
1
1
1
1
1
1
1
1
1
1
1
1
1
1
1
1
1
1
1
1
1
1
1
1
1
1
1
1
1
1
1
1
1
1
1
1
1
1
1
1
1
1
1
1
1
1
1
1
1
1
1
1
1
1
1
1
1
1
1
1
1
1
1
1
1
1
1
1
1
1
1
1
1
1
1
1
1
1
1
1
1
1
1
1
1
1
1
1
1
1
1
1
1
1
1
1
1
1
1
1
1
1
1
1
1
1
1
1
1
1
1
1
1
1
1
1
1
1
1
1
1
1
1
1
1
1
1
1
1
1
1
1
1
1
1
1
1
1
1
1
1
1
1
1
1
1
1
1
1
1
1
1
1
1
1
1
1
1
1
1
1
1
1
1
1
1
1
1
1
1
1
1
1
1
1
1
1
1
1
1
1
1
1
1
1
1
1
1
1
