# Vetor de dados - syn_f003144-3-Pre--front--vetorcoluna.txt
# Total de elementos: 1024
# Formato: um valor por linha
#==================================================

1
1
1
1
1
1
1
1
1
1
1
1
1
1
1
1
1
1
1
1
1
1
1
1
1
1
1
1
1
1
1
1
1
1
1
1
1
1
1
1
1
1
1
1
1
1
1
1
1
1
1
1
1
1
1
1
1
1
1
1
1
1
1
1
1
1
1
1
1
1
1
1
1
1
1
1
1
1
1
1
1
1
1
1
1
1
1
1
1
1
1
1
1
1
1
1
1
1
1
1
1
1
1
1
1
1
1
1
1
1
1
1
1
1
1
1
1
1
1
1
1
1
1
1
1
1
1
1
1
1
1
1
1
1
1
1
1
1
1
1
1
1
1
1
1
1
1
1
1
1
1
1
1
1
1
1
1
1
1
1
1
1
1
1
1
1
1
1
1
1
1
1
1
1
1
1
1
1
1
1
1
1
1
1
1
1
1
1
1
1
1
1
1
1
1
1
1
1
1
1
1
1
1
1
1
1
1
1
1
1
1
1
1
1
1
1
1
1
1
14
14
14
14
17
18
20
20
20
20
20
20
19
19
19
20
20
19
19
19
18
20
20
19
19
19
21
21
21
21
22
21
21
21
22
21
21
21
20
21
21
21
21
21
22
22
22
22
22
23
23
23
23
23
23
23
23
23
23
23
23
24
24
24
24
24
24
24
24
25
25
25
25
25
25
25
26
26
26
26
26
26
26
27
28
28
28
28
29
29
29
29
29
31
31
31
31
31
31
32
32
32
32
33
33
33
33
34
34
34
34
34
34
35
35
35
36
36
36
36
36
36
36
36
36
36
36
36
36
36
36
37
37
37
37
36
36
35
35
35
35
35
35
35
35
35
35
35
35
35
34
34
34
34
34
34
34
35
35
35
34
34
34
34
34
35
35
35
35
35
35
35
36
36
36
36
36
36
35
35
35
36
36
36
36
36
36
36
36
36
36
36
36
36
36
37
37
37
37
37
37
37
37
37
38
38
38
38
39
39
39
40
41
41
41
42
43
44
44
45
45
46
48
50
52
55
59
61
63
65
67
69
70
286
288
291
294
298
301
305
313
399
403
407
411
416
420
425
512
513
513
512
514
515
515
516
515
515
516
516
518
518
518
519
519
519
518
517
582
559
447
513
509
504
500
495
489
485
480
473
432
428
424
422
415
398
390
380
372
364
357
350
344
328
346
350
355
362
368
374
379
385
391
402
410
416
419
421
422
475
479
483
489
495
500
432
437
440
444
514
516
517
517
517
517
516
516
514
514
512
512
513
514
515
515
515
514
514
514
513
430
426
420
415
412
408
405
401
315
297
292
287
283
69
67
65
64
62
60
56
53
51
50
49
48
47
46
45
44
43
43
42
41
41
41
40
39
39
39
39
38
37
37
37
37
37
37
37
37
37
37
37
37
37
37
37
37
37
37
37
37
37
37
37
37
37
37
37
37
37
36
36
36
36
36
36
36
36
35
35
35
35
35
35
35
36
36
35
35
35
35
36
36
36
36
36
36
36
36
37
37
37
37
37
37
37
37
37
38
38
38
38
38
38
38
38
38
38
38
38
38
38
38
38
37
36
36
36
36
36
36
36
36
35
35
35
35
35
35
34
34
33
33
33
33
33
33
31
31
31
31
31
31
30
30
30
30
29
29
28
28
28
28
28
27
27
27
26
26
26
26
25
25
25
25
25
25
25
24
24
24
24
24
24
23
23
23
23
23
23
23
23
22
22
22
22
22
22
22
22
22
21
21
21
22
22
22
22
22
22
22
22
22
22
22
22
22
21
21
21
21
19
20
20
21
21
19
20
21
21
21
22
21
21
21
21
21
21
21
21
19
18
13
13
13
13
13
13
13
12
12
12
12
12
12
12
12
12
12
12
12
1
1
1
1
1
1
1
1
1
1
1
1
1
1
1
1
1
1
1
1
1
1
1
1
1
1
1
1
1
1
1
1
1
1
1
1
1
1
1
1
1
1
1
1
1
1
1
1
1
1
1
1
1
1
1
1
1
1
1
1
1
1
1
1
1
1
1
1
1
1
1
1
1
1
1
1
1
1
1
1
1
1
1
1
1
1
1
1
1
1
1
1
1
1
1
1
1
1
1
1
1
1
1
1
1
1
1
1
1
1
1
1
1
1
1
1
1
1
1
1
1
1
1
1
1
1
1
1
1
1
1
1
1
1
1
1
1
1
1
1
1
1
1
1
1
1
1
1
1
1
1
1
1
1
1
1
1
1
1
1
1
1
1
1
1
1
1
1
1
1
1
1
1
1
1
1
1
1
1
1
1
1
1
1
1
1
1
1
1
1
1
1
1
1
1
1
1
1
1
1
1
1
1
1
