# Vetor de dados - syn_f001395-2-Pre--front--vetorlinha.txt
# Total de elementos: 768
# Formato: um valor por linha
#==================================================

1
1
1
1
1
1
1
1
1
1
1
1
1
1
1
1
1
1
1
1
1
1
1
1
1
1
1
1
1
1
1
1
1
1
1
1
1
1
1
1
1
1
1
1
1
1
1
1
1
1
1
1
1
1
1
1
1
1
1
1
1
1
1
1
1
1
1
1
1
1
1
1
1
1
1
1
1
1
1
1
1
1
1
1
1
1
1
1
1
1
1
1
1
1
1
1
1
1
1
1
1
1
1
1
1
1
1
1
1
1
1
1
1
1
1
1
1
1
1
1
1
1
12
22
26
30
34
36
38
40
42
44
46
48
49
50
52
53
54
55
56
56
57
58
58
59
59
60
60
60
60
60
60
60
60
60
60
59
59
58
63
66
67
67
67
67
67
67
65
65
65
64
63
63
62
61
59
59
57
55
50
49
48
48
47
47
46
46
45
45
44
44
44
44
44
43
43
43
43
43
43
43
43
42
43
44
46
50
54
59
62
70
76
86
120
149
163
174
185
315
389
406
421
449
458
467
478
499
512
524
546
565
582
598
598
598
597
594
579
568
557
553
554
555
555
476
387
373
358
344
325
255
229
193
169
162
159
155
153
149
147
147
145
143
143
141
139
139
137
136
134
132
130
128
126
125
124
123
121
121
119
119
118
117
116
116
114
114
114
112
112
110
110
109
108
107
106
105
104
104
102
102
100
100
99
98
98
96
96
95
95
94
94
94
94
94
94
94
94
94
94
94
94
93
93
93
93
92
92
92
92
91
90
90
90
92
92
93
94
95
97
99
99
100
101
101
101
101
102
102
102
102
102
102
102
102
102
102
103
103
104
104
106
106
108
109
110
111
112
113
114
115
116
117
117
119
119
119
120
120
120
120
122
122
122
122
122
122
123
123
123
123
124
124
124
125
125
125
125
126
127
127
127
128
129
129
129
130
131
131
131
132
133
133
134
134
134
135
135
135
135
135
135
135
137
137
137
137
137
137
137
137
137
137
137
137
136
136
136
136
136
136
136
135
135
135
135
135
134
134
134
133
133
133
132
132
132
132
132
132
131
130
130
130
130
130
129
129
129
128
128
128
127
126
126
125
124
124
122
122
122
121
120
120
119
119
118
118
117
117
116
115
115
114
114
113
112
112
111
110
110
110
109
108
108
108
106
106
106
106
106
104
104
104
104
104
104
104
104
104
104
104
104
104
104
104
104
104
104
104
103
103
103
103
103
103
103
103
103
104
104
104
104
105
105
106
106
106
106
108
108
108
108
110
110
110
110
110
111
111
112
112
112
113
113
113
113
113
113
113
113
113
114
115
115
115
115
115
115
115
115
114
113
113
113
113
113
113
113
113
113
112
111
111
111
111
111
111
110
109
109
109
109
109
107
107
107
107
106
105
105
105
104
104
103
103
102
102
102
101
100
100
100
99
99
98
98
98
97
96
96
96
95
94
94
94
93
92
92
92
92
90
90
90
89
88
88
88
88
87
87
86
86
86
86
87
87
88
88
89
89
89
89
89
89
89
89
88
88
89
90
90
90
91
92
92
92
93
94
95
95
97
98
99
100
101
102
102
102
103
104
105
106
106
106
105
105
104
104
102
101
100
96
94
93
91
89
87
37
1
1
1
1
1
1
1
1
1
1
1
1
1
1
1
1
1
1
1
1
1
1
1
1
1
1
1
1
1
1
1
1
1
1
1
1
1
1
1
1
1
1
1
1
1
1
1
1
1
1
1
1
1
1
1
1
1
1
1
