# Vetor de dados - syn_f003255-1-Pre--front--vetorcoluna.txt
# Total de elementos: 1024
# Formato: um valor por linha
#==================================================

1
1
1
1
1
1
1
1
1
1
1
1
1
1
1
1
1
1
1
1
1
1
1
1
1
1
1
1
1
1
1
1
1
1
1
1
1
1
1
1
1
1
1
1
1
1
1
1
1
1
1
1
1
1
1
1
1
1
1
1
1
1
1
1
1
1
1
1
1
1
1
1
1
1
1
1
1
1
1
1
1
1
1
1
1
1
1
1
1
1
1
1
1
1
1
1
1
1
1
1
1
1
1
1
1
1
1
1
1
1
1
1
1
1
1
1
1
1
1
1
1
1
1
1
1
1
1
1
1
1
1
1
1
1
1
1
1
1
1
1
1
1
1
1
1
1
1
1
1
1
1
1
1
1
1
1
1
1
1
1
1
1
1
1
1
1
1
1
1
1
1
1
1
1
1
1
1
1
1
1
1
1
1
1
1
1
1
1
1
1
1
1
1
1
1
1
1
1
1
1
1
1
1
1
1
1
1
1
1
1
1
1
1
1
1
1
1
1
1
1
1
1
1
1
1
1
1
1
1
1
1
1
1
1
1
1
1
8
8
8
8
8
8
8
8
8
8
8
9
9
9
9
9
9
9
9
9
9
16
17
18
18
18
18
18
18
18
20
19
18
18
18
18
18
19
19
19
19
19
19
20
20
20
20
21
21
21
20
19
20
19
20
20
19
18
20
20
20
19
19
19
19
19
19
20
20
20
20
20
20
20
20
21
21
21
21
21
22
22
22
22
22
24
24
24
24
25
25
25
25
25
26
27
27
27
27
28
29
29
29
29
29
31
31
31
31
31
32
33
33
33
33
34
34
34
35
35
35
35
35
35
36
36
36
37
38
38
38
38
38
37
37
37
37
38
38
38
38
38
38
38
38
37
37
37
37
37
37
37
36
36
36
36
36
36
36
36
36
36
36
36
36
36
36
36
36
36
36
36
37
37
37
37
37
37
37
37
38
38
38
38
39
39
39
39
39
39
39
39
39
39
39
39
39
39
40
40
40
40
41
41
41
41
41
42
43
43
44
45
47
48
50
52
54
55
56
57
270
272
276
279
283
288
373
378
384
390
397
466
467
468
468
468
468
468
471
471
471
471
472
471
472
473
474
475
476
476
477
476
542
541
477
473
469
464
459
453
448
439
410
407
405
402
401
398
393
374
361
354
348
342
333
336
342
347
353
361
387
392
396
398
399
402
403
406
443
448
452
457
463
469
473
476
479
481
535
472
475
475
477
476
476
475
474
473
472
471
472
472
472
472
471
470
470
469
403
397
391
386
382
376
371
289
283
280
276
273
271
57
56
54
54
52
51
50
49
47
46
45
44
43
43
42
42
41
40
40
39
39
39
38
38
38
37
37
37
37
37
37
36
36
37
37
37
37
37
37
37
37
37
37
37
37
37
37
37
37
37
37
36
36
36
36
35
35
35
35
35
35
35
35
35
35
35
35
35
35
35
35
35
35
35
35
35
35
35
35
35
35
35
36
36
36
36
36
36
36
36
36
36
36
35
35
35
35
35
35
35
34
34
34
34
34
33
33
33
31
31
31
31
30
30
30
30
29
28
28
28
27
27
27
27
26
25
25
25
24
24
24
24
23
22
22
22
22
22
22
22
22
21
21
19
19
19
19
19
19
18
18
18
18
18
18
18
19
20
20
20
18
18
19
20
20
19
20
19
20
21
19
20
20
20
19
19
19
20
18
18
18
18
18
18
18
18
18
19
20
20
20
20
20
20
20
20
20
17
12
12
12
12
12
12
12
12
12
12
12
12
12
12
12
12
12
12
12
12
9
1
1
1
1
1
1
1
1
1
1
1
1
1
1
1
1
1
1
1
1
1
1
1
1
1
1
1
1
1
1
1
1
1
1
1
1
1
1
1
1
1
1
1
1
1
1
1
1
1
1
1
1
1
1
1
1
1
1
1
1
1
1
1
1
1
1
1
1
1
1
1
1
1
1
1
1
1
1
1
1
1
1
1
1
1
1
1
1
1
1
1
1
1
1
1
1
1
1
1
1
1
1
1
1
1
1
1
1
1
1
1
1
1
1
1
1
1
1
1
1
1
1
1
1
1
1
1
1
1
1
1
1
1
1
1
1
1
1
1
1
1
1
1
1
1
1
1
1
1
1
1
1
1
1
1
1
1
1
1
1
1
1
1
1
1
1
1
1
1
1
1
1
1
1
1
1
1
1
1
1
1
1
1
1
1
1
1
1
1
1
1
1
1
1
1
1
1
1
1
1
1
1
1
1
1
1
1
1
1
1
1
1
1
1
1
1
1
1
1
1
1
1
1
1
1
1
1
1
1
1
1
1
1
1
1
1
1
