# Vetor de dados - syn_f001593-3-Pre--front--vetorcoluna.txt
# Total de elementos: 1024
# Formato: um valor por linha
#==================================================

1
1
1
1
1
1
1
1
1
1
1
1
1
1
1
1
1
1
1
1
1
1
1
1
1
1
1
1
1
1
1
1
1
1
1
1
1
1
1
1
1
1
1
1
1
1
1
1
1
1
1
1
1
1
1
1
1
1
1
1
1
1
1
1
1
1
1
1
1
1
1
1
1
1
1
1
1
1
1
1
1
1
1
1
1
1
1
1
1
1
1
1
1
1
1
1
1
1
1
1
1
1
1
1
1
1
1
1
1
1
1
1
1
1
1
1
1
1
1
1
1
1
1
1
1
1
1
1
1
1
1
1
1
1
1
1
1
1
1
1
1
1
1
1
1
1
1
1
1
1
1
1
1
1
1
1
1
1
1
1
1
1
1
1
1
1
1
1
1
1
1
1
1
1
1
1
1
1
1
1
1
1
1
1
1
1
1
1
1
1
1
1
1
1
1
1
1
1
1
1
1
1
1
1
1
1
1
1
1
1
1
1
1
1
1
1
1
1
1
1
1
1
1
1
1
1
1
1
1
1
1
1
1
1
1
1
1
1
1
1
29
29
29
30
30
30
30
1
1
1
1
1
1
1
1
1
1
1
32
32
32
32
33
33
33
33
34
1
1
1
1
1
1
1
1
1
1
1
1
1
1
1
1
1
1
1
1
1
1
1
1
1
1
1
1
1
1
1
1
1
1
1
1
1
37
38
38
38
38
38
38
39
39
39
39
39
39
40
40
40
40
40
40
40
41
41
41
41
41
41
41
41
42
42
42
42
42
42
42
42
42
42
42
42
42
42
42
42
42
42
42
42
42
42
41
41
41
41
41
41
40
40
40
40
40
40
40
40
40
40
40
40
40
39
40
39
39
39
40
40
40
40
40
40
40
40
40
40
40
40
40
40
41
41
41
41
41
41
41
41
41
41
41
41
41
42
42
42
42
42
42
42
42
42
42
42
43
43
43
43
43
43
43
44
44
44
44
45
45
45
45
46
46
46
46
46
47
47
47
48
51
54
57
59
62
63
65
66
67
68
69
72
75
77
79
81
83
84
87
304
307
311
316
320
426
430
435
439
444
449
528
529
529
528
529
530
530
530
529
528
529
530
531
531
532
533
533
532
530
507
500
495
491
486
449
444
438
430
405
398
387
380
373
370
366
362
359
355
350
346
342
338
339
344
350
355
359
362
366
371
374
383
392
401
410
428
433
437
441
484
490
494
499
507
442
532
534
535
535
534
534
533
532
531
532
533
533
533
533
532
532
531
530
529
449
443
439
435
430
426
311
306
303
299
84
81
80
78
76
73
70
68
65
64
63
62
60
59
57
54
52
50
48
47
46
45
44
44
44
44
44
44
43
43
43
43
42
42
42
41
41
41
41
41
41
41
40
40
40
40
40
40
40
40
39
39
39
39
39
39
39
39
38
38
38
38
38
38
38
38
38
37
37
37
37
37
37
37
37
36
36
36
36
36
36
36
36
36
36
36
36
36
36
36
36
36
36
36
37
37
37
37
37
37
37
38
38
38
38
38
38
38
38
38
38
38
38
38
38
38
38
38
38
38
38
38
38
38
38
38
37
37
37
37
37
37
37
37
36
36
36
36
36
36
36
35
35
35
35
35
34
34
34
34
33
33
33
33
33
32
32
32
32
32
31
31
31
31
31
30
30
30
30
30
1
1
1
1
1
1
1
1
1
1
1
1
1
1
1
28
27
27
27
27
27
26
26
26
26
25
25
25
25
25
24
24
24
24
24
23
23
23
23
23
23
22
22
22
22
22
22
21
21
21
21
21
21
1
1
1
1
1
1
1
1
1
1
1
1
1
1
1
1
1
1
1
1
1
1
1
1
1
1
1
1
1
1
1
1
1
1
1
1
1
1
1
1
1
1
1
1
1
1
1
1
1
1
1
1
1
1
1
1
1
1
1
1
1
1
1
1
1
1
1
1
1
1
1
1
1
1
1
1
1
1
1
1
1
1
1
1
1
1
1
1
1
1
1
1
1
1
1
1
1
1
1
1
1
1
1
1
1
1
1
1
1
1
1
1
1
1
1
1
1
1
1
1
1
1
1
1
1
1
1
1
1
1
1
1
1
1
1
1
1
1
1
1
1
1
1
1
1
1
1
1
1
1
1
1
1
1
1
1
1
1
1
1
1
1
1
1
1
1
1
1
1
1
1
1
1
1
1
1
1
1
1
1
1
1
1
1
1
1
1
1
1
1
1
1
1
1
1
1
1
1
1
1
1
1
1
1
1
1
1
1
1
1
1
1
1
1
1
1
1
1
1
1
1
1
1
1
1
1
1
1
1
1
1
1
1
1
1
1
1
