# Vetor de dados - syn_f003625-0-Pre--front--vetorcoluna.txt
# Total de elementos: 1024
# Formato: um valor por linha
#==================================================

1
1
1
1
1
1
1
1
1
1
1
1
1
1
1
1
1
1
1
1
1
1
1
1
1
1
1
1
1
1
1
1
1
1
1
1
1
1
1
1
1
1
1
1
1
1
1
1
1
1
1
1
1
1
1
1
1
1
1
1
1
1
1
1
1
1
1
1
1
1
1
1
1
1
1
1
1
1
1
1
1
1
1
1
1
1
1
1
1
1
1
1
1
1
1
1
1
1
1
1
1
1
1
1
1
1
1
1
1
1
1
1
1
1
1
1
1
1
1
1
1
1
1
1
1
1
1
1
1
1
1
1
1
1
1
1
1
1
1
1
1
1
1
1
1
1
1
1
1
1
1
1
1
1
1
1
1
1
1
1
1
1
1
1
1
1
1
1
1
1
1
1
1
1
1
1
1
1
1
1
1
1
1
1
1
1
1
1
1
1
1
1
1
1
1
1
1
1
1
1
1
1
1
1
1
1
1
1
1
1
1
1
1
1
1
1
1
8
8
8
8
8
8
8
9
9
9
9
9
9
10
10
10
10
10
10
16
16
17
17
17
18
18
18
18
18
17
18
18
18
17
17
18
18
18
18
20
19
19
21
20
20
19
21
20
19
21
20
20
20
19
19
20
20
20
19
19
19
19
19
19
19
20
20
20
20
20
20
20
20
20
20
21
22
22
22
22
22
22
22
24
24
24
24
24
24
24
25
25
25
25
25
25
26
27
27
27
27
28
28
28
28
28
28
30
30
30
30
30
30
30
31
31
31
31
31
32
32
33
33
33
33
33
33
33
33
33
34
34
35
35
35
35
35
35
35
35
35
35
35
35
35
36
36
35
35
35
35
35
35
35
35
35
34
34
34
34
34
34
34
34
34
34
34
34
34
34
34
35
35
35
35
35
36
36
36
36
36
36
36
36
37
38
38
38
38
39
39
39
39
39
40
40
40
41
41
41
42
42
42
42
41
42
42
42
43
43
44
44
44
44
44
45
45
46
46
47
47
48
48
49
50
51
52
53
55
56
58
59
59
62
65
276
280
284
288
292
295
300
307
322
403
411
419
428
435
443
510
512
513
513
513
513
515
515
515
515
514
513
514
514
516
516
516
516
516
514
477
447
440
512
510
507
505
501
497
492
487
454
445
440
436
433
427
409
392
384
378
374
370
365
356
340
361
366
369
372
376
380
386
394
418
426
431
435
437
440
487
492
498
501
505
510
515
521
527
528
530
531
458
518
519
519
518
517
517
517
516
516
517
518
517
517
517
517
516
515
515
515
514
439
434
429
423
417
409
327
312
305
300
296
291
288
65
63
62
60
60
59
58
57
56
55
54
53
52
51
50
49
49
48
48
47
47
46
46
46
45
45
44
44
44
43
43
43
43
42
42
42
42
42
41
41
41
41
40
40
40
40
40
39
39
39
39
39
38
38
38
38
38
37
37
37
37
37
37
37
37
36
36
36
36
36
36
35
35
35
35
35
35
35
34
35
35
35
35
35
35
36
36
36
36
35
35
35
36
36
36
36
36
36
35
35
35
35
35
35
35
35
34
34
34
34
34
34
33
33
33
33
33
33
33
33
33
33
32
32
32
32
32
32
32
31
31
31
31
31
31
31
31
30
30
30
30
30
30
30
30
30
30
30
30
29
29
29
29
29
29
29
29
29
29
29
29
29
29
28
28
28
28
28
28
28
28
28
28
28
28
27
27
27
27
26
26
26
26
25
25
25
25
25
24
24
24
24
24
24
23
23
23
23
23
23
23
22
22
22
22
22
22
21
21
21
21
21
21
21
21
1
1
1
1
1
1
1
1
1
1
1
1
1
1
1
1
1
1
1
1
1
1
1
1
1
1
1
1
1
1
1
1
1
1
1
1
1
1
1
1
1
1
1
1
1
1
1
1
1
1
1
1
1
1
1
1
1
1
1
1
1
1
1
1
1
1
1
1
1
1
1
1
1
1
1
1
1
1
1
1
1
1
1
1
1
1
1
1
1
1
1
1
1
1
1
1
1
1
1
1
1
1
1
1
1
1
1
1
1
1
1
1
1
1
1
1
1
1
1
1
1
1
1
1
1
1
1
1
1
1
1
1
1
1
1
1
1
1
1
1
1
1
1
1
1
1
1
1
1
1
1
1
1
1
1
1
1
1
1
1
1
1
1
1
1
1
1
1
1
1
1
1
1
1
1
1
1
1
1
1
1
1
1
1
1
1
1
1
1
1
1
1
1
1
1
1
1
1
1
1
1
1
1
1
1
1
1
1
1
1
1
1
1
1
1
1
1
1
1
1
1
1
1
1
1
1
1
1
1
1
1
1
1
1
1
1
