# Vetor de dados - syn_f000608-0-Pre--front--vetorcoluna.txt
# Total de elementos: 1024
# Formato: um valor por linha
#==================================================

1
1
1
1
1
1
1
1
1
1
1
1
1
1
1
1
1
1
1
1
1
1
1
1
1
1
1
1
1
1
1
1
1
1
1
1
1
1
1
1
1
1
1
1
1
1
1
1
1
1
1
1
1
1
1
1
1
1
1
1
1
1
1
1
1
1
1
1
1
1
1
1
1
1
1
1
1
1
1
1
1
1
1
1
1
1
1
1
1
1
1
1
1
1
1
1
1
1
1
1
1
1
1
1
1
1
1
1
1
1
1
1
1
1
1
1
1
1
1
1
1
1
1
1
1
1
1
1
1
1
1
1
1
1
1
1
1
1
1
1
1
1
1
1
1
1
1
1
1
1
1
1
1
1
1
1
1
1
1
1
1
1
1
1
1
1
1
1
1
1
1
1
1
1
1
1
1
1
1
1
1
1
1
1
1
1
1
1
1
1
1
1
1
1
1
1
1
1
1
1
1
1
1
1
1
1
1
1
1
1
1
1
1
1
1
1
1
1
1
1
1
1
1
1
1
1
1
1
1
1
1
1
9
9
9
9
9
9
9
9
9
9
9
9
9
9
9
9
9
9
9
16
17
18
18
18
18
18
18
18
18
20
19
19
18
18
18
18
18
18
20
20
20
19
19
19
21
21
20
20
19
19
20
20
19
18
17
17
18
17
17
17
17
17
17
17
17
17
17
17
17
17
18
18
18
18
18
19
19
19
19
20
20
20
20
21
21
21
22
23
23
23
23
23
24
24
24
25
25
26
26
26
26
27
27
28
28
28
28
29
29
29
29
29
29
30
30
30
30
30
31
31
31
31
31
31
32
32
32
32
32
33
33
32
32
32
32
32
31
31
31
31
31
31
30
30
30
30
30
30
29
29
29
28
28
29
29
29
29
29
28
28
28
28
28
29
29
29
29
29
30
30
30
30
31
31
31
31
32
32
32
32
32
32
32
33
33
34
34
34
34
34
34
35
35
35
35
36
36
36
36
36
37
37
38
38
39
39
41
42
43
45
46
48
50
51
52
53
54
56
57
58
59
59
78
246
253
260
265
268
271
275
281
292
372
378
383
389
395
470
472
474
474
473
474
475
475
475
475
474
473
473
474
476
477
478
479
480
480
558
558
487
483
481
479
476
474
470
468
464
460
421
417
412
409
404
397
384
365
361
355
350
315
314
345
352
356
361
368
377
395
401
405
409
411
416
458
461
464
467
470
472
475
479
482
484
475
478
479
480
479
478
478
476
476
474
474
476
475
476
475
475
473
473
472
471
469
469
393
388
383
378
373
277
273
268
266
262
259
255
65
63
60
58
57
55
54
53
52
51
49
47
46
44
43
42
40
39
39
38
38
38
37
36
36
36
35
35
35
34
34
34
34
34
34
33
33
33
33
33
33
32
32
32
31
31
31
30
30
30
30
29
29
29
29
28
29
29
29
29
28
28
28
28
29
29
28
28
28
28
29
29
29
29
30
30
30
30
30
30
31
31
32
32
32
33
33
33
33
32
32
32
32
32
32
32
31
31
32
31
31
30
30
30
30
30
30
30
29
29
29
29
29
29
28
28
28
28
28
27
27
26
26
26
25
25
25
25
25
24
24
24
24
23
23
23
23
22
22
22
22
21
21
21
20
20
20
20
19
18
18
18
17
17
17
18
18
18
18
18
18
18
18
18
18
18
18
18
18
18
18
18
17
17
18
18
18
18
18
18
18
18
18
18
17
17
17
17
17
17
17
18
18
18
18
18
19
19
19
18
18
18
18
17
16
1
1
1
1
1
1
1
1
1
1
1
1
1
1
1
1
1
1
1
1
1
1
1
1
1
1
1
1
1
1
1
1
1
1
1
1
1
1
1
1
1
1
1
1
1
1
1
1
1
1
1
1
1
1
1
1
1
1
1
1
1
1
1
1
1
1
1
1
1
1
1
1
1
1
1
1
1
1
1
1
1
1
1
1
1
1
1
1
1
1
1
1
1
1
1
1
1
1
1
1
1
1
1
1
1
1
1
1
1
1
1
1
1
1
1
1
1
1
1
1
1
1
1
1
1
1
1
1
1
1
1
1
1
1
1
1
1
1
1
1
1
1
1
1
1
1
1
1
1
1
1
1
1
1
1
1
1
1
1
1
1
1
1
1
1
1
1
1
1
1
1
1
1
1
1
1
1
1
1
1
1
1
1
1
1
1
1
1
1
1
1
1
1
1
1
1
1
1
1
1
1
1
1
1
1
1
1
1
1
1
1
1
1
1
1
1
1
1
1
1
1
1
1
1
1
1
1
1
1
1
1
1
1
1
1
1
1
1
1
1
1
1
1
1
1
1
1
1
1
