# Vetor de dados - syn_f000830-0-Pre--left--vetorlinha.txt
# Total de elementos: 768
# Formato: um valor por linha
#==================================================

1
1
1
1
1
1
1
1
1
1
1
1
1
1
1
1
1
1
1
1
1
1
1
1
1
1
1
1
1
1
1
1
1
1
1
1
1
1
1
1
1
1
1
1
1
1
1
1
1
1
1
1
1
1
1
1
1
1
1
1
1
1
1
1
1
1
1
1
1
1
1
1
1
1
1
1
1
1
1
1
1
1
1
1
1
1
1
1
1
1
1
1
1
1
1
1
1
1
1
1
1
1
1
1
1
1
1
1
1
1
1
1
1
1
1
1
1
1
1
1
1
1
1
1
1
1
1
1
1
1
1
18
27
33
38
42
46
49
52
54
56
58
60
62
64
66
67
68
69
70
71
72
73
74
75
75
75
76
76
76
76
76
76
76
76
77
77
77
76
76
77
77
76
77
77
78
79
79
79
80
80
81
80
80
78
77
75
73
72
71
70
71
70
69
68
67
66
67
67
67
65
64
64
64
64
63
63
63
63
62
62
61
60
57
52
47
46
45
46
46
45
45
46
46
46
47
47
48
48
49
49
50
51
51
52
52
54
59
62
66
71
75
83
152
158
163
169
174
180
185
191
200
212
223
228
233
240
245
251
256
262
270
275
281
287
296
297
297
296
295
293
290
287
278
171
153
99
94
95
95
96
96
97
97
97
98
98
98
98
99
98
98
98
99
99
98
98
98
98
98
97
97
97
97
96
95
95
94
94
92
91
89
90
90
90
91
91
92
92
92
93
93
93
93
93
94
94
95
94
94
95
94
93
93
94
93
93
93
93
93
92
92
92
92
92
91
91
91
90
91
90
90
89
89
88
88
88
88
87
87
88
88
90
90
89
90
91
91
92
92
93
92
93
93
94
94
95
95
95
95
95
96
96
96
96
96
97
97
97
98
97
97
98
98
98
99
99
99
99
99
100
100
100
100
100
101
100
99
100
99
100
100
100
100
99
99
98
98
98
96
96
95
94
93
93
92
92
92
91
91
90
90
90
89
89
90
89
88
87
87
86
85
84
83
84
84
84
83
83
83
82
82
82
81
81
80
80
79
79
79
79
79
79
78
78
77
77
77
77
77
77
76
76
76
76
74
74
74
74
73
73
73
73
72
72
72
72
71
70
70
70
69
69
69
69
67
67
67
66
66
65
64
64
64
63
62
62
61
61
59
59
59
58
57
56
56
55
55
55
54
54
53
52
52
52
52
51
51
51
51
51
50
50
51
51
52
51
52
52
52
53
52
52
53
52
52
52
52
52
51
51
51
50
49
50
49
48
48
47
46
46
45
44
44
43
44
44
43
43
44
44
44
44
44
45
45
44
44
44
44
44
44
44
44
45
44
44
44
44
43
43
43
43
43
42
42
42
42
42
42
41
41
41
40
40
39
39
39
39
39
39
37
37
37
37
37
37
37
36
35
35
35
35
35
35
34
34
34
34
33
33
33
33
34
34
34
33
34
34
34
34
35
35
36
37
38
39
40
42
43
45
47
51
53
56
58
63
68
69
72
75
77
78
78
81
82
82
82
82
82
81
43
45
48
50
53
57
60
64
68
72
74
78
80
81
83
84
85
85
84
83
82
81
79
70
60
54
49
46
42
39
1
1
1
1
1
1
1
1
1
1
1
1
1
1
1
1
1
1
1
1
1
1
1
1
1
1
1
1
1
1
1
1
1
1
1
1
1
1
1
1
1
1
1
1
1
1
1
1
1
1
1
1
1
1
1
1
1
1
1
1
1
1
1
1
1
1
1
