# Vetor de dados - syn_f000708-3-Pre--left--vetorlinha.txt
# Total de elementos: 768
# Formato: um valor por linha
#==================================================

1
1
1
1
1
1
1
1
1
1
1
1
1
1
1
1
1
1
1
1
1
1
1
1
1
1
1
1
1
1
1
1
1
1
1
1
1
1
1
1
1
1
1
1
1
1
1
1
1
1
1
1
1
1
1
1
1
1
1
1
1
1
1
1
1
1
1
1
1
1
1
1
1
1
1
1
1
1
1
1
1
1
1
1
1
1
1
1
1
1
1
1
1
1
1
1
1
1
1
1
1
1
1
1
1
1
1
1
1
1
1
18
26
33
37
42
46
48
51
54
56
58
60
62
64
65
67
69
70
71
71
73
73
75
75
76
76
77
78
78
78
78
78
78
78
79
79
79
79
79
80
80
81
81
81
82
83
83
84
84
85
84
84
84
82
81
78
77
76
75
74
73
73
72
71
70
70
69
68
68
67
67
66
67
67
67
67
67
68
67
66
65
64
63
61
60
59
58
56
56
55
55
55
55
54
55
55
56
56
56
56
57
58
58
59
62
87
99
172
178
182
187
192
197
203
211
221
226
231
235
239
243
248
255
262
268
277
286
296
307
307
307
306
305
304
302
300
290
289
288
268
223
220
217
214
211
208
204
200
197
192
184
172
112
109
109
109
110
110
110
111
111
111
111
111
111
111
111
111
111
111
111
110
110
110
109
108
108
108
108
107
107
107
106
106
105
104
104
104
104
103
103
103
103
103
103
103
103
101
101
101
100
100
100
99
99
99
97
97
97
97
96
96
96
95
95
95
94
94
93
93
92
92
92
91
91
91
90
90
90
89
89
89
88
88
87
87
87
87
87
87
88
89
90
92
93
94
96
97
99
100
102
103
105
106
107
108
110
110
112
112
113
115
115
115
115
117
117
117
118
118
120
120
120
120
121
120
120
120
121
121
121
121
120
120
119
119
119
118
118
117
116
115
115
114
114
112
112
111
110
110
108
108
107
107
106
106
106
106
106
106
106
106
105
105
105
104
104
103
102
103
102
101
100
99
99
99
98
97
96
96
96
95
95
95
96
97
97
97
97
97
97
98
98
98
99
99
99
99
99
100
100
100
99
100
100
100
100
100
100
101
101
101
100
100
100
100
99
99
99
99
99
99
97
97
97
97
97
96
95
95
95
94
93
93
93
92
91
90
90
89
88
88
87
86
86
84
84
83
82
81
81
80
79
78
78
76
76
75
75
73
72
72
71
70
70
68
67
66
65
65
64
63
63
63
64
65
65
66
66
66
67
68
68
68
69
69
70
70
70
70
69
70
69
69
68
68
68
67
67
66
67
66
65
64
63
64
63
62
62
61
60
61
60
60
60
59
59
59
59
59
60
60
61
61
61
60
60
60
61
61
61
61
61
61
62
62
61
61
61
61
61
61
61
61
59
59
59
59
59
59
59
58
58
57
57
57
56
56
55
54
54
54
53
52
52
51
51
51
49
49
49
48
48
47
46
46
45
45
44
44
43
42
42
42
41
41
41
40
40
40
41
40
40
41
42
42
42
43
44
45
47
49
49
53
55
57
58
60
62
67
70
74
77
79
79
81
83
84
84
85
86
88
89
89
89
90
90
90
89
55
57
59
62
66
69
71
74
78
81
83
85
87
89
90
90
91
90
90
89
87
87
84
74
66
61
55
52
48
44
42
27
1
1
1
1
1
1
1
1
1
1
1
1
1
1
1
1
1
1
1
1
1
1
1
1
1
1
1
1
1
1
1
1
1
1
1
1
1
1
1
1
1
1
1
1
1
1
