# Vetor de dados - syn_f002388-1-Pre--front--vetorcoluna.txt
# Total de elementos: 1024
# Formato: um valor por linha
#==================================================

1
1
1
1
1
1
1
1
1
1
1
1
1
1
1
1
1
1
1
1
1
1
1
1
1
1
1
1
1
1
1
1
1
1
1
1
1
1
1
1
1
1
1
1
1
1
1
1
1
1
1
1
1
1
1
1
1
1
1
1
1
1
1
1
1
1
1
1
1
1
1
1
1
1
1
1
1
1
1
1
1
1
1
1
1
1
1
1
1
1
1
1
1
1
1
1
1
1
1
1
1
1
1
1
1
1
1
1
1
1
1
1
1
1
1
1
1
1
1
1
1
1
1
1
1
1
1
1
1
1
1
1
1
1
1
1
1
1
1
1
1
1
1
1
1
1
1
1
1
1
1
1
1
1
1
1
1
1
1
1
1
1
1
1
1
1
1
1
1
1
1
1
1
1
1
1
1
1
1
1
1
1
1
1
1
1
1
1
1
1
1
1
1
1
1
1
1
1
1
1
1
1
1
1
1
1
1
1
1
1
1
1
1
1
1
1
1
1
1
1
1
1
1
1
1
1
1
1
1
1
1
1
1
1
1
1
1
1
1
1
1
1
1
1
1
1
22
22
21
21
21
21
21
21
21
21
21
21
21
22
22
22
22
22
22
22
22
22
22
22
23
23
23
23
23
23
23
24
24
24
24
24
24
24
25
25
25
25
25
25
25
25
25
25
25
25
25
25
25
25
25
25
25
25
25
25
25
25
25
25
25
25
25
25
25
25
25
25
25
25
25
25
25
26
26
26
26
26
26
26
26
26
26
26
26
26
26
27
27
27
27
28
28
28
28
28
29
29
29
29
30
30
30
30
30
31
31
31
31
30
30
30
30
30
29
29
29
29
29
28
28
28
27
26
26
26
26
26
26
26
26
26
26
26
26
26
26
26
26
26
26
26
26
26
26
26
27
27
27
27
27
27
27
26
26
26
27
27
27
27
27
27
28
28
28
28
28
29
29
29
29
29
30
30
30
30
31
32
33
33
34
34
36
37
37
38
39
40
41
42
44
45
47
48
51
52
54
55
57
58
59
60
60
62
63
64
65
67
68
72
74
287
291
294
298
383
388
394
399
405
411
417
492
495
495
495
495
496
496
496
496
495
494
494
496
496
497
498
499
499
582
581
492
485
478
473
466
438
435
430
425
373
367
361
356
351
347
343
339
335
330
323
316
318
324
331
334
337
341
345
347
351
354
359
364
419
422
427
465
470
473
476
484
496
495
495
496
496
495
493
493
491
491
492
493
493
493
493
491
492
492
491
489
488
417
412
407
402
397
391
387
293
289
284
279
69
65
63
60
59
58
57
55
54
53
52
50
49
47
45
44
42
41
40
39
38
37
37
35
35
34
33
33
32
31
31
30
30
29
29
29
28
28
28
28
27
27
27
27
27
26
26
26
26
26
26
26
25
25
25
25
25
25
25
25
25
25
23
23
23
23
23
23
23
23
23
24
23
23
23
23
23
23
24
24
24
24
24
25
25
25
26
27
27
27
27
28
28
28
28
28
28
29
29
29
29
29
29
29
29
29
29
29
29
29
28
27
27
27
27
27
27
26
26
26
26
26
25
25
25
25
25
24
24
24
24
24
23
23
23
23
23
21
21
21
21
21
20
20
20
20
20
19
18
18
18
18
17
17
17
17
17
16
16
16
16
16
16
17
15
16
16
16
16
16
16
17
17
17
18
18
20
20
21
21
22
22
22
23
23
23
24
24
24
24
24
24
24
24
24
24
25
25
25
26
26
26
27
27
27
27
27
27
27
27
27
25
20
20
20
20
20
20
20
20
20
21
1
1
1
1
1
1
1
1
1
1
1
1
1
1
1
1
1
1
1
1
1
1
1
1
1
1
1
1
1
1
1
1
1
1
1
1
1
1
1
1
1
1
1
1
1
1
1
1
1
1
1
1
1
1
1
1
1
1
1
1
1
1
1
1
1
1
1
1
1
1
1
1
1
1
1
1
1
1
1
1
1
1
1
1
1
1
1
1
1
1
1
1
1
1
1
1
1
1
1
1
1
1
1
1
1
1
1
1
1
1
1
1
1
1
1
1
1
1
1
1
1
1
1
1
1
1
1
1
1
1
1
1
1
1
1
1
1
1
1
1
1
1
1
1
1
1
1
1
1
1
1
1
1
1
1
1
1
1
1
1
1
1
1
1
1
1
1
1
1
1
1
1
1
1
1
1
1
1
1
1
1
1
1
1
1
1
1
1
1
1
1
1
1
1
1
1
1
1
1
1
1
1
1
1
1
1
1
1
1
1
1
1
1
1
1
1
1
1
1
1
1
1
1
1
1
1
1
1
1
1
1
1
1
1
1
1
1
