# Vetor de dados - syn_f002764-2-Pre--front--vetorcoluna.txt
# Total de elementos: 1024
# Formato: um valor por linha
#==================================================

1
1
1
1
1
1
1
1
1
1
1
1
1
1
1
1
1
1
1
1
1
1
1
1
1
1
1
1
1
1
1
1
1
1
1
1
1
1
1
1
1
1
1
1
1
1
1
1
1
1
1
1
1
1
1
1
1
1
1
1
1
1
1
1
1
1
1
1
1
1
1
1
1
1
1
1
1
1
1
1
1
1
1
1
1
1
1
1
1
1
1
1
1
1
1
1
1
1
1
1
1
1
1
1
1
1
1
1
1
1
1
1
1
1
1
1
1
1
1
1
1
1
1
1
1
1
1
1
1
1
1
1
1
1
1
1
1
1
1
1
1
1
1
1
1
1
1
1
1
1
1
1
1
1
1
1
1
1
1
1
1
1
1
1
1
1
1
1
1
1
1
1
1
1
1
1
1
1
1
1
1
1
1
1
1
1
1
1
1
1
1
1
1
1
1
1
1
1
1
1
1
1
1
1
1
1
1
1
1
1
1
1
1
1
1
1
1
1
1
1
1
1
1
1
1
1
1
1
1
1
1
1
1
1
1
1
1
1
1
1
1
1
1
1
1
1
1
1
1
1
1
1
1
1
19
19
19
19
19
19
20
19
19
19
19
19
19
19
19
19
19
19
20
20
20
20
20
20
21
21
21
21
21
21
21
22
22
22
22
22
23
23
23
23
23
23
23
23
23
23
23
23
23
23
23
23
23
23
23
23
23
23
23
23
23
23
23
23
23
23
23
23
23
23
23
24
25
25
25
26
26
26
26
26
27
27
27
27
27
28
28
28
28
28
29
29
29
30
30
30
31
31
31
31
30
30
30
30
30
31
31
31
31
32
32
31
31
31
31
31
31
31
30
30
30
30
30
29
29
29
29
29
28
28
28
28
28
27
27
27
27
27
28
28
28
28
28
29
30
30
30
30
30
30
30
31
31
31
31
31
31
31
32
32
32
32
32
32
33
33
33
33
33
33
34
34
34
34
34
34
35
35
35
36
36
37
38
38
39
40
40
41
42
44
47
50
53
55
57
59
60
61
62
63
64
65
66
67
68
69
274
276
280
282
285
287
290
294
396
400
404
408
411
415
479
480
480
481
481
482
482
482
482
481
480
480
481
482
483
484
484
484
483
557
492
488
484
480
476
471
421
418
414
410
361
356
352
348
345
342
339
335
332
329
328
331
335
339
342
344
346
349
352
355
361
405
410
413
469
473
478
483
487
490
493
420
481
482
482
482
481
480
480
479
478
478
479
480
481
481
481
480
479
477
476
414
410
405
401
398
394
391
295
291
287
284
281
278
276
62
60
59
58
57
56
55
52
50
47
46
44
42
41
41
40
40
38
38
37
36
36
36
35
35
35
34
33
33
33
33
33
32
32
32
32
32
32
32
32
32
32
31
31
31
31
31
31
31
31
30
30
30
30
30
30
30
29
29
29
29
29
29
29
29
28
28
28
28
28
28
28
29
29
29
29
29
30
30
31
30
31
31
31
31
31
31
31
31
31
31
31
31
31
30
30
30
30
30
30
30
30
30
30
30
29
29
29
29
29
29
29
28
28
28
28
28
28
27
27
27
27
27
26
26
26
26
26
25
25
25
25
25
24
24
24
23
23
22
22
22
22
22
21
21
21
21
20
20
20
20
20
21
21
21
21
19
20
21
21
21
21
21
21
21
22
21
22
22
23
23
24
24
24
24
24
24
25
25
25
25
25
25
25
25
25
25
26
26
27
27
27
27
27
28
28
27
27
27
26
20
20
20
20
20
20
20
20
20
20
1
1
1
1
1
1
1
1
1
1
1
1
1
1
1
1
1
1
1
1
1
1
1
1
1
1
1
1
1
1
1
1
1
1
1
1
1
1
1
1
1
1
1
1
1
1
1
1
1
1
1
1
1
1
1
1
1
1
1
1
1
1
1
1
1
1
1
1
1
1
1
1
1
1
1
1
1
1
1
1
1
1
1
1
1
1
1
1
1
1
1
1
1
1
1
1
1
1
1
1
1
1
1
1
1
1
1
1
1
1
1
1
1
1
1
1
1
1
1
1
1
1
1
1
1
1
1
1
1
1
1
1
1
1
1
1
1
1
1
1
1
1
1
1
1
1
1
1
1
1
1
1
1
1
1
1
1
1
1
1
1
1
1
1
1
1
1
1
1
1
1
1
1
1
1
1
1
1
1
1
1
1
1
1
1
1
1
1
1
1
1
1
1
1
1
1
1
1
1
1
1
1
1
1
1
1
1
1
1
1
1
1
1
1
1
1
1
1
1
1
1
1
1
1
1
1
1
1
1
1
1
1
1
1
1
1
1
1
1
1
1
1
1
1
1
