# Vetor de dados - syn_f004569-0-Pre--left--vetorlinha.txt
# Total de elementos: 768
# Formato: um valor por linha
#==================================================

1
1
1
1
1
1
1
1
1
1
1
1
1
1
1
1
1
1
1
1
1
1
1
1
1
1
1
1
1
1
1
1
1
1
1
1
1
1
1
1
1
1
1
1
1
1
1
1
1
1
1
1
1
1
1
1
1
1
1
1
1
1
1
1
1
1
1
1
1
1
1
1
1
1
1
1
1
1
1
1
1
1
1
1
1
1
1
1
1
1
1
1
1
1
1
1
1
1
1
1
1
1
1
1
1
1
1
1
1
1
1
1
1
1
1
1
1
1
1
1
1
1
1
1
1
1
21
31
35
40
44
48
52
55
57
59
61
63
65
67
68
70
72
72
73
74
75
76
77
78
79
80
80
80
80
81
81
81
81
81
81
81
81
82
82
82
82
82
82
82
83
83
83
83
84
85
84
85
85
85
84
84
82
80
77
75
74
73
72
71
71
69
68
69
68
68
67
67
67
67
67
67
67
67
67
67
66
65
63
62
59
57
54
51
51
50
50
51
50
51
52
53
53
54
55
56
57
58
59
59
65
72
78
81
173
179
186
195
219
225
230
236
244
252
258
271
280
296
297
297
298
297
295
293
292
289
281
281
279
259
217
213
211
208
204
200
196
190
182
176
168
160
148
139
134
128
123
119
118
119
120
121
121
122
122
124
124
125
125
125
125
125
125
125
125
126
126
126
126
127
127
127
127
127
127
126
125
125
124
124
124
123
123
122
119
118
118
119
119
119
120
121
122
121
122
123
122
123
124
123
124
123
124
124
124
123
123
123
123
124
124
123
123
123
123
123
123
122
122
122
120
120
119
118
117
116
114
114
112
111
109
109
107
108
108
108
108
109
109
110
110
111
111
112
112
113
114
115
115
116
117
118
118
119
119
119
120
120
120
121
121
121
121
122
122
122
122
122
123
122
122
122
122
122
121
121
121
120
120
119
119
118
118
118
117
116
116
115
115
113
113
112
111
111
110
109
108
107
106
104
102
102
102
102
101
101
101
102
101
101
100
100
99
100
100
99
99
98
98
97
97
96
95
94
93
92
92
91
90
90
89
88
88
88
87
87
86
86
86
86
85
85
85
84
84
84
83
83
83
82
82
82
82
81
81
81
81
80
80
80
79
79
79
78
78
78
77
77
77
76
76
76
75
75
74
74
74
73
73
72
72
72
71
71
70
70
69
68
68
67
67
66
66
65
65
64
64
63
62
61
61
61
60
60
59
59
59
58
58
58
57
58
58
58
58
59
58
59
59
58
59
58
58
57
57
57
56
55
54
55
54
53
52
52
52
51
50
49
49
49
49
48
48
49
48
48
48
49
49
49
49
50
50
50
50
50
50
50
50
50
50
50
50
50
50
50
50
50
49
49
49
49
49
49
49
49
48
48
48
48
47
47
46
46
46
46
46
44
44
44
44
44
43
43
43
43
43
42
42
42
42
42
41
41
41
41
41
40
40
40
40
40
39
39
39
39
39
39
39
39
39
40
41
42
44
45
47
50
52
53
56
58
61
68
70
71
73
75
76
77
78
80
81
82
83
83
83
83
45
47
49
52
54
57
60
66
69
71
73
75
77
79
81
82
85
86
86
84
83
81
79
74
63
55
49
43
34
24
1
1
1
1
1
1
1
1
1
1
1
1
1
1
1
1
1
1
1
1
1
1
1
1
1
1
1
1
1
1
1
1
1
1
1
1
1
1
1
1
1
1
1
1
1
1
1
1
1
1
1
1
1
1
1
1
1
1
1
1
