# Vetor de dados - syn_f003648-1-Pre--front--vetorlinha.txt
# Total de elementos: 768
# Formato: um valor por linha
#==================================================

1
1
1
1
1
1
1
1
1
1
1
1
1
1
1
1
1
1
1
1
1
1
1
1
1
1
1
1
1
1
1
1
1
1
1
1
1
1
1
1
1
1
1
1
1
1
1
1
1
1
1
1
1
1
1
1
1
1
1
1
1
1
1
1
1
1
1
1
1
1
1
1
1
1
1
1
1
1
1
1
1
1
1
1
1
1
1
1
1
1
1
1
1
1
1
1
1
1
1
1
1
1
18
24
28
32
36
38
40
42
44
46
47
49
49
51
52
53
55
55
56
57
57
58
59
59
60
60
60
60
61
61
60
60
60
60
60
59
59
59
59
65
67
67
67
67
67
67
67
65
65
65
63
63
63
61
59
59
57
56
50
48
48
48
48
46
46
46
45
44
44
42
42
42
42
41
41
41
41
41
41
41
41
41
41
41
41
41
42
42
44
46
49
53
56
59
63
67
94
99
118
128
137
144
152
160
167
175
187
274
292
315
332
349
393
405
429
439
448
457
465
474
484
495
507
527
552
560
562
566
569
572
576
577
560
567
576
582
588
597
495
488
397
390
387
383
359
360
147
145
142
140
139
137
136
135
133
132
130
129
127
124
122
119
117
116
115
113
112
110
109
108
107
106
105
104
103
103
101
101
101
101
99
99
99
99
98
97
97
97
97
97
97
97
97
97
97
97
96
95
95
95
95
95
95
94
93
93
93
93
93
92
92
92
92
92
92
92
92
92
91
91
91
91
91
91
93
93
93
94
95
95
96
97
97
97
99
99
99
100
100
101
102
102
104
104
106
107
109
110
111
112
112
114
114
116
116
117
118
118
119
119
120
121
121
121
121
121
122
123
123
123
123
124
125
125
125
125
127
127
127
127
128
128
129
129
130
130
130
130
131
131
131
132
133
133
133
133
134
135
135
136
136
136
137
138
138
138
138
138
138
139
139
139
139
139
139
139
140
140
140
140
139
139
139
139
139
139
139
139
139
139
139
139
138
138
137
137
137
137
137
137
136
136
135
135
135
135
135
135
134
134
134
133
133
132
132
131
131
131
130
130
129
129
128
127
127
126
125
125
124
123
122
122
122
122
120
120
120
120
120
118
118
118
118
117
117
117
116
116
116
115
115
115
115
114
114
113
113
113
113
113
112
111
111
111
111
111
110
109
109
109
109
109
109
109
109
109
109
108
108
108
108
108
108
108
108
108
108
109
108
108
108
108
108
108
108
107
107
107
106
106
106
106
106
106
106
106
106
106
106
106
106
106
106
106
106
106
106
106
106
106
107
108
108
108
108
108
108
108
109
109
110
110
110
110
110
110
110
110
110
110
111
111
111
110
110
110
110
110
110
110
110
110
110
110
110
110
108
108
108
108
108
108
108
107
107
106
106
106
106
106
105
105
104
104
104
104
104
103
102
102
102
102
102
102
102
101
100
100
100
100
100
100
99
99
98
98
98
98
98
97
96
96
96
96
96
96
94
94
94
94
94
94
92
92
92
92
92
91
91
91
91
91
91
91
91
91
91
91
93
93
93
93
93
93
93
93
94
94
94
94
95
97
97
98
99
99
99
100
100
100
101
102
103
103
105
107
107
109
110
110
112
112
114
114
115
115
115
115
115
114
114
113
113
111
111
109
108
106
105
102
100
46
45
1
1
1
1
1
1
1
1
1
1
1
1
1
1
1
1
1
1
1
1
1
1
1
1
1
1
1
1
1
1
1
1
1
1
1
1
1
1
1
1
1
1
1
