# Vetor de dados - syn_f003087-1-Pre--front--vetorlinha.txt
# Total de elementos: 768
# Formato: um valor por linha
#==================================================

1
1
1
1
1
1
1
1
1
1
1
1
1
1
1
1
1
1
1
1
1
1
1
1
1
1
1
1
1
1
1
1
1
1
1
1
1
1
1
1
1
1
1
1
1
1
1
1
1
1
1
1
1
1
1
1
1
1
1
1
1
1
1
1
1
1
1
1
1
1
1
1
1
1
1
1
1
1
1
1
1
1
1
1
1
1
1
1
1
1
1
1
1
1
1
1
1
1
1
1
1
1
1
1
17
25
29
33
37
39
41
43
45
47
49
51
53
54
55
56
58
58
60
61
62
62
63
64
64
65
66
66
66
66
67
67
67
67
67
67
66
66
66
66
66
67
71
75
75
75
75
75
75
75
75
74
73
73
73
72
71
71
70
68
68
66
65
61
58
57
56
55
55
55
55
55
54
53
53
53
53
52
52
52
52
51
51
52
51
51
51
52
52
53
53
54
56
64
249
262
302
364
378
392
428
431
434
437
442
446
451
452
448
473
482
491
497
502
507
510
514
464
467
472
476
479
479
479
479
478
477
477
477
477
477
481
480
482
485
474
468
463
457
451
423
419
416
409
387
289
278
234
224
217
160
160
160
158
158
158
157
157
156
156
156
155
155
155
155
154
154
154
154
154
155
154
154
154
154
154
154
154
155
155
154
154
154
154
154
154
153
153
153
152
151
151
150
149
148
148
146
144
144
142
142
141
140
139
138
139
139
139
140
140
140
139
139
139
139
139
139
139
139
139
139
139
139
140
141
141
141
141
141
143
143
143
143
144
144
144
144
145
145
144
144
144
145
145
146
147
148
149
150
152
152
154
155
156
157
158
159
160
161
162
162
164
164
165
166
166
166
166
167
168
168
168
168
168
168
168
168
168
168
168
168
168
168
168
168
168
167
167
167
167
167
167
168
167
169
169
169
169
170
170
170
170
170
170
170
171
171
172
172
172
172
172
172
173
173
173
173
173
173
173
173
173
173
173
173
173
173
173
173
173
171
171
171
171
171
171
171
171
169
169
169
169
169
168
168
167
167
167
166
166
165
165
165
164
164
164
163
162
162
162
162
161
160
160
160
160
158
158
158
158
158
156
156
156
155
154
154
153
153
152
151
151
151
149
149
148
147
147
146
145
144
144
143
142
141
141
139
139
138
137
137
136
136
135
135
134
133
133
132
132
131
131
130
130
130
129
129
128
128
128
127
127
127
126
126
126
126
126
126
126
124
125
124
124
124
124
124
124
123
123
123
123
123
123
123
123
124
124
124
124
125
125
126
126
126
127
128
128
128
128
128
129
130
130
130
130
130
131
131
131
131
132
131
131
132
132
132
132
132
132
132
131
131
131
131
131
130
130
130
130
130
130
129
128
128
128
128
128
127
126
126
126
126
125
124
124
124
124
123
122
122
122
122
121
120
120
120
119
119
118
118
118
117
117
116
116
116
115
115
115
114
114
113
113
113
112
112
111
111
111
110
110
110
109
109
109
109
109
108
107
107
107
107
107
107
107
106
106
106
106
106
106
106
106
106
107
108
108
108
108
108
107
107
107
107
107
106
107
107
108
108
108
109
110
111
111
113
113
115
115
117
118
119
120
121
122
124
125
126
127
127
127
127
127
127
127
126
126
123
121
121
119
113
110
104
47
46
1
1
1
1
1
1
1
1
1
1
1
1
1
1
1
1
1
1
1
1
1
1
1
1
1
1
1
1
1
1
1
1
1
1
1
1
1
1
1
1
1
1
1
1
1
1
1
