# Vetor de dados - syn_f002117-1-Pre--front--vetorcoluna.txt
# Total de elementos: 1024
# Formato: um valor por linha
#==================================================

1
1
1
1
1
1
1
1
1
1
1
1
1
1
1
1
1
1
1
1
1
1
1
1
1
1
1
1
1
1
1
1
1
1
1
1
1
1
1
1
1
1
1
1
1
1
1
1
1
1
1
1
1
1
1
1
1
1
1
1
1
1
1
1
1
1
1
1
1
1
1
1
1
1
1
1
1
1
1
1
1
1
1
1
1
1
1
1
1
1
1
1
1
1
1
1
1
1
1
1
1
1
1
1
1
1
1
1
1
1
1
1
1
1
1
1
1
1
1
1
1
1
1
1
1
1
1
1
1
1
1
1
1
1
1
1
1
1
1
1
1
1
1
1
1
1
1
1
1
1
1
1
1
1
1
1
1
1
1
1
1
1
1
1
1
1
1
1
1
1
1
1
1
1
1
1
1
1
1
1
1
1
1
1
1
1
1
1
1
1
1
1
1
1
1
1
1
1
1
1
1
1
1
1
1
1
1
1
1
1
1
1
1
1
1
1
1
1
1
1
1
8
8
8
8
8
9
9
9
9
8
8
8
8
8
9
9
9
9
9
9
9
9
12
16
17
18
18
19
19
19
19
20
19
19
19
20
19
19
19
18
20
19
19
19
19
20
20
20
21
21
21
21
21
21
20
21
20
19
20
19
18
18
18
18
18
17
17
17
18
18
18
18
18
19
19
19
20
20
20
21
21
22
22
22
22
23
23
23
23
23
24
24
24
24
24
26
26
26
26
26
27
27
27
27
28
28
28
28
28
28
30
30
30
30
30
30
31
31
31
31
31
31
31
32
32
32
32
32
32
33
33
34
34
34
34
34
34
35
35
35
35
35
35
35
35
35
35
34
34
34
34
34
34
34
33
33
32
32
32
32
32
32
32
33
33
33
33
33
33
33
33
33
34
34
34
34
34
34
35
35
35
35
35
35
35
36
36
36
36
36
36
36
36
37
37
37
37
37
37
37
37
37
38
38
39
38
38
39
40
40
40
40
41
41
41
41
41
41
42
42
43
43
43
43
44
44
46
47
49
51
52
55
56
57
58
60
279
282
284
288
292
389
394
399
404
409
414
419
492
494
494
494
494
496
497
497
496
496
495
494
495
497
497
499
499
500
500
500
499
499
454
430
424
418
489
486
484
481
478
475
471
426
420
416
411
395
387
373
364
358
351
341
345
353
360
366
372
381
391
399
413
418
422
425
471
477
481
485
489
492
497
501
506
512
516
540
583
507
507
506
506
504
504
502
501
500
501
502
502
503
503
503
502
501
500
500
498
424
419
413
408
403
398
394
293
288
284
279
61
59
58
58
56
55
54
53
51
50
49
48
47
46
45
45
44
44
42
42
42
42
41
40
40
40
40
40
39
38
38
38
38
37
37
37
37
37
37
37
37
37
36
36
36
36
35
35
35
35
35
34
34
34
34
34
34
34
33
33
33
33
33
33
33
32
32
32
32
32
32
32
32
32
32
32
32
32
32
33
33
33
33
33
33
33
33
35
35
35
35
35
35
35
35
35
35
35
35
35
34
33
33
33
33
33
33
33
33
32
32
32
32
32
32
31
31
30
30
30
29
29
29
29
29
28
28
28
28
28
27
27
27
27
26
25
25
25
24
24
24
24
24
23
23
23
23
23
23
22
22
22
22
21
21
21
20
20
20
20
20
19
19
19
19
19
19
19
19
19
19
19
20
20
21
21
20
21
22
21
21
22
21
21
21
22
21
21
21
21
19
19
19
19
20
19
19
19
19
20
21
19
20
20
21
19
19
19
19
19
18
17
12
12
9
9
9
9
9
9
8
8
8
8
8
9
9
9
8
8
8
8
8
8
1
1
1
1
1
1
1
1
1
1
1
1
1
1
1
1
1
1
1
1
1
1
1
1
1
1
1
1
1
1
1
1
1
1
1
1
1
1
1
1
1
1
1
1
1
1
1
1
1
1
1
1
1
1
1
1
1
1
1
1
1
1
1
1
1
1
1
1
1
1
1
1
1
1
1
1
1
1
1
1
1
1
1
1
1
1
1
1
1
1
1
1
1
1
1
1
1
1
1
1
1
1
1
1
1
1
1
1
1
1
1
1
1
1
1
1
1
1
1
1
1
1
1
1
1
1
1
1
1
1
1
1
1
1
1
1
1
1
1
1
1
1
1
1
1
1
1
1
1
1
1
1
1
1
1
1
1
1
1
1
1
1
1
1
1
1
1
1
1
1
1
1
1
1
1
1
1
1
1
1
1
1
1
1
1
1
1
1
1
1
1
1
1
1
1
1
1
1
1
1
1
1
1
1
1
1
1
1
1
1
1
1
1
1
1
1
1
1
1
1
1
