# Vetor de dados - syn_f004857-1-Pre--front--vetorcoluna.txt
# Total de elementos: 1024
# Formato: um valor por linha
#==================================================

1
1
1
1
1
1
1
1
1
1
1
1
1
1
1
1
1
1
1
1
1
1
1
1
1
1
1
1
1
1
1
1
1
1
1
1
1
1
1
1
1
1
1
1
1
1
1
1
1
1
1
1
1
1
1
1
1
1
1
1
1
1
1
1
1
1
1
1
1
1
1
1
1
1
1
1
1
1
1
1
1
1
1
1
1
1
1
1
1
1
1
1
1
1
1
1
1
1
1
1
1
1
1
1
1
1
1
1
1
1
1
1
1
1
1
1
1
1
1
1
1
1
1
1
1
1
1
1
1
1
1
1
1
1
1
1
1
1
1
1
1
1
1
1
1
1
1
1
1
1
1
1
1
1
1
1
1
1
1
1
1
1
1
1
1
1
1
1
1
1
1
1
1
1
1
1
1
1
1
1
1
1
1
1
1
1
1
1
1
1
1
1
1
1
1
1
1
1
1
1
1
1
1
1
1
1
1
1
1
1
1
1
1
1
1
1
1
1
1
1
1
1
1
1
1
1
1
1
1
1
1
1
1
1
1
1
1
1
1
1
1
1
1
1
1
1
1
22
22
22
22
22
28
29
29
29
29
29
29
29
29
28
28
28
27
27
27
27
27
27
27
27
27
26
26
26
26
26
25
25
25
24
24
23
22
22
21
21
20
20
20
20
19
19
21
20
21
21
21
21
22
22
22
22
22
22
23
23
24
24
24
25
25
25
25
25
25
26
26
26
26
26
27
27
27
27
27
28
28
29
29
29
30
30
30
30
30
30
30
30
30
30
31
31
31
31
31
31
31
31
31
31
32
32
32
33
33
33
33
33
34
34
34
34
34
34
34
34
34
34
34
34
33
33
32
32
32
32
32
32
32
32
32
32
31
31
31
31
31
31
31
31
31
31
31
31
31
31
31
31
30
31
31
31
32
32
32
32
32
32
32
32
32
33
32
33
33
32
33
34
33
33
33
33
34
34
34
34
35
35
35
36
36
36
38
38
38
38
39
39
39
39
39
39
40
41
43
45
47
48
49
51
52
54
56
251
253
257
261
266
271
365
372
377
382
386
390
393
457
458
460
461
461
461
462
463
464
463
464
463
464
464
466
466
467
467
467
466
533
532
469
465
459
453
448
443
435
407
403
401
398
397
394
392
386
343
337
332
327
321
323
327
330
333
337
342
353
390
392
395
397
400
402
431
440
445
450
454
459
463
467
534
533
466
466
465
464
464
462
460
459
460
459
460
459
459
458
457
457
457
456
455
454
387
383
378
374
370
364
359
272
266
262
258
254
251
248
59
57
55
52
51
49
47
45
44
43
42
41
40
38
38
37
37
37
36
35
35
35
35
35
35
34
34
34
34
33
33
33
33
33
33
33
33
32
32
32
32
32
32
32
32
32
32
32
31
31
31
30
30
30
30
30
30
30
30
30
30
30
30
30
30
30
30
30
30
30
30
30
30
31
31
31
31
32
32
32
32
32
32
32
33
33
34
34
34
34
34
33
33
33
33
33
33
33
33
33
33
33
32
32
32
32
31
31
31
31
31
31
31
31
30
30
29
29
29
29
29
28
28
28
28
28
27
27
27
27
27
26
25
25
25
25
25
24
24
24
24
23
23
22
22
22
22
22
21
21
21
19
19
19
19
19
19
18
18
18
17
17
16
16
16
16
15
16
16
16
17
17
17
18
19
20
18
18
19
19
20
20
20
20
20
20
20
20
20
21
21
21
21
22
22
22
23
23
23
23
23
23
23
22
21
16
16
16
16
16
16
16
16
16
16
16
16
16
16
16
16
16
16
16
14
13
1
1
1
1
1
1
1
1
1
1
1
1
1
1
1
1
1
1
1
1
1
1
1
1
1
1
1
1
1
1
1
1
1
1
1
1
1
1
1
1
1
1
1
1
1
1
1
1
1
1
1
1
1
1
1
1
1
1
1
1
1
1
1
1
1
1
1
1
1
1
1
1
1
1
1
1
1
1
1
1
1
1
1
1
1
1
1
1
1
1
1
1
1
1
1
1
1
1
1
1
1
1
1
1
1
1
1
1
1
1
1
1
1
1
1
1
1
1
1
1
1
1
1
1
1
1
1
1
1
1
1
1
1
1
1
1
1
1
1
1
1
1
1
1
1
1
1
1
1
1
1
1
1
1
1
1
1
1
1
1
1
1
1
1
1
1
1
1
1
1
1
1
1
1
1
1
1
1
1
1
1
1
1
1
1
1
1
1
1
1
1
1
1
1
1
1
1
1
1
1
1
1
1
1
1
1
1
1
1
1
1
1
1
1
1
1
1
1
1
1
1
1
1
1
1
1
1
1
1
1
1
