# Vetor de dados - syn_f003184-2-Pre--left--vetorlinha.txt
# Total de elementos: 768
# Formato: um valor por linha
#==================================================

1
1
1
1
1
1
1
1
1
1
1
1
1
1
1
1
1
1
1
1
1
1
1
1
1
1
1
1
1
1
1
1
1
1
1
1
1
1
1
1
1
1
1
1
1
1
1
1
1
1
1
1
1
1
1
1
1
1
1
1
1
1
1
1
1
1
1
1
1
1
1
1
1
1
1
1
1
1
1
1
1
1
1
1
1
1
1
1
1
1
1
1
1
1
1
1
1
1
1
1
1
1
1
1
1
1
1
1
1
1
1
1
1
1
1
1
17
25
32
37
41
45
47
50
53
55
57
59
61
63
64
66
66
68
69
70
71
71
72
72
74
74
74
74
75
75
75
75
76
76
77
77
77
77
78
77
78
79
79
79
80
81
81
81
82
82
82
82
81
81
80
78
75
73
73
72
71
70
70
68
67
67
67
66
66
65
64
64
64
64
64
64
64
64
63
62
62
61
58
53
49
49
48
48
48
48
48
49
49
49
50
51
51
52
52
52
53
54
55
56
57
57
58
58
59
59
59
64
72
157
164
171
176
181
187
193
198
203
212
222
228
233
238
243
248
254
261
265
274
281
287
295
304
304
304
303
302
301
298
296
286
285
194
184
94
95
96
97
96
96
97
97
97
98
98
98
98
98
98
98
97
98
98
97
97
97
97
96
96
96
96
95
95
94
94
93
92
91
90
89
87
87
87
87
86
86
85
85
84
84
83
83
82
82
82
83
83
82
82
82
82
82
83
82
82
82
82
83
82
82
82
82
82
83
83
82
82
82
82
82
82
82
82
82
82
83
83
83
83
84
84
85
85
85
85
86
87
88
88
89
89
90
90
91
91
92
93
94
94
94
95
95
95
96
96
96
96
97
97
97
97
97
96
96
96
97
97
97
97
97
97
97
97
96
96
96
96
96
95
95
95
95
94
94
94
93
93
93
92
91
90
90
89
89
88
88
89
89
88
88
87
87
86
86
86
85
84
83
83
82
81
81
80
79
79
78
78
79
78
78
78
78
77
77
77
77
77
77
77
77
77
77
77
77
77
77
77
76
76
76
76
76
76
76
76
76
76
75
75
75
75
75
75
74
74
74
74
73
73
73
73
73
72
72
72
71
71
71
71
70
70
69
69
68
68
68
67
66
66
65
65
64
63
63
62
62
62
60
60
59
59
58
57
57
56
56
55
54
54
53
53
53
53
52
52
52
52
52
52
52
51
52
52
53
53
54
55
55
56
56
56
57
57
56
57
56
57
57
57
57
56
57
56
57
56
56
56
56
55
55
55
55
54
54
53
53
52
53
52
52
51
51
51
51
51
51
51
51
52
52
52
53
52
52
52
52
52
52
53
53
52
52
52
52
52
52
52
52
51
51
51
51
50
50
50
49
49
49
49
49
48
47
47
47
46
46
45
44
44
44
44
42
42
42
42
40
40
40
40
39
38
38
37
37
37
36
36
36
35
35
35
35
35
35
35
35
36
36
36
37
37
37
37
38
39
40
41
43
45
47
49
51
54
56
58
60
63
64
67
71
73
76
80
82
86
89
90
90
90
90
90
90
84
48
50
53
55
56
58
62
65
69
72
75
78
80
83
87
89
90
93
95
94
93
92
91
87
83
68
61
55
50
46
41
35
1
1
1
1
1
1
1
1
1
1
1
1
1
1
1
1
1
1
1
1
1
1
1
1
1
1
1
1
1
1
1
1
1
1
1
1
1
1
1
1
1
1
1
1
1
1
1
1
1
1
1
1
1
