# Vetor de dados - syn_f000875-3-Pre--front--vetorlinha.txt
# Total de elementos: 768
# Formato: um valor por linha
#==================================================

1
1
1
1
1
1
1
1
1
1
1
1
1
1
1
1
1
1
1
1
1
1
1
1
1
1
1
1
1
1
1
1
1
1
1
1
1
1
1
1
1
1
1
1
1
1
1
1
1
1
1
1
1
1
1
1
1
1
1
1
1
1
1
1
1
1
1
1
1
1
1
1
1
1
1
1
1
1
1
1
1
1
1
1
1
1
1
1
1
1
1
1
1
1
1
1
1
1
1
1
1
1
1
1
1
1
1
1
1
1
1
1
1
1
1
1
1
1
1
1
1
1
1
1
1
1
1
1
1
1
1
1
1
12
21
25
29
33
36
38
40
41
43
45
47
48
49
50
51
53
54
54
55
56
56
57
58
58
58
58
59
59
59
59
58
58
58
58
58
58
58
60
64
65
66
66
66
66
66
64
64
64
63
62
62
61
60
59
57
56
53
51
47
47
47
45
45
45
44
44
43
43
42
42
42
42
42
42
42
42
43
43
43
44
45
48
50
54
57
59
63
66
69
236
249
403
415
427
438
451
471
510
515
519
524
529
536
567
560
549
547
550
549
547
541
529
525
470
468
464
459
455
390
380
369
358
344
331
320
301
283
268
243
221
202
180
168
162
158
155
152
149
148
147
146
145
145
144
144
143
142
142
141
141
139
138
136
135
134
132
132
130
129
129
127
126
125
124
123
122
120
120
118
117
115
115
113
111
111
109
108
106
104
103
102
101
101
99
99
99
100
100
101
101
101
101
101
101
101
100
100
99
99
99
98
97
97
96
95
94
93
93
91
91
90
89
88
89
89
89
90
90
92
92
94
95
97
99
101
101
103
105
107
108
110
112
113
114
115
117
117
119
120
120
121
122
122
122
123
124
124
125
125
126
126
126
126
127
127
128
128
128
128
128
128
128
129
129
129
129
129
129
130
130
130
131
131
132
132
132
132
133
134
134
134
136
136
136
138
138
138
139
140
140
140
141
141
141
142
142
142
143
143
143
144
144
144
144
144
144
145
145
145
145
145
145
145
145
144
145
144
144
144
144
144
143
143
143
143
143
143
143
142
142
142
142
142
142
141
141
141
141
141
141
140
139
139
139
138
137
136
136
135
134
134
132
132
132
130
130
129
128
128
126
126
126
124
124
122
122
121
120
119
118
118
116
116
115
115
114
113
112
112
111
111
111
110
109
109
109
109
109
109
108
108
108
108
108
107
107
107
106
106
106
106
106
105
105
105
105
105
105
105
105
105
106
106
107
107
107
108
108
109
109
110
110
110
111
111
112
112
112
113
113
114
114
114
114
114
115
115
115
115
116
116
116
116
116
114
114
114
114
114
114
114
114
114
113
112
112
112
111
110
110
110
110
109
108
108
108
106
106
106
105
104
104
103
102
102
102
101
100
100
99
99
98
98
97
96
96
95
95
95
94
93
93
93
92
91
91
91
90
89
89
89
88
87
87
87
87
87
87
87
87
88
88
88
88
88
88
90
90
90
90
90
90
90
90
90
90
91
90
91
92
92
92
92
93
94
95
95
97
98
99
100
100
102
102
104
104
106
106
106
107
106
106
106
106
106
106
104
102
98
94
48
46
44
39
37
1
1
1
1
1
1
1
1
1
1
1
1
1
1
1
1
1
1
1
1
1
1
1
1
1
1
1
1
1
1
1
1
1
1
1
1
1
1
1
1
1
1
1
1
1
1
1
1
1
1
1
1
1
1
1
1
1
1
1
1
1
1
1
1
1
1
1
1
1
