# Vetor de dados - syn_f004089-3-Pre--front--vetorcoluna.txt
# Total de elementos: 1024
# Formato: um valor por linha
#==================================================

1
1
1
1
1
1
1
1
1
1
1
1
1
1
1
1
1
1
1
1
1
1
1
1
1
1
1
1
1
1
1
1
1
1
1
1
1
1
1
1
1
1
1
1
1
1
1
1
1
1
1
1
1
1
1
1
1
1
1
1
1
1
1
1
1
1
1
1
1
1
1
1
1
1
1
1
1
1
1
1
1
1
1
1
1
1
1
1
1
1
1
1
1
1
1
1
1
1
1
1
1
1
1
1
1
1
1
1
1
1
1
1
1
1
1
1
1
1
1
1
1
1
1
1
1
1
1
1
1
1
1
1
1
1
1
1
1
1
1
1
1
1
1
1
1
1
1
1
1
1
1
1
1
1
1
1
1
1
1
1
1
1
1
1
1
1
1
1
1
1
1
1
1
1
1
1
1
1
1
1
1
1
1
1
1
1
1
1
1
1
1
1
1
1
1
1
1
1
1
1
1
1
1
1
1
1
1
1
1
1
1
1
1
1
1
1
1
1
1
1
1
1
1
1
1
1
1
1
1
1
12
12
13
13
13
13
13
13
13
13
13
13
13
13
13
13
13
13
13
13
13
20
20
20
21
21
21
21
20
20
20
20
20
20
18
18
18
18
17
18
18
18
18
20
19
19
20
20
19
20
20
19
20
19
18
17
18
18
18
18
18
19
19
20
20
20
21
21
21
21
22
22
23
24
24
24
24
25
25
26
26
27
27
27
27
27
28
29
29
29
30
30
30
30
31
31
31
32
32
32
33
33
33
33
34
34
34
34
34
34
34
34
34
34
34
35
35
35
35
35
35
35
35
35
35
36
36
36
35
35
35
35
35
35
35
34
34
34
34
33
33
33
33
33
33
33
33
33
33
32
33
33
33
33
33
33
33
33
34
34
34
34
34
34
35
35
35
35
35
35
35
35
36
36
36
36
36
36
36
36
36
36
36
36
36
36
36
36
36
37
37
37
37
38
38
38
38
39
38
38
40
40
40
40
41
41
41
42
42
42
43
43
44
45
47
49
53
56
59
62
65
280
282
284
287
289
294
391
394
398
401
404
408
411
415
480
479
481
482
482
482
483
484
483
484
483
482
482
483
484
485
486
487
487
488
486
486
446
494
491
488
484
482
478
475
471
467
461
414
408
404
384
378
367
352
346
340
333
323
315
323
333
338
343
349
353
361
369
377
382
402
407
411
415
465
470
475
479
482
485
487
490
492
495
499
559
490
490
490
489
488
487
485
484
483
485
486
485
486
485
483
483
483
482
480
480
415
412
407
403
399
395
391
388
291
288
286
284
281
279
278
276
76
73
71
68
65
61
58
56
54
50
47
45
43
42
41
40
40
39
39
39
38
38
38
38
38
37
37
37
37
37
37
37
37
37
37
37
37
37
37
36
36
36
36
36
36
36
35
35
35
35
35
35
36
36
36
36
36
36
35
35
35
35
34
35
35
34
34
33
33
33
33
33
33
33
33
33
33
35
35
35
35
35
35
35
35
36
35
35
35
35
35
36
36
36
36
36
35
35
36
36
36
36
36
36
36
36
36
36
36
36
36
35
35
35
35
35
34
34
34
34
34
33
33
32
32
32
32
32
31
30
30
30
30
29
29
28
28
28
28
28
27
26
26
26
26
26
24
24
24
23
23
23
23
22
21
21
21
20
20
20
20
20
20
19
19
19
20
19
20
21
21
20
20
21
21
19
20
20
20
20
19
19
19
19
19
19
18
18
18
18
19
20
20
19
19
19
19
19
19
18
18
17
10
10
10
9
9
9
9
9
9
9
9
9
9
9
9
8
8
8
9
9
1
1
1
1
1
1
1
1
1
1
1
1
1
1
1
1
1
1
1
1
1
1
1
1
1
1
1
1
1
1
1
1
1
1
1
1
1
1
1
1
1
1
1
1
1
1
1
1
1
1
1
1
1
1
1
1
1
1
1
1
1
1
1
1
1
1
1
1
1
1
1
1
1
1
1
1
1
1
1
1
1
1
1
1
1
1
1
1
1
1
1
1
1
1
1
1
1
1
1
1
1
1
1
1
1
1
1
1
1
1
1
1
1
1
1
1
1
1
1
1
1
1
1
1
1
1
1
1
1
1
1
1
1
1
1
1
1
1
1
1
1
1
1
1
1
1
1
1
1
1
1
1
1
1
1
1
1
1
1
1
1
1
1
1
1
1
1
1
1
1
1
1
1
1
1
1
1
1
1
1
1
1
1
1
1
1
1
1
1
1
1
1
1
1
1
1
1
1
1
1
1
1
1
1
1
1
1
1
1
1
1
1
1
1
1
1
1
1
1
1
1
1
1
1
1
1
1
1
1
1
