# Vetor de dados - syn_f001083-0-Pre--front--vetorlinha.txt
# Total de elementos: 768
# Formato: um valor por linha
#==================================================

1
1
1
1
1
1
1
1
1
1
1
1
1
1
1
1
1
1
1
1
1
1
1
1
1
1
1
1
1
1
1
1
1
1
1
1
1
1
1
1
1
1
1
1
1
1
1
1
1
1
1
1
1
1
1
1
1
1
1
1
1
1
1
1
1
1
1
1
1
1
1
1
1
1
1
1
1
1
1
1
1
1
1
1
1
1
1
1
1
1
1
1
1
1
1
1
1
1
1
1
1
1
9
22
26
30
34
38
40
42
44
46
48
50
51
52
54
55
56
57
58
59
60
60
61
62
63
63
63
63
64
64
64
64
64
64
64
63
63
63
63
63
65
70
71
72
72
72
71
71
70
70
69
69
68
68
67
66
65
63
63
61
60
57
55
55
53
53
53
52
52
51
50
49
48
46
46
45
45
45
45
44
44
44
44
44
44
44
44
44
44
44
45
45
46
48
50
54
58
106
116
124
136
184
199
214
235
369
385
399
416
457
468
479
505
518
530
551
574
581
586
602
621
622
620
618
603
594
596
595
578
573
575
575
504
498
493
407
394
384
374
362
347
334
299
255
230
204
185
173
167
162
157
155
153
151
149
147
146
144
142
141
139
137
135
133
131
130
128
128
126
126
124
124
123
123
122
122
122
121
121
120
120
119
119
119
118
117
117
116
115
114
114
112
112
111
111
110
110
110
110
110
110
110
109
109
108
108
108
108
108
108
108
108
108
108
108
107
107
107
107
107
105
105
105
105
105
105
105
105
104
104
104
104
105
105
105
106
106
106
107
107
107
108
110
111
112
113
115
116
117
118
119
119
119
120
121
122
122
123
124
124
125
126
126
127
128
129
129
131
131
133
133
134
135
135
136
137
137
137
138
139
139
139
139
139
140
141
141
141
141
141
142
142
143
143
143
144
145
145
145
146
146
146
147
148
148
148
150
150
150
150
151
152
152
152
153
154
154
154
156
156
156
156
156
156
157
157
157
157
157
158
158
158
159
159
159
158
157
157
157
157
157
157
157
157
157
157
155
155
155
155
155
155
153
153
153
153
153
152
151
151
151
151
150
150
149
149
148
148
147
147
146
146
145
144
144
144
142
142
142
141
140
140
139
138
138
137
137
136
135
135
135
133
133
133
132
132
131
131
130
129
129
128
127
127
127
126
125
125
125
124
123
123
123
122
122
121
120
120
120
120
119
118
118
118
118
118
118
118
118
118
118
118
118
118
117
117
116
116
117
117
116
116
116
116
116
116
116
114
115
115
115
115
115
115
115
115
116
116
116
116
116
116
116
117
117
117
117
117
117
117
118
118
118
118
119
119
119
119
119
120
119
119
120
119
120
120
120
120
120
120
120
119
120
119
119
119
119
119
119
119
118
118
118
117
117
117
117
117
116
116
115
115
115
115
115
115
115
113
113
113
113
113
111
111
111
111
111
111
109
109
109
109
109
107
107
107
107
106
105
105
105
104
104
103
103
103
102
101
101
100
100
99
99
99
98
98
97
97
97
97
97
97
97
96
95
95
95
95
96
96
97
97
97
97
97
98
98
98
97
98
97
97
97
98
99
99
99
99
100
101
101
101
102
103
104
105
106
107
108
109
110
111
112
112
114
114
115
116
115
115
115
113
113
113
113
112
111
110
109
103
100
96
91
38
1
1
1
1
1
1
1
1
1
1
1
1
1
1
1
1
1
1
1
1
1
1
1
1
1
1
1
1
1
1
1
1
1
1
1
1
1
1
1
1
1
1
