# Vetor de dados - syn_f003242-1-Pre--front--vetorlinha.txt
# Total de elementos: 768
# Formato: um valor por linha
#==================================================

1
1
1
1
1
1
1
1
1
1
1
1
1
1
1
1
1
1
1
1
1
1
1
1
1
1
1
1
1
1
1
1
1
1
1
1
1
1
1
1
1
1
1
1
1
1
1
1
1
1
1
1
1
1
1
1
1
1
1
1
1
1
1
1
1
1
1
1
1
1
1
1
1
1
1
1
1
1
1
1
1
1
1
1
1
1
1
1
1
1
1
1
1
1
1
1
1
1
1
1
1
1
1
1
1
1
20
26
29
33
37
40
42
44
46
48
50
52
53
54
56
56
58
58
60
62
62
62
63
64
64
66
66
66
66
67
67
67
67
67
67
67
67
66
66
66
66
67
72
75
75
75
75
75
75
75
74
74
73
73
72
72
71
71
69
69
67
67
65
62
58
57
57
56
55
55
55
53
53
53
52
51
51
51
50
50
50
50
50
50
49
49
49
50
50
51
51
53
57
61
65
68
71
75
78
82
258
427
444
457
480
492
502
513
525
570
577
585
592
623
623
622
618
608
600
596
596
593
577
570
574
574
573
514
510
506
501
431
424
415
406
397
386
376
363
352
339
331
320
304
288
276
267
257
245
233
172
166
163
160
159
159
157
157
156
156
155
154
154
152
152
151
151
150
149
149
148
147
147
147
146
146
146
146
147
147
147
147
148
147
148
147
147
146
146
146
146
145
145
144
143
142
142
140
139
138
137
135
134
133
133
132
131
131
130
130
130
129
129
129
129
129
129
129
128
128
128
128
128
128
128
128
128
128
128
128
130
130
130
131
131
132
133
133
133
133
133
135
135
135
135
135
135
134
134
134
134
136
136
137
138
139
139
141
143
143
145
145
147
147
149
149
150
151
151
152
153
153
154
155
155
155
155
156
157
157
157
157
157
157
157
157
157
157
157
157
157
157
157
158
159
159
159
159
159
159
160
161
161
162
162
162
164
164
164
164
164
166
166
166
166
167
168
168
168
169
169
169
169
169
169
169
169
169
169
169
169
169
169
169
169
169
168
168
167
167
167
167
167
167
166
165
165
165
165
164
164
163
163
162
162
161
161
161
160
160
159
159
159
158
158
157
157
156
155
155
155
154
153
153
152
151
151
150
150
149
148
148
147
146
146
145
145
144
144
143
143
142
141
141
140
139
139
138
137
137
136
135
135
134
133
133
133
131
131
131
129
129
129
128
128
127
127
127
126
125
125
125
125
124
123
123
123
123
123
123
123
122
122
122
122
122
122
121
121
121
121
121
121
121
121
121
121
121
121
121
121
121
122
123
123
123
123
123
125
125
125
125
125
125
125
125
126
127
127
127
127
127
127
127
127
127
127
127
127
127
127
127
126
125
125
125
125
125
124
124
124
123
123
123
122
122
121
121
120
120
120
119
119
118
118
117
117
116
116
115
115
115
113
113
113
113
111
111
111
111
111
109
109
109
109
108
107
107
107
107
106
106
105
105
105
105
104
103
103
103
103
103
103
103
102
102
101
101
102
102
102
102
102
102
103
104
104
104
104
105
105
106
106
106
106
106
106
106
106
107
105
106
106
106
107
107
107
107
108
109
109
109
110
111
112
113
114
115
116
117
118
119
120
121
122
123
123
123
124
124
124
124
123
122
119
119
118
117
112
108
103
51
50
45
43
1
1
1
1
1
1
1
1
1
1
1
1
1
1
1
1
1
1
1
1
1
1
1
1
1
1
1
1
1
1
1
1
1
1
1
1
1
1
1
1
1
1
1
1
1
1
1
