# Vetor de dados - syn_f002374-0-Pre--front--vetorlinha.txt
# Total de elementos: 768
# Formato: um valor por linha
#==================================================

1
1
1
1
1
1
1
1
1
1
1
1
1
1
1
1
1
1
1
1
1
1
1
1
1
1
1
1
1
1
1
1
1
1
1
1
1
1
1
1
1
1
1
1
1
1
1
1
1
1
1
1
1
1
1
1
1
1
1
1
1
1
1
1
1
1
1
1
1
1
1
1
1
1
1
1
1
1
1
1
1
1
1
1
1
1
1
1
1
1
1
1
1
1
1
1
1
1
1
1
1
1
1
1
1
16
24
27
31
35
38
40
42
44
46
48
49
50
52
52
54
55
56
57
58
58
59
60
60
61
62
62
62
62
62
62
62
62
62
62
62
62
61
61
61
65
68
69
70
70
70
70
68
68
68
67
66
66
66
64
63
62
61
60
58
55
51
51
50
49
49
48
47
47
46
45
45
45
44
44
44
44
44
44
44
44
44
44
44
43
43
44
44
44
45
48
50
54
59
66
79
87
95
109
127
142
153
162
171
181
190
271
286
304
317
347
361
376
433
448
462
473
496
519
523
529
535
542
553
557
555
542
546
551
556
560
563
567
499
496
493
495
487
479
396
393
391
388
363
364
153
150
149
148
146
146
144
142
142
140
139
138
136
134
131
129
128
127
126
126
126
125
126
126
127
127
127
127
127
127
125
125
125
125
125
125
123
123
123
122
122
121
120
120
120
119
118
116
116
114
114
113
113
111
111
110
112
112
113
113
113
114
114
114
113
113
113
113
113
113
113
113
113
113
113
113
114
115
115
115
115
117
117
118
119
119
121
121
121
121
121
122
122
123
123
123
125
125
125
126
127
127
129
129
130
131
132
133
134
135
136
137
138
139
140
140
140
142
142
142
142
142
142
142
142
142
143
143
144
144
143
142
142
142
142
142
142
142
142
142
142
142
142
142
143
143
143
144
144
144
144
144
144
144
146
146
146
146
146
146
147
147
148
148
148
148
148
149
149
149
149
148
148
148
148
148
148
148
149
148
148
148
147
147
147
147
146
145
145
145
145
145
144
143
143
143
143
142
141
141
141
141
139
139
139
139
139
137
137
137
137
137
137
135
135
135
135
134
133
133
133
133
132
131
131
131
131
130
130
129
129
129
129
128
128
127
127
127
126
125
125
125
124
124
124
123
123
122
122
122
122
120
120
120
120
120
118
118
118
118
117
116
116
116
116
115
115
114
114
114
114
114
114
113
113
113
113
113
113
113
113
113
113
113
113
113
113
113
113
112
112
112
112
112
111
111
111
111
112
112
112
112
112
112
112
112
112
112
112
114
114
114
114
114
114
116
116
116
116
116
117
117
117
117
118
118
118
118
119
118
118
119
119
119
119
119
119
119
119
118
118
118
118
118
118
118
118
118
118
117
116
116
116
116
116
116
115
115
114
114
114
114
114
113
113
112
112
112
112
111
111
111
110
110
109
109
109
109
109
107
107
107
107
107
105
105
105
105
105
104
103
103
103
103
101
101
101
101
101
99
99
99
99
99
97
97
97
97
97
97
96
96
96
95
95
95
95
96
96
96
96
96
96
97
97
98
98
98
98
98
98
99
99
99
99
101
101
101
102
103
104
105
105
107
107
109
109
111
112
112
113
114
114
115
116
116
116
116
116
116
116
115
114
114
115
113
113
111
107
103
45
44
41
40
1
1
1
1
1
1
1
1
1
1
1
1
1
1
1
1
1
1
1
1
1
1
1
1
1
1
1
1
1
1
1
1
1
1
1
1
1
1
1
1
1
1
1
1
