# Vetor de dados - syn_f003659-2-Pre--front--vetorcoluna.txt
# Total de elementos: 1024
# Formato: um valor por linha
#==================================================

1
1
1
1
1
1
1
1
1
1
1
1
1
1
1
1
1
1
1
1
1
1
1
1
1
1
1
1
1
1
1
1
1
1
1
1
1
1
1
1
1
1
1
1
1
1
1
1
1
1
1
1
1
1
1
1
1
1
1
1
1
1
1
1
1
1
1
1
1
1
1
1
1
1
1
1
1
1
1
1
1
1
1
1
1
1
1
1
1
1
1
1
1
1
1
1
1
1
1
1
1
1
1
1
1
1
1
1
1
1
1
1
1
1
1
1
1
1
1
1
1
1
1
1
1
1
1
1
1
1
1
1
1
1
1
1
1
1
1
1
1
1
1
1
1
1
1
1
1
1
1
1
1
1
1
1
1
1
1
1
1
1
1
1
1
1
1
1
1
1
1
1
1
1
1
1
1
1
1
1
1
1
1
1
1
1
1
1
1
1
1
1
1
1
1
1
1
1
1
1
1
1
1
1
1
1
1
1
1
1
1
1
1
1
1
1
1
1
1
1
1
1
1
1
1
1
1
1
1
1
1
1
14
14
14
14
16
17
18
18
19
19
19
20
20
20
19
19
19
19
20
20
19
19
19
19
20
20
20
20
20
21
21
21
21
22
21
21
21
21
21
20
21
21
21
21
21
22
22
22
22
22
23
23
23
23
23
24
24
24
24
24
24
25
25
25
25
25
25
25
26
26
26
26
26
26
27
27
27
28
28
29
29
29
29
30
31
31
31
31
32
32
32
32
32
33
33
34
34
34
34
34
34
34
35
35
36
36
36
36
36
36
37
37
37
37
37
37
37
38
38
38
38
38
39
39
39
39
39
39
39
38
38
38
38
38
38
38
38
39
39
38
38
38
38
38
38
38
38
38
38
38
39
39
39
39
39
39
39
39
39
39
39
39
40
41
41
41
41
41
41
41
41
41
42
42
42
42
42
42
42
43
43
43
43
42
42
42
42
43
43
43
43
43
43
43
44
44
44
44
44
44
44
44
45
45
45
46
46
46
46
46
48
50
54
58
61
64
65
67
70
71
74
279
282
285
288
292
295
300
306
396
401
406
410
415
420
424
428
502
503
503
503
502
504
505
505
505
504
504
503
504
505
506
506
507
508
508
508
507
507
583
523
517
512
506
500
495
490
484
477
444
437
434
430
427
423
391
380
372
365
361
357
358
362
367
373
379
386
393
417
424
426
430
433
437
475
483
490
496
501
506
509
512
515
520
466
502
505
505
507
507
507
506
506
506
504
504
504
505
506
506
506
504
504
504
504
503
430
425
420
415
411
406
402
398
393
300
295
291
287
284
281
76
73
71
68
66
64
62
60
59
57
54
52
51
50
49
49
48
48
48
47
47
45
45
45
45
44
44
44
44
44
43
43
43
43
43
43
43
43
42
41
41
41
41
41
41
41
40
40
40
40
40
40
40
40
40
39
39
39
39
39
39
39
39
38
38
38
38
38
38
38
37
37
37
37
37
37
37
36
37
37
37
37
37
38
38
38
38
38
39
39
39
39
40
40
40
40
40
41
41
41
41
41
41
41
42
42
42
42
42
42
42
42
42
42
42
42
42
42
42
41
41
41
41
41
41
41
41
41
41
41
41
41
41
40
40
40
40
40
40
40
39
39
39
39
39
39
39
38
38
38
38
38
38
38
38
38
38
37
37
37
37
37
37
37
37
37
1
1
1
1
1
1
1
1
1
1
1
1
1
1
1
1
1
1
34
33
33
33
33
33
33
32
32
1
1
1
1
1
1
1
1
1
1
1
31
31
31
31
31
31
31
31
1
1
1
1
1
1
1
1
1
1
1
1
1
1
1
1
1
1
1
1
1
1
1
1
1
1
1
1
1
1
1
1
1
1
1
1
1
1
1
1
1
1
1
1
1
1
1
1
1
1
1
1
1
1
1
1
1
1
1
1
1
1
1
1
1
1
1
1
1
1
1
1
1
1
1
1
1
1
1
1
1
1
1
1
1
1
1
1
1
1
1
1
1
1
1
1
1
1
1
1
1
1
1
1
1
1
1
1
1
1
1
1
1
1
1
1
1
1
1
1
1
1
1
1
1
1
1
1
1
1
1
1
1
1
1
1
1
1
1
1
1
1
1
1
1
1
1
1
1
1
1
1
1
1
1
1
1
1
1
1
1
1
1
1
1
1
1
1
1
1
1
1
1
1
1
1
1
1
1
1
1
1
1
1
1
1
1
1
1
1
1
1
1
1
1
1
1
1
1
1
1
1
1
1
1
1
1
1
1
1
1
1
1
1
1
1
1
1
1
1
1
1
1
1
1
1
1
1
1
1
1
1
1
1
1
1
1
1
1
