# Vetor de dados - syn_f002494-2-Pre--left--vetorlinha.txt
# Total de elementos: 768
# Formato: um valor por linha
#==================================================

1
1
1
1
1
1
1
1
1
1
1
1
1
1
1
1
1
1
1
1
1
1
1
1
1
1
1
1
1
1
1
1
1
1
1
1
1
1
1
1
1
1
1
1
1
1
1
1
1
1
1
1
1
1
1
1
1
1
1
1
1
1
1
1
1
1
1
1
1
1
1
1
1
1
1
1
1
1
1
1
1
1
1
1
1
1
1
1
1
1
1
1
1
1
1
1
1
1
1
1
1
1
1
1
1
1
1
1
1
1
1
1
1
1
1
1
1
1
1
1
1
1
1
1
1
1
1
1
1
1
1
1
1
1
1
1
10
22
30
34
38
42
45
48
50
52
54
56
58
59
61
63
63
65
65
66
67
67
69
69
69
69
70
70
70
70
70
70
70
70
70
70
70
70
70
71
70
71
72
72
72
73
74
74
75
74
74
73
72
70
67
66
65
65
64
63
62
61
61
60
60
60
59
58
58
58
58
58
58
58
58
57
56
56
55
52
47
44
43
42
42
43
43
43
44
44
44
45
46
47
52
61
72
82
89
97
106
145
153
159
164
169
173
178
182
187
194
200
206
211
213
216
221
225
229
235
239
244
252
258
264
273
274
275
275
273
271
268
259
259
169
87
87
87
87
88
88
88
88
88
89
89
89
88
88
88
88
88
88
88
87
87
86
86
85
85
84
82
82
81
81
81
80
80
80
79
80
80
79
80
80
79
79
78
78
78
77
77
77
77
76
76
76
75
75
75
74
74
73
73
72
71
71
70
70
70
68
68
68
67
67
67
67
67
67
67
68
70
71
73
74
75
77
77
79
80
82
82
83
85
86
86
88
89
89
90
91
91
92
92
93
93
93
94
94
95
95
95
96
96
95
95
96
96
96
96
97
97
97
97
97
97
97
97
97
97
97
97
96
95
95
95
95
95
94
94
94
94
93
93
93
92
93
92
92
93
92
92
91
91
90
91
90
90
89
88
87
87
86
85
85
84
83
82
81
81
80
81
81
81
80
80
80
80
80
81
81
81
80
80
80
80
81
81
81
81
80
80
80
80
80
79
79
79
79
79
78
78
77
76
76
76
76
75
75
75
75
73
73
73
73
72
71
71
71
70
70
69
69
68
68
67
67
66
66
65
64
64
64
62
62
62
61
60
60
59
59
58
57
57
56
56
56
54
54
54
53
53
52
52
52
52
51
51
52
52
53
53
53
54
54
55
54
55
55
56
56
55
56
55
55
56
55
55
55
54
55
54
54
54
54
53
54
53
52
52
52
52
52
52
52
52
52
52
53
53
53
53
53
54
53
53
53
53
53
53
53
53
53
53
54
54
54
53
54
54
54
54
54
54
54
53
53
53
53
53
53
53
52
52
52
52
51
51
51
50
50
50
49
49
49
48
48
47
47
47
46
45
45
44
44
44
43
43
42
41
41
41
41
40
40
40
38
38
39
39
39
40
40
41
42
43
45
47
49
51
53
55
57
60
61
64
67
71
73
75
78
80
80
82
83
84
84
84
84
85
84
83
50
53
55
58
61
65
67
70
73
77
81
83
84
85
85
85
84
83
83
83
81
71
61
56
51
47
46
43
1
1
1
1
1
1
1
1
1
1
1
1
1
1
1
1
1
1
1
1
1
1
1
1
1
1
1
1
1
1
1
1
1
1
1
1
1
1
1
1
1
1
1
1
1
1
1
1
1
1
1
1
1
1
1
1
1
1
1
1
1
1
1
1
1
1
1
1
1
1
1
1
