# Vetor de dados - syn_f001084-3-Pre--front--vetorlinha.txt
# Total de elementos: 768
# Formato: um valor por linha
#==================================================

1
1
1
1
1
1
1
1
1
1
1
1
1
1
1
1
1
1
1
1
1
1
1
1
1
1
1
1
1
1
1
1
1
1
1
1
1
1
1
1
1
1
1
1
1
1
1
1
1
1
1
1
1
1
1
1
1
1
1
1
1
1
1
1
1
1
1
1
1
1
1
1
1
1
1
1
1
1
1
1
1
1
1
1
1
1
1
1
1
1
1
1
1
1
1
1
1
1
1
1
1
1
1
1
1
1
1
1
1
1
1
1
1
1
1
1
1
1
1
1
1
1
1
1
18
24
28
32
36
38
40
42
44
46
48
50
50
52
53
54
55
57
57
58
59
59
60
61
61
62
62
62
62
62
62
62
62
62
62
62
61
61
61
64
68
70
70
70
70
70
68
68
68
67
67
66
66
65
64
62
61
60
59
53
51
51
51
50
49
49
48
47
46
45
44
44
44
44
44
44
44
44
44
44
44
44
44
45
45
45
46
48
49
51
55
58
60
63
237
248
256
264
269
316
427
440
485
493
504
512
515
518
519
514
515
520
537
551
551
550
549
496
492
485
466
462
461
458
453
449
444
377
367
357
348
333
315
293
283
259
247
233
201
190
164
158
154
151
150
148
147
145
145
144
144
144
143
143
142
142
141
140
139
139
138
137
137
137
137
136
135
135
135
133
132
131
130
129
128
127
126
125
124
124
123
122
121
120
120
118
118
116
116
114
113
112
110
109
108
107
107
107
107
108
107
106
106
106
106
106
106
106
106
105
105
104
104
104
103
102
101
101
100
99
99
99
97
97
97
97
95
95
95
94
94
93
92
92
92
92
92
92
92
93
94
97
99
101
103
105
107
110
111
112
114
115
116
117
118
119
119
120
121
121
122
122
123
124
124
124
124
124
125
125
125
125
126
126
126
126
126
127
127
127
128
128
128
129
129
130
131
131
131
132
133
133
134
135
136
136
137
138
138
139
140
140
141
141
142
142
143
143
143
144
145
145
145
145
146
146
146
146
146
146
146
146
146
146
146
146
146
146
146
146
146
146
145
145
145
145
145
145
145
145
143
143
143
143
142
141
141
141
139
139
139
137
137
137
136
135
135
135
135
135
135
134
133
133
133
133
131
131
130
129
129
128
128
126
126
125
124
124
122
122
120
120
119
118
118
117
116
115
115
115
113
113
113
111
111
111
110
109
109
109
108
107
107
107
107
106
106
106
106
105
105
104
104
104
104
104
104
104
104
103
103
103
103
104
104
104
104
105
105
106
106
107
107
108
108
109
109
110
110
111
112
112
113
113
114
114
114
115
115
115
116
116
116
116
116
117
117
116
116
116
116
116
116
115
115
115
115
115
114
114
113
113
113
111
111
111
111
110
109
109
109
107
107
107
106
105
105
104
103
103
103
102
101
101
100
100
99
99
98
97
97
97
96
96
95
94
94
94
94
93
92
92
92
92
90
90
90
90
90
90
90
90
89
89
89
90
91
91
91
90
90
90
90
91
91
91
91
91
92
92
92
92
92
92
93
94
94
95
95
96
97
97
98
100
101
102
103
104
105
106
106
108
108
109
109
109
109
108
108
107
107
106
105
104
102
100
98
97
93
91
42
1
1
1
1
1
1
1
1
1
1
1
1
1
1
1
1
1
1
1
1
1
1
1
1
1
1
1
1
1
1
1
1
1
1
1
1
1
1
1
1
1
1
1
1
1
1
1
1
1
1
1
1
1
1
1
1
1
1
1
1
1
1
1
