# Vetor de dados - syn_f004787-1-Pre--front--vetorlinha.txt
# Total de elementos: 768
# Formato: um valor por linha
#==================================================

1
1
1
1
1
1
1
1
1
1
1
1
1
1
1
1
1
1
1
1
1
1
1
1
1
1
1
1
1
1
1
1
1
1
1
1
1
1
1
1
1
1
1
1
1
1
1
1
1
1
1
1
1
1
1
1
1
1
1
1
1
1
1
1
1
1
1
1
1
1
1
1
1
1
1
1
1
1
1
1
1
1
1
1
1
1
1
1
1
1
1
1
1
1
1
1
1
1
1
1
1
1
1
1
1
1
1
1
1
1
1
1
1
1
1
1
1
1
1
1
1
1
1
1
1
1
1
13
22
26
30
34
37
39
41
43
45
46
48
49
50
52
52
54
54
56
56
58
58
58
60
60
60
60
60
60
61
60
60
60
60
60
60
60
60
60
65
67
69
69
69
68
67
67
67
67
65
65
65
63
63
61
59
59
58
53
51
49
49
49
48
47
47
45
45
43
43
43
43
43
43
43
43
43
43
43
43
43
44
44
45
46
47
50
54
58
62
66
70
79
90
263
413
424
436
454
506
525
528
532
539
545
556
573
561
555
556
558
557
556
552
534
464
461
457
450
445
438
349
335
322
310
291
269
247
231
216
201
186
168
160
155
151
148
145
143
141
140
139
137
137
135
135
133
133
131
130
128
127
126
125
124
124
123
122
121
121
120
119
119
118
118
118
116
116
116
115
115
115
113
113
113
112
111
110
110
109
108
107
105
105
104
102
102
103
103
103
103
103
103
103
102
102
102
102
102
102
102
102
102
102
102
102
102
102
102
102
102
102
102
103
103
104
105
106
107
108
109
110
111
112
113
114
114
115
116
116
117
118
119
119
120
120
121
121
122
122
122
123
123
123
124
124
124
124
124
124
124
124
125
125
125
125
125
125
125
125
126
127
127
127
127
127
127
127
128
129
129
129
130
130
130
130
130
130
132
132
132
132
132
132
133
134
134
134
134
134
134
134
134
134
134
134
134
134
134
133
133
133
132
132
132
132
131
131
131
131
130
130
129
129
129
128
128
127
127
127
126
126
125
125
125
124
124
124
123
123
122
122
122
121
121
120
120
119
119
118
118
117
117
116
116
116
114
114
114
114
114
113
112
112
112
112
110
110
110
110
110
108
108
108
108
108
107
107
106
106
106
105
105
105
105
105
104
104
104
103
103
103
103
103
103
103
103
103
103
103
103
103
103
103
103
103
103
103
103
103
103
103
103
103
103
103
103
103
103
102
101
101
101
101
101
101
101
101
101
102
103
103
103
103
103
103
105
105
105
105
105
105
107
107
107
107
107
107
107
107
107
107
108
108
108
108
108
108
108
108
107
107
107
107
107
107
106
106
106
106
105
104
104
104
103
103
102
102
102
101
101
101
100
100
99
99
99
98
97
97
97
96
96
95
95
95
95
93
93
93
93
93
91
91
91
91
90
90
89
89
89
88
88
88
87
87
87
86
86
85
85
85
86
86
86
85
86
85
86
86
86
86
86
87
88
88
88
88
88
89
89
88
89
89
89
89
90
90
90
91
91
92
93
93
94
95
96
97
98
100
100
102
102
103
103
104
105
105
105
106
105
105
105
104
103
102
102
101
98
98
95
94
91
41
39
38
35
1
1
1
1
1
1
1
1
1
1
1
1
1
1
1
1
1
1
1
1
1
1
1
1
1
1
1
1
1
1
1
1
1
1
1
1
1
1
1
1
1
1
1
1
1
1
1
1
1
1
1
1
1
1
1
1
1
1
1
1
1
1
1
1
