# Vetor de dados - syn_f001365-1-Pre--front--vetorcoluna.txt
# Total de elementos: 1024
# Formato: um valor por linha
#==================================================

1
1
1
1
1
1
1
1
1
1
1
1
1
1
1
1
1
1
1
1
1
1
1
1
1
1
1
1
1
1
1
1
1
1
1
1
1
1
1
1
1
1
1
1
1
1
1
1
1
1
1
1
1
1
1
1
1
1
1
1
1
1
1
1
1
1
1
1
1
1
1
1
1
1
1
1
1
1
1
1
1
1
1
1
1
1
1
1
1
1
1
1
1
1
1
1
1
1
1
1
1
1
1
1
1
1
1
1
1
1
1
1
1
1
1
1
1
1
1
1
1
1
1
1
1
1
1
1
1
1
1
1
1
1
1
1
1
1
1
1
1
1
1
1
1
1
1
1
1
1
1
1
1
1
1
1
1
1
1
1
1
1
1
1
1
1
1
1
1
1
1
1
1
1
1
1
1
1
1
1
1
1
1
1
1
1
1
1
1
1
1
1
1
1
1
1
1
1
1
1
1
1
1
1
1
1
1
1
1
1
1
1
1
1
1
1
1
1
1
1
1
1
1
1
1
1
1
1
1
1
1
1
1
1
1
1
1
1
1
1
1
1
1
1
1
1
1
1
1
25
25
25
25
25
25
25
25
25
25
25
25
25
25
26
26
26
26
26
26
26
26
26
27
27
27
27
27
27
28
28
28
28
28
29
29
29
29
29
30
30
30
30
30
31
31
31
31
31
31
31
31
31
31
31
31
31
31
31
31
31
31
31
31
31
31
31
31
31
31
31
31
32
32
32
32
32
32
33
33
33
33
33
33
33
33
33
34
35
35
35
35
36
36
36
36
36
36
36
37
37
37
37
37
37
37
37
37
38
38
38
38
37
37
37
37
38
38
38
38
37
37
37
37
37
38
38
37
37
37
37
38
38
38
37
37
37
38
38
38
38
38
39
38
38
38
38
38
39
39
39
39
39
40
40
40
40
40
40
40
41
41
41
41
41
41
41
41
41
41
41
41
41
41
41
42
42
42
42
42
42
42
42
42
43
43
43
44
44
44
45
45
45
47
50
52
54
280
282
285
288
292
296
309
393
397
401
406
410
415
420
425
429
487
488
489
489
489
490
491
491
492
492
492
492
492
494
495
496
497
498
498
498
497
473
470
458
436
430
499
495
494
491
489
485
481
477
473
443
437
433
431
428
426
424
422
419
408
387
378
372
373
381
388
397
418
423
426
428
429
432
436
443
473
478
483
487
491
495
499
503
506
508
509
511
513
457
463
496
498
500
500
500
498
498
497
495
494
495
494
495
494
494
493
492
492
492
492
491
425
421
416
412
408
404
401
396
391
317
310
298
293
289
285
59
59
58
56
54
53
51
50
49
49
48
48
48
47
47
45
45
45
44
43
43
43
42
42
42
41
41
41
41
41
40
40
40
40
40
40
40
40
40
39
39
39
39
40
40
40
39
39
39
39
39
39
39
38
38
38
38
38
39
38
38
38
38
38
39
39
39
39
38
39
39
39
39
39
39
39
38
39
39
39
39
39
39
39
40
39
39
39
39
39
38
38
38
38
37
37
37
37
37
37
37
37
37
37
36
36
36
36
36
35
35
35
35
34
34
34
33
33
33
33
33
33
33
33
33
33
32
32
32
32
32
32
32
32
32
32
32
32
32
32
32
32
32
32
32
32
32
32
32
31
31
31
31
31
31
31
31
31
30
30
30
30
30
30
29
29
29
29
29
28
28
28
28
28
28
28
27
27
27
27
27
27
27
27
26
26
26
26
26
26
26
26
26
26
26
26
25
25
26
26
26
26
1
1
1
1
1
1
1
1
1
1
1
1
1
1
1
1
1
1
1
1
1
1
1
1
1
1
1
1
1
1
1
1
1
1
1
1
1
1
1
1
1
1
1
1
1
1
1
1
1
1
1
1
1
1
1
1
1
1
1
1
1
1
1
1
1
1
1
1
1
1
1
1
1
1
1
1
1
1
1
1
1
1
1
1
1
1
1
1
1
1
1
1
1
1
1
1
1
1
1
1
1
1
1
1
1
1
1
1
1
1
1
1
1
1
1
1
1
1
1
1
1
1
1
1
1
1
1
1
1
1
1
1
1
1
1
1
1
1
1
1
1
1
1
1
1
1
1
1
1
1
1
1
1
1
1
1
1
1
1
1
1
1
1
1
1
1
1
1
1
1
1
1
1
1
1
1
1
1
1
1
1
1
1
1
1
1
1
1
1
1
1
1
1
1
1
1
1
1
1
1
1
1
1
1
1
1
1
1
1
1
1
1
1
1
1
1
1
1
1
1
1
1
1
1
1
1
1
1
1
1
1
1
1
1
1
1
1
1
1
1
1
1
1
1
1
1
1
1
1
