# Vetor de dados - syn_f002116-2-Pre--front--vetorlinha.txt
# Total de elementos: 768
# Formato: um valor por linha
#==================================================

1
1
1
1
1
1
1
1
1
1
1
1
1
1
1
1
1
1
1
1
1
1
1
1
1
1
1
1
1
1
1
1
1
1
1
1
1
1
1
1
1
1
1
1
1
1
1
1
1
1
1
1
1
1
1
1
1
1
1
1
1
1
1
1
1
1
1
1
1
1
1
1
1
1
1
1
1
1
1
1
1
1
1
1
1
1
1
1
1
1
1
1
1
1
1
1
1
1
14
23
27
31
35
37
39
41
43
45
47
49
50
51
52
53
54
56
56
58
58
59
60
60
61
62
62
62
62
62
63
62
62
62
62
62
62
62
62
62
62
67
69
71
71
71
71
70
70
69
69
68
67
67
67
66
64
63
62
61
60
56
52
51
51
51
50
49
49
48
48
48
47
47
47
48
48
48
48
48
48
48
48
48
48
48
50
51
52
54
56
59
62
65
67
70
73
76
79
81
83
87
91
117
144
156
284
294
305
423
443
462
473
483
494
505
518
529
552
575
582
588
595
602
614
623
630
615
612
614
614
613
611
605
584
517
513
508
503
497
490
398
386
367
333
312
299
251
231
212
196
184
178
173
168
166
164
162
160
159
158
156
155
155
153
153
151
149
148
147
146
144
142
142
140
140
139
138
138
137
136
136
135
135
134
133
133
133
133
131
131
131
131
129
129
129
127
127
126
125
124
123
123
122
122
122
122
122
122
123
123
123
123
123
123
123
123
122
122
122
122
122
121
121
121
121
121
121
121
121
121
120
120
120
120
120
120
120
120
120
120
120
120
120
120
121
121
121
121
122
122
122
124
124
124
125
126
127
128
128
130
130
132
132
134
134
135
136
136
138
138
138
139
140
140
140
140
141
142
142
142
142
142
142
142
142
142
141
141
141
141
140
140
140
140
140
139
139
139
139
139
140
140
140
140
140
140
140
140
140
141
141
141
142
143
143
143
143
143
144
144
145
145
145
146
146
146
146
146
146
147
148
148
148
148
148
148
148
148
147
146
146
146
146
146
146
146
146
146
146
146
145
145
145
144
144
144
144
144
144
144
144
144
144
144
143
142
142
142
142
140
140
140
140
140
139
138
138
138
137
137
136
136
135
135
135
134
134
133
133
132
131
131
131
129
129
129
128
127
127
126
125
125
123
123
123
121
121
120
120
119
118
118
117
117
117
115
115
115
115
114
113
113
113
113
113
112
112
112
112
112
112
112
112
112
112
112
112
112
112
112
112
112
112
111
111
110
110
110
110
110
110
110
110
110
110
110
110
110
110
110
110
110
110
112
112
112
112
113
114
114
114
114
116
116
116
116
117
117
118
118
118
119
119
119
120
120
120
120
120
120
120
120
120
120
120
120
120
120
120
119
119
119
119
118
118
118
117
117
116
116
116
115
114
114
114
113
113
112
112
111
111
110
109
109
109
108
107
107
107
105
105
105
105
104
103
103
102
102
101
101
101
100
99
99
98
98
98
98
96
96
96
96
96
94
94
94
94
94
94
92
92
92
92
92
92
92
92
92
92
92
92
92
93
94
94
94
94
94
94
94
94
94
94
94
94
94
94
94
95
96
96
96
97
97
98
99
99
100
101
102
103
104
105
106
107
108
109
109
111
111
112
113
114
115
115
115
115
114
114
113
113
112
109
109
107
103
101
98
97
90
43
40
1
1
1
1
1
1
1
1
1
1
1
1
1
1
1
1
1
1
1
1
1
1
1
1
1
1
1
1
1
1
1
1
1
1
1
1
1
