# Vetor de dados - syn_f001464-0-Pre--left--vetorlinha.txt
# Total de elementos: 768
# Formato: um valor por linha
#==================================================

1
1
1
1
1
1
1
1
1
1
1
1
1
1
1
1
1
1
1
1
1
1
1
1
1
1
1
1
1
1
1
1
1
1
1
1
1
1
1
1
1
1
1
1
1
1
1
1
1
1
1
1
1
1
1
1
1
1
1
1
1
1
1
1
1
1
1
1
1
1
1
1
1
1
1
1
1
1
1
1
1
1
1
1
1
1
1
1
1
1
1
1
1
1
1
1
1
1
1
1
1
1
1
1
1
1
1
1
1
1
1
1
1
1
1
1
1
1
1
1
1
1
20
26
32
37
41
44
47
50
52
54
56
58
60
61
63
64
66
66
68
69
69
70
70
71
72
73
73
73
73
73
73
74
74
74
75
75
76
77
77
77
78
79
80
80
81
81
82
82
82
82
81
80
78
76
73
72
72
71
70
69
68
67
67
66
65
64
64
63
63
63
62
62
62
62
62
60
59
58
56
53
50
48
47
46
46
46
46
46
46
46
46
46
47
47
47
48
49
48
49
50
51
58
63
164
169
176
182
194
211
218
222
229
236
244
251
266
276
288
289
289
288
288
286
284
281
274
274
271
254
202
198
194
191
185
179
170
162
153
140
113
108
102
97
97
98
98
100
100
101
101
102
102
102
102
102
103
103
103
103
103
103
103
102
101
101
101
100
100
99
99
98
98
96
96
95
93
92
91
90
88
88
89
89
89
90
89
90
90
90
90
90
90
90
90
90
91
90
90
91
90
90
91
91
90
91
91
91
91
91
92
92
92
92
92
92
92
92
92
92
92
91
91
91
91
91
91
91
90
90
91
91
92
93
93
95
95
96
96
97
97
98
99
99
100
100
101
102
102
103
103
105
105
106
106
107
107
108
108
108
109
109
110
110
111
110
110
111
111
110
111
111
111
111
111
110
111
110
110
109
109
109
109
108
108
107
107
106
106
105
105
104
103
102
102
100
99
98
98
97
95
94
94
93
93
93
92
92
91
91
90
91
90
90
89
89
89
88
88
87
87
86
86
85
84
84
83
83
82
82
81
81
81
80
80
80
79
79
79
78
78
77
77
76
76
76
76
74
74
74
74
74
73
73
73
72
72
72
72
71
71
71
70
70
70
69
69
69
68
68
68
67
67
67
66
66
66
65
65
65
64
64
64
63
63
63
62
62
62
61
60
60
59
59
59
58
58
58
57
57
56
55
55
55
55
54
54
54
54
54
53
53
53
53
53
54
54
54
55
54
55
55
55
56
56
55
54
55
54
53
54
53
52
53
52
51
50
51
50
49
49
48
48
48
47
46
46
46
45
45
44
44
45
45
45
45
46
46
46
46
47
47
47
47
47
47
46
47
47
47
47
47
47
47
46
46
46
46
46
46
46
45
45
45
45
45
44
44
44
43
43
43
42
42
42
42
42
42
41
41
41
41
41
41
41
40
40
40
40
40
40
39
39
39
39
39
39
39
38
38
38
38
38
38
38
37
37
37
37
37
38
38
39
39
40
43
45
46
49
51
53
55
57
60
63
67
71
74
75
76
77
79
80
81
82
82
82
81
81
46
48
49
51
52
55
59
62
65
69
71
73
77
79
83
86
87
86
85
84
83
81
80
76
60
52
47
43
36
32
28
1
1
1
1
1
1
1
1
1
1
1
1
1
1
1
1
1
1
1
1
1
1
1
1
1
1
1
1
1
1
1
1
1
1
1
1
1
1
1
1
1
1
1
1
1
1
1
1
1
1
1
1
1
1
1
1
1
