# Vetor de dados - syn_f003144-3-Pre--front--vetorlinha.txt
# Total de elementos: 768
# Formato: um valor por linha
#==================================================

1
1
1
1
1
1
1
1
1
1
1
1
1
1
1
1
1
1
1
1
1
1
1
1
1
1
1
1
1
1
1
1
1
1
1
1
1
1
1
1
1
1
1
1
1
1
1
1
1
1
1
1
1
1
1
1
1
1
1
1
1
1
1
1
1
1
1
1
1
1
1
1
1
1
1
1
1
1
1
1
1
1
1
1
1
1
1
1
1
1
1
1
1
1
1
1
1
1
1
1
1
1
1
1
1
1
1
1
1
1
1
1
13
22
26
30
34
36
38
40
42
44
46
47
48
49
51
51
53
53
55
55
55
57
57
57
59
59
59
59
59
59
59
59
59
59
59
59
59
58
58
59
64
66
67
67
67
66
66
65
65
64
63
63
62
61
61
59
57
57
55
51
46
45
45
44
43
43
43
42
42
42
42
42
42
42
42
42
42
42
42
42
42
42
42
43
45
48
51
55
59
63
67
72
100
111
148
159
168
177
192
234
250
265
317
371
387
401
412
422
435
449
463
483
497
506
515
523
531
541
551
561
580
596
617
631
633
632
631
630
628
606
603
581
584
585
584
484
265
158
155
151
148
147
145
144
142
141
141
139
139
139
138
137
137
136
135
133
133
131
129
129
127
126
125
124
124
122
122
121
119
119
118
117
117
115
115
113
111
109
107
105
103
103
102
102
103
103
104
105
105
105
105
105
105
105
105
105
105
105
104
104
103
103
102
101
101
100
99
98
97
97
97
96
95
95
95
95
93
93
93
93
94
94
95
96
96
97
98
99
99
101
102
103
105
105
107
109
110
112
113
114
116
117
118
120
120
121
122
122
124
124
125
126
126
127
127
128
129
129
129
130
130
131
131
132
132
132
132
133
134
134
134
136
136
136
137
138
138
139
140
140
140
141
142
142
142
144
144
144
145
146
146
147
147
148
148
148
148
149
149
149
150
150
150
150
151
151
152
152
152
152
151
151
151
151
151
151
150
151
150
150
150
150
149
149
149
149
149
149
149
147
147
147
147
147
146
146
146
146
145
145
145
144
144
144
144
144
143
143
142
142
142
142
140
140
139
138
138
138
137
136
136
135
134
134
133
132
131
131
130
130
129
128
127
127
126
125
125
124
123
123
122
122
120
120
120
120
119
118
118
117
117
117
117
115
115
115
115
115
114
114
114
114
114
114
114
113
113
113
113
112
112
112
112
112
112
111
111
111
111
110
110
110
110
110
109
110
110
110
110
110
110
110
110
111
111
112
112
112
112
114
114
114
114
114
116
116
116
116
117
118
118
118
118
119
119
119
119
120
120
120
120
120
120
120
121
121
121
119
119
119
119
119
119
119
118
117
117
117
117
117
117
115
115
115
115
115
113
113
113
113
112
111
111
111
109
109
109
109
107
107
107
106
106
105
105
104
104
103
103
103
102
102
101
101
101
100
100
99
99
99
98
98
98
98
97
96
96
96
96
96
94
94
94
94
94
93
92
92
92
92
92
92
92
92
92
92
93
93
93
94
95
95
95
96
97
97
97
97
97
97
97
97
98
99
100
100
101
102
102
103
104
104
105
106
107
108
109
110
112
113
114
115
115
115
116
117
117
117
117
117
117
116
116
115
115
115
114
111
110
110
108
104
102
100
49
47
46
1
1
1
1
1
1
1
1
1
1
1
1
1
1
1
1
1
1
1
1
1
1
1
1
1
1
1
1
1
1
1
1
1
1
1
1
1
1
1
1
1
1
1
1
1
1
1
1
1
