# Vetor de dados - syn_f000002-3-Pre--front--vetorlinha.txt
# Total de elementos: 768
# Formato: um valor por linha
#==================================================

1
1
1
1
1
1
1
1
1
1
1
1
1
1
1
1
1
1
1
1
1
1
1
1
1
1
1
1
1
1
1
1
1
1
1
1
1
1
1
1
1
1
1
1
1
1
1
1
1
1
1
1
1
1
1
1
1
1
1
1
1
1
1
1
1
1
1
1
1
1
1
1
1
1
1
1
1
1
1
1
1
1
1
1
1
1
1
1
1
1
1
1
1
1
1
1
1
1
1
1
1
1
1
1
1
1
1
1
1
1
1
1
1
1
1
1
1
1
1
1
1
1
1
1
1
1
1
1
1
1
1
1
1
1
1
1
1
16
23
27
31
35
37
39
41
43
45
46
47
48
50
50
52
53
54
54
55
56
56
57
58
58
58
58
58
58
58
58
58
58
58
58
58
58
61
65
65
66
66
65
65
65
64
64
63
63
62
61
60
59
58
56
54
51
48
48
47
47
46
46
45
44
44
43
43
43
44
44
44
44
44
45
47
48
49
52
54
58
61
64
67
70
74
79
237
252
302
316
339
415
428
446
463
504
511
517
520
522
525
527
528
521
518
527
546
558
558
558
556
500
496
489
469
462
460
456
449
441
435
357
346
324
310
295
284
271
256
211
186
161
157
154
150
148
147
145
144
144
144
143
143
142
141
140
139
138
136
135
134
133
131
131
129
129
128
127
126
126
125
124
124
124
123
121
121
120
119
119
117
117
116
114
113
112
110
109
108
106
105
105
105
105
106
106
106
106
106
107
107
106
106
106
106
106
104
104
102
102
100
100
98
97
96
96
96
97
99
101
103
106
108
110
112
114
115
117
118
120
120
122
122
124
124
126
126
126
127
127
128
128
128
128
128
129
129
129
130
130
130
130
129
128
128
128
128
128
128
128
128
128
128
128
128
128
128
129
129
129
130
131
131
131
132
133
133
135
135
135
137
137
138
139
139
141
141
141
141
143
143
143
143
144
145
145
145
146
146
147
147
147
147
147
147
147
147
147
147
147
147
147
147
147
147
147
147
147
147
147
147
147
146
146
145
145
145
145
145
145
145
144
144
143
143
143
142
142
142
142
140
140
140
140
139
138
137
137
136
136
135
135
134
133
133
132
131
131
130
129
129
128
127
127
125
125
123
123
122
121
121
120
119
118
118
117
116
116
115
114
114
113
112
112
112
111
111
111
110
110
110
110
109
109
109
109
109
109
109
109
108
108
108
108
108
108
108
108
108
108
109
110
110
111
111
111
113
113
113
114
115
115
115
116
117
117
117
118
118
119
119
120
120
120
120
121
121
122
122
122
122
122
122
122
122
122
122
122
122
122
122
121
121
120
120
120
119
119
118
118
118
117
117
116
116
115
115
114
114
113
112
112
111
110
110
109
109
108
108
107
106
106
105
105
104
103
103
102
102
101
101
100
100
100
99
98
98
98
98
96
96
96
95
94
93
93
93
93
92
92
92
91
90
90
91
91
92
92
93
93
93
93
93
93
93
91
91
91
91
91
91
92
93
93
94
95
95
96
97
98
99
100
101
102
104
105
106
107
109
109
110
112
112
113
113
114
114
113
113
109
107
103
101
96
91
41
1
1
1
1
1
1
1
1
1
1
1
1
1
1
1
1
1
1
1
1
1
1
1
1
1
1
1
1
1
1
1
1
1
1
1
1
1
1
1
1
1
1
1
1
1
1
1
1
1
1
1
1
1
1
1
1
1
1
1
1
1
1
1
1
1
1
1
1
1
1
1
1
1
1
