# Vetor de dados - syn_f003860-1-Pre--front--vetorlinha.txt
# Total de elementos: 768
# Formato: um valor por linha
#==================================================

1
1
1
1
1
1
1
1
1
1
1
1
1
1
1
1
1
1
1
1
1
1
1
1
1
1
1
1
1
1
1
1
1
1
1
1
1
1
1
1
1
1
1
1
1
1
1
1
1
1
1
1
1
1
1
1
1
1
1
1
1
1
1
1
1
1
1
1
1
1
1
1
1
1
1
1
1
1
1
1
1
1
1
1
1
1
1
1
1
1
1
1
1
1
1
1
1
1
1
1
1
1
1
1
1
1
1
1
1
1
1
1
1
1
1
1
1
8
21
26
30
33
37
39
41
43
45
47
49
50
52
53
54
56
56
58
58
60
60
60
62
62
63
63
63
64
64
64
64
64
64
64
64
64
63
63
63
65
70
71
73
73
73
73
71
71
71
70
70
69
69
69
67
67
65
65
63
63
57
55
55
55
53
53
53
53
51
51
49
49
48
48
48
48
47
47
47
47
47
47
47
47
48
48
49
50
51
54
57
60
65
70
76
80
89
98
293
309
323
335
352
396
400
405
410
415
420
473
478
477
471
470
477
482
489
496
502
507
511
453
452
450
449
448
447
446
446
445
444
442
448
450
456
437
430
425
419
412
404
372
368
366
199
168
161
157
154
152
150
148
147
146
145
143
142
141
140
139
139
138
137
137
136
136
136
136
136
136
135
135
135
135
135
134
134
133
133
133
132
132
132
131
130
130
130
128
128
126
125
123
121
120
119
119
119
119
118
119
119
119
119
120
120
120
120
120
119
119
119
119
119
118
118
118
118
118
118
119
120
120
120
120
120
120
121
121
121
122
123
123
123
124
124
125
126
126
127
128
129
131
131
133
134
135
136
137
138
139
141
141
141
141
143
143
143
144
144
144
144
145
145
145
146
146
146
146
146
146
146
146
146
146
146
146
145
145
145
145
144
143
143
143
143
143
143
143
142
142
142
141
141
141
141
141
141
142
142
142
142
142
143
143
143
143
144
145
145
145
146
147
147
147
147
147
147
148
149
149
149
149
149
149
150
150
149
149
149
149
149
149
149
149
149
149
149
149
149
148
148
147
147
147
147
146
146
146
146
145
145
145
144
144
144
144
144
144
142
142
142
142
142
141
141
141
140
139
137
137
135
135
133
132
131
130
129
128
128
126
126
124
124
123
122
122
122
120
120
120
119
118
118
118
117
116
116
115
115
114
114
113
113
113
113
113
113
111
111
111
111
111
111
111
111
111
111
110
110
111
111
110
110
110
110
110
109
109
109
109
109
110
110
111
111
111
111
111
111
112
113
113
113
114
114
115
115
115
116
116
116
117
117
117
117
118
118
118
118
118
118
118
118
118
118
118
118
118
118
118
118
118
116
116
116
116
116
116
116
115
114
114
114
114
113
112
112
112
111
111
111
110
109
109
108
108
107
107
107
106
106
105
105
104
104
104
103
103
102
102
102
101
100
100
100
100
99
98
98
98
98
97
97
96
96
96
95
95
95
95
95
95
95
95
94
94
94
94
94
94
95
95
95
95
95
95
95
95
95
95
95
95
95
95
95
95
97
97
97
99
99
100
101
102
103
105
105
107
108
109
110
111
113
113
115
115
116
116
115
115
115
114
113
112
111
109
108
102
99
93
46
44
1
1
1
1
1
1
1
1
1
1
1
1
1
1
1
1
1
1
1
1
1
1
1
1
1
1
1
1
1
1
1
1
1
1
1
1
1
1
1
1
1
1
1
1
1
1
1
1
1
1
1
1
1
1
1
1
1
1
