# Vetor de dados - syn_f001097-3-Pre--left--vetorlinha.txt
# Total de elementos: 768
# Formato: um valor por linha
#==================================================

1
1
1
1
1
1
1
1
1
1
1
1
1
1
1
1
1
1
1
1
1
1
1
1
1
1
1
1
1
1
1
1
1
1
1
1
1
1
1
1
1
1
1
1
1
1
1
1
1
1
1
1
1
1
1
1
1
1
1
1
1
1
1
1
1
1
1
1
1
1
1
1
1
1
1
1
1
1
1
1
1
1
1
1
1
1
1
1
1
1
1
1
1
1
1
1
1
1
1
1
1
1
1
1
1
1
1
1
1
1
1
1
1
1
1
1
1
1
19
27
34
39
42
46
49
52
54
56
58
60
62
64
67
68
69
70
71
72
73
73
75
75
76
76
77
77
77
77
77
79
79
79
79
79
79
79
79
79
79
80
80
81
81
81
82
83
83
83
83
82
82
80
78
76
75
74
74
73
72
72
71
69
69
69
68
68
67
67
67
67
67
67
67
66
65
65
64
62
59
56
55
53
52
52
51
51
50
51
50
51
50
51
52
52
52
53
54
56
57
58
59
61
65
73
84
94
102
108
115
148
157
163
170
175
179
183
188
192
198
203
208
214
220
225
228
231
235
238
242
246
251
255
259
263
271
277
281
287
296
297
297
296
295
295
291
288
279
170
103
104
104
104
105
105
105
105
105
105
105
105
105
105
104
104
104
104
104
103
103
103
102
101
101
101
100
100
99
98
97
97
96
96
94
94
95
94
94
95
94
94
94
94
94
94
93
92
92
92
92
92
92
92
90
91
90
90
88
88
87
87
87
86
86
86
86
86
86
86
86
85
85
85
85
85
84
84
84
84
84
84
85
86
86
87
88
89
90
92
92
94
95
95
97
97
99
99
100
101
102
102
103
104
105
105
105
106
106
107
107
108
108
109
109
109
109
110
110
110
110
110
110
110
110
110
109
109
109
109
109
109
109
109
109
108
108
108
107
107
107
106
106
106
106
105
104
104
104
103
102
101
101
100
99
98
97
96
96
96
95
95
95
94
94
93
93
93
92
92
91
91
90
90
89
89
88
88
87
87
87
86
86
86
86
86
85
84
84
84
84
85
84
84
84
84
84
83
83
83
83
82
82
82
82
82
81
81
82
81
80
80
79
79
79
79
78
78
78
77
77
77
76
75
75
75
74
74
73
72
72
72
72
70
70
70
69
68
68
67
67
66
65
65
65
63
63
62
62
60
60
60
58
58
57
57
56
56
55
55
54
54
53
53
53
52
52
52
52
53
53
53
53
53
54
54
54
54
55
55
55
55
56
56
55
56
56
56
56
57
56
57
57
57
57
57
57
57
56
56
55
56
55
55
54
55
54
54
54
53
53
53
53
53
52
52
51
51
51
51
50
50
50
50
50
50
51
51
51
51
51
51
51
51
51
51
51
50
50
50
49
49
49
49
49
49
49
48
47
47
47
47
46
45
45
45
45
43
43
43
42
42
41
41
40
40
40
38
38
38
37
37
36
36
35
35
35
35
34
34
33
33
33
34
34
33
34
35
36
37
38
39
42
43
45
47
50
52
56
64
68
70
71
71
73
75
77
78
80
80
82
83
82
82
83
82
42
43
46
48
50
54
58
61
66
71
73
76
79
81
82
85
88
89
89
88
87
84
82
79
69
63
56
49
41
39
34
1
1
1
1
1
1
1
1
1
1
1
1
1
1
1
1
1
1
1
1
1
1
1
1
1
1
1
1
1
1
1
1
1
1
1
1
1
1
1
1
1
1
1
1
1
1
1
1
1
1
1
1
1
