# Vetor de dados - syn_f004873-3-Pre--front--vetorlinha.txt
# Total de elementos: 768
# Formato: um valor por linha
#==================================================

1
1
1
1
1
1
1
1
1
1
1
1
1
1
1
1
1
1
1
1
1
1
1
1
1
1
1
1
1
1
1
1
1
1
1
1
1
1
1
1
1
1
1
1
1
1
1
1
1
1
1
1
1
1
1
1
1
1
1
1
1
1
1
1
1
1
1
1
1
1
1
1
1
1
1
1
1
1
1
1
1
1
1
1
1
1
1
1
1
1
20
25
29
33
37
40
42
44
46
49
50
51
53
54
55
56
57
59
60
60
61
62
63
63
63
63
64
65
65
65
65
65
65
65
64
64
64
63
63
63
68
71
72
72
72
72
72
71
71
70
69
69
68
67
67
65
63
63
62
60
55
52
52
52
51
50
50
48
48
46
47
47
46
46
46
46
46
46
46
46
46
46
46
46
46
47
48
49
52
55
58
60
63
66
68
70
72
76
82
271
311
321
333
346
397
401
404
408
411
415
513
518
516
515
515
523
531
540
554
557
560
564
566
500
503
503
511
514
525
521
516
511
502
496
486
453
421
411
402
395
391
387
282
208
198
183
172
165
162
159
158
157
156
154
154
153
151
151
151
150
149
148
147
145
144
142
140
138
137
134
132
131
129
127
125
124
122
121
120
118
117
116
114
114
112
112
110
110
109
108
107
106
106
105
104
103
103
102
102
102
101
101
101
101
100
99
99
99
99
99
98
98
98
98
97
97
97
97
97
98
98
98
98
98
98
98
99
99
99
99
100
100
100
100
100
100
100
100
100
100
100
100
101
101
102
102
102
102
102
104
104
104
105
105
107
107
108
109
109
110
111
111
112
112
113
113
114
114
114
114
114
114
114
115
115
115
115
115
115
115
115
115
115
115
115
115
115
115
116
117
117
117
118
118
119
119
119
119
120
121
121
121
122
123
123
125
125
125
126
127
128
128
129
130
130
130
131
131
132
132
132
132
133
134
134
134
134
134
135
135
136
136
136
136
136
136
136
136
136
136
136
136
136
136
136
136
136
136
137
137
137
137
137
137
137
137
137
137
137
137
137
136
136
135
135
135
135
135
134
134
133
133
133
133
133
132
131
131
131
131
130
129
129
129
129
128
127
127
126
125
125
124
124
123
122
122
121
120
120
120
118
118
118
116
116
116
114
114
114
113
112
112
111
110
110
109
109
109
108
107
107
107
107
107
105
105
105
105
105
105
105
105
105
105
105
105
105
105
105
105
105
105
105
105
105
105
105
105
104
104
104
104
105
105
105
105
105
105
105
105
106
106
106
106
106
107
107
108
108
108
109
110
110
110
111
112
112
112
113
114
114
114
115
116
116
116
116
116
116
117
118
118
118
118
118
118
118
118
118
118
118
117
117
117
117
116
116
116
116
116
115
115
115
115
114
113
113
113
112
112
111
111
111
110
110
109
109
108
108
107
107
107
105
105
105
105
103
103
103
103
103
101
101
101
101
101
100
99
99
99
99
99
98
97
97
97
97
95
95
95
95
95
94
93
93
93
93
93
91
91
91
91
90
90
89
89
89
89
89
89
89
89
89
89
89
89
89
90
91
91
91
91
91
91
91
91
91
91
92
92
92
92
94
94
95
96
97
98
98
98
100
100
100
101
101
103
103
105
105
107
107
109
109
110
111
111
111
111
113
113
112
112
112
112
111
111
111
110
110
108
107
103
102
100
95
91
89
35
1
1
1
1
1
1
1
1
1
1
1
1
1
1
1
1
1
1
1
1
1
1
1
1
1
1
1
1
1
1
