# Vetor de dados - syn_f003768-3-Pre--left--vetorlinha.txt
# Total de elementos: 768
# Formato: um valor por linha
#==================================================

1
1
1
1
1
1
1
1
1
1
1
1
1
1
1
1
1
1
1
1
1
1
1
1
1
1
1
1
1
1
1
1
1
1
1
1
1
1
1
1
1
1
1
1
1
1
1
1
1
1
1
1
1
1
1
1
1
1
1
1
1
1
1
1
1
1
1
1
1
1
1
1
1
1
1
1
1
1
1
1
1
1
1
1
1
1
1
1
1
1
1
1
1
1
1
1
1
1
1
1
1
1
1
1
1
1
1
14
25
31
36
40
44
48
51
53
55
57
59
61
63
64
66
67
68
69
70
72
72
73
73
74
75
75
75
76
76
76
76
76
76
77
77
77
77
77
78
78
79
80
79
80
81
82
81
82
82
81
81
80
79
76
74
72
72
70
69
68
66
66
65
65
64
62
62
61
60
60
60
60
60
60
60
59
59
58
58
57
55
52
48
47
46
46
46
46
46
46
46
46
47
46
47
48
48
49
49
50
51
52
53
53
54
54
56
56
57
59
59
60
62
63
68
75
87
100
161
167
175
180
184
189
193
197
202
206
210
215
220
226
229
232
234
236
240
244
248
253
257
261
266
273
279
284
294
296
296
295
294
292
289
286
279
106
94
94
95
95
95
95
96
96
96
96
96
96
96
96
96
96
96
96
95
95
95
95
95
95
95
95
95
94
94
93
93
92
91
91
90
88
88
88
89
88
88
87
86
86
85
85
84
84
83
83
82
81
81
80
80
80
79
79
79
78
78
78
77
77
77
76
76
76
75
75
74
73
73
73
73
72
72
72
73
73
74
74
74
76
76
78
78
79
80
80
81
83
84
85
86
87
88
88
89
91
92
92
93
94
94
95
95
97
98
98
99
99
99
99
99
100
101
101
101
100
100
100
100
101
101
101
101
101
101
101
101
101
101
100
100
99
99
98
98
98
97
97
96
96
95
94
95
95
95
96
96
96
95
96
96
96
95
95
95
95
95
95
94
94
93
93
93
93
92
91
90
89
89
88
87
85
83
82
82
82
82
82
82
82
82
83
82
82
82
83
83
83
83
83
83
83
84
84
83
83
83
83
84
84
84
83
83
83
84
84
84
83
83
83
83
83
83
82
81
81
81
81
81
80
80
80
79
79
79
79
78
78
77
77
76
76
75
75
75
74
73
73
73
72
71
71
70
70
69
68
68
67
66
66
65
65
63
63
63
62
62
61
60
59
59
58
58
57
57
56
56
56
56
56
56
56
56
56
57
56
57
57
58
57
58
58
58
58
58
57
58
57
56
57
56
57
57
57
57
58
57
57
58
57
57
57
57
56
56
56
56
56
55
56
56
55
55
55
55
55
55
55
55
55
55
55
55
55
55
55
55
54
54
54
54
54
55
55
55
55
54
54
54
54
54
54
53
53
53
53
53
53
52
52
52
52
52
52
51
50
50
50
50
49
48
48
48
48
47
47
46
45
45
45
44
43
43
43
42
42
41
40
40
40
40
39
38
38
38
37
37
37
37
37
37
36
37
38
39
39
40
41
43
45
47
49
51
53
55
57
60
62
65
68
72
73
75
77
79
81
81
81
82
84
86
87
87
87
87
88
50
51
53
56
58
61
64
68
71
74
76
80
82
85
87
88
89
89
90
89
88
85
82
68
61
54
50
46
43
40
1
1
1
1
1
1
1
1
1
1
1
1
1
1
1
1
1
1
1
1
1
1
1
1
1
1
1
1
1
1
1
1
1
1
1
1
1
1
1
1
1
1
1
1
