# Vetor de dados - syn_f003065-1-Pre--front--vetorcoluna.txt
# Total de elementos: 1024
# Formato: um valor por linha
#==================================================

1
1
1
1
1
1
1
1
1
1
1
1
1
1
1
1
1
1
1
1
1
1
1
1
1
1
1
1
1
1
1
1
1
1
1
1
1
1
1
1
1
1
1
1
1
1
1
1
1
1
1
1
1
1
1
1
1
1
1
1
1
1
1
1
1
1
1
1
1
1
1
1
1
1
1
1
1
1
1
1
1
1
1
1
1
1
1
1
1
1
1
1
1
1
1
1
1
1
1
1
1
1
1
1
1
1
1
1
1
1
1
1
1
1
1
1
1
1
1
1
1
1
1
1
1
1
1
1
1
1
1
1
1
1
1
1
1
1
1
1
1
1
1
1
1
1
1
1
1
1
1
1
1
1
1
1
1
1
1
1
1
1
1
1
1
1
1
1
1
1
1
1
1
1
1
1
1
1
1
1
1
1
1
1
1
1
1
1
1
1
1
1
1
1
1
1
1
1
1
1
1
1
1
1
1
1
1
1
1
1
1
1
1
1
1
1
1
1
1
1
1
1
1
1
1
1
1
1
1
1
1
1
1
1
1
1
8
8
8
8
8
8
8
8
8
8
8
9
8
9
9
9
9
9
9
9
9
17
18
19
18
18
18
18
20
20
19
19
19
18
18
18
20
19
19
19
19
19
21
21
21
21
21
21
21
21
22
21
21
21
21
20
19
20
20
20
20
20
19
19
19
19
19
19
19
19
19
20
20
20
20
20
21
21
21
21
21
22
23
23
23
23
23
23
24
24
25
25
25
25
26
26
26
27
27
27
28
28
28
28
28
28
29
29
30
30
30
30
30
30
31
31
31
31
31
31
31
31
31
31
31
31
31
32
32
32
32
32
31
31
31
31
31
31
32
32
32
32
32
32
31
31
31
31
31
31
31
31
31
31
30
30
30
30
30
30
30
30
30
30
30
30
30
30
30
30
30
31
31
32
32
32
32
32
33
33
33
33
33
33
35
35
35
35
35
35
37
37
37
37
37
38
38
38
38
39
39
40
40
40
41
41
42
42
43
44
45
47
49
50
51
52
53
55
56
58
60
63
70
261
263
266
269
273
277
282
287
375
379
384
389
467
468
470
470
469
470
471
471
473
472
473
472
472
471
473
473
475
475
551
554
555
555
483
480
477
472
468
463
458
451
415
411
408
404
400
389
374
363
357
351
344
341
345
350
353
357
362
367
373
397
402
405
408
411
450
455
460
465
470
474
478
481
484
552
473
472
472
471
470
470
468
468
469
470
469
470
469
468
468
469
468
467
393
388
383
379
373
369
299
286
282
279
275
273
269
266
65
60
57
56
55
54
53
52
51
50
48
47
46
45
44
43
42
40
40
39
39
38
38
37
37
36
36
36
35
35
35
34
34
34
33
33
33
33
33
32
32
31
31
31
31
31
31
31
31
31
30
30
30
30
30
30
30
29
29
29
29
29
29
29
29
30
30
30
30
31
31
31
31
31
31
31
32
32
32
32
32
32
32
33
33
33
32
32
32
32
32
32
32
32
32
32
32
32
32
32
32
32
31
31
31
31
30
30
29
29
29
29
29
29
28
28
27
27
27
27
27
26
26
26
26
26
25
25
25
24
24
24
23
23
23
23
22
21
21
21
21
21
20
20
20
20
20
18
17
17
17
17
17
17
17
17
16
16
16
16
16
16
15
16
16
17
18
18
20
18
18
18
19
19
19
20
18
18
18
18
18
18
18
18
18
19
19
20
18
19
19
19
19
20
20
19
19
19
18
16
10
10
10
10
10
9
8
8
8
8
8
8
8
8
8
8
8
8
8
8
8
1
1
1
1
1
1
1
1
1
1
1
1
1
1
1
1
1
1
1
1
1
1
1
1
1
1
1
1
1
1
1
1
1
1
1
1
1
1
1
1
1
1
1
1
1
1
1
1
1
1
1
1
1
1
1
1
1
1
1
1
1
1
1
1
1
1
1
1
1
1
1
1
1
1
1
1
1
1
1
1
1
1
1
1
1
1
1
1
1
1
1
1
1
1
1
1
1
1
1
1
1
1
1
1
1
1
1
1
1
1
1
1
1
1
1
1
1
1
1
1
1
1
1
1
1
1
1
1
1
1
1
1
1
1
1
1
1
1
1
1
1
1
1
1
1
1
1
1
1
1
1
1
1
1
1
1
1
1
1
1
1
1
1
1
1
1
1
1
1
1
1
1
1
1
1
1
1
1
1
1
1
1
1
1
1
1
1
1
1
1
1
1
1
1
1
1
1
1
1
1
1
1
1
1
1
1
1
1
1
1
1
1
1
1
1
1
1
1
1
1
1
1
1
1
1
1
1
1
1
1
1
1
1
1
1
1
