# Vetor de dados - syn_f001420-1-Pre--front--vetorcoluna.txt
# Total de elementos: 1024
# Formato: um valor por linha
#==================================================

1
1
1
1
1
1
1
1
1
1
1
1
1
1
1
1
1
1
1
1
1
1
1
1
1
1
1
1
1
1
1
1
1
1
1
1
1
1
1
1
1
1
1
1
1
1
1
1
1
1
1
1
1
1
1
1
1
1
1
1
1
1
1
1
1
1
1
1
1
1
1
1
1
1
1
1
1
1
1
1
1
1
1
1
1
1
1
1
1
1
1
1
1
1
1
1
1
1
1
1
1
1
1
1
1
1
1
1
1
1
1
1
1
1
1
1
1
1
1
1
1
1
1
1
1
1
1
1
1
1
1
1
1
1
1
1
1
1
1
1
1
1
1
1
1
1
1
1
1
1
1
1
1
1
1
1
1
1
1
1
1
1
1
1
1
1
1
1
1
1
1
1
1
1
1
1
1
1
1
1
1
1
1
1
1
1
1
1
1
1
1
1
1
1
1
1
1
1
1
1
1
1
1
1
1
1
1
1
1
1
1
1
1
1
1
1
1
1
1
1
1
1
1
1
1
1
1
1
1
1
1
1
1
1
1
1
1
1
1
1
1
1
1
1
1
1
1
1
1
1
1
1
1
1
1
1
1
1
1
1
1
17
17
18
19
20
20
19
19
19
18
18
18
18
20
19
19
19
19
19
19
19
19
19
19
19
21
21
21
20
20
20
19
19
20
20
19
19
19
19
20
20
20
19
19
19
19
19
19
19
19
18
18
19
19
19
20
21
21
21
22
22
23
23
23
24
24
24
25
25
25
27
27
27
27
28
28
28
28
30
30
30
30
31
31
31
31
31
33
33
33
33
33
33
33
34
34
34
34
35
35
35
35
35
35
35
35
36
36
35
35
35
35
35
35
35
35
34
34
34
34
34
34
33
33
33
33
33
32
32
32
32
32
32
31
32
32
32
32
32
33
32
32
32
33
33
33
33
34
33
33
33
33
34
34
34
34
34
34
35
34
34
34
35
35
35
35
35
35
35
35
36
36
36
36
36
37
37
37
38
38
39
39
40
42
44
46
48
49
51
53
54
56
56
58
61
62
65
69
72
77
79
81
252
258
265
269
276
367
371
375
379
383
387
455
455
456
457
456
456
456
457
457
457
457
458
457
459
459
460
461
462
534
534
533
468
465
462
460
458
456
452
449
402
400
397
394
391
384
354
346
341
335
329
329
337
343
350
363
385
390
393
396
398
401
442
446
449
453
455
458
461
464
467
533
534
533
532
457
456
456
454
454
455
454
454
456
455
454
454
455
454
452
452
452
385
382
378
375
371
368
364
272
265
259
253
72
69
65
64
61
58
54
51
49
47
45
43
41
40
39
37
37
36
36
36
36
36
35
34
34
34
34
34
33
33
33
34
34
34
33
33
33
33
33
32
32
32
32
32
32
32
32
32
32
32
32
32
32
32
31
31
31
31
31
31
31
31
31
31
31
31
31
31
31
31
31
31
31
31
32
33
33
33
33
33
33
33
33
33
34
34
34
34
34
34
34
34
34
34
34
34
34
34
34
34
34
34
34
33
33
33
33
33
33
33
33
32
32
32
32
32
31
31
31
31
30
30
30
29
28
28
28
28
27
27
27
27
26
26
25
24
24
24
24
23
23
23
23
23
22
22
22
22
22
22
22
22
22
21
21
21
22
22
22
23
23
24
25
26
26
26
27
27
27
28
28
28
28
28
28
28
28
28
29
29
29
29
30
30
30
31
31
31
31
31
31
31
31
31
29
1
1
1
1
1
1
1
1
1
1
1
1
1
1
1
1
1
1
1
1
1
1
1
1
1
1
1
1
1
1
1
1
1
1
1
1
1
1
1
1
1
1
1
1
1
1
1
1
1
1
1
1
1
1
1
1
1
1
1
1
1
1
1
1
1
1
1
1
1
1
1
1
1
1
1
1
1
1
1
1
1
1
1
1
1
1
1
1
1
1
1
1
1
1
1
1
1
1
1
1
1
1
1
1
1
1
1
1
1
1
1
1
1
1
1
1
1
1
1
1
1
1
1
1
1
1
1
1
1
1
1
1
1
1
1
1
1
1
1
1
1
1
1
1
1
1
1
1
1
1
1
1
1
1
1
1
1
1
1
1
1
1
1
1
1
1
1
1
1
1
1
1
1
1
1
1
1
1
1
1
1
1
1
1
1
1
1
1
1
1
1
1
1
1
1
1
1
1
1
1
1
1
1
1
1
1
1
1
1
1
1
1
1
1
1
1
1
1
1
1
1
1
1
1
1
1
1
1
1
1
1
1
1
1
1
1
1
1
1
1
1
1
1
1
1
1
1
1
1
1
1
1
1
1
1
1
1
1
1
1
1
1
1
