# Vetor de dados - syn_f000164-3-Pre--front--vetorlinha.txt
# Total de elementos: 768
# Formato: um valor por linha
#==================================================

1
1
1
1
1
1
1
1
1
1
1
1
1
1
1
1
1
1
1
1
1
1
1
1
1
1
1
1
1
1
1
1
1
1
1
1
1
1
1
1
1
1
1
1
1
1
1
1
1
1
1
1
1
1
1
1
1
1
1
1
1
1
1
1
1
1
1
1
1
1
1
1
1
1
1
1
1
1
1
1
1
1
1
1
1
1
1
1
1
1
1
1
1
1
1
1
1
1
1
1
1
1
1
1
1
1
1
1
1
1
1
1
1
1
1
1
1
1
1
1
1
1
1
5
20
25
29
32
36
38
41
43
45
47
49
50
51
53
54
55
57
57
58
59
59
60
61
61
62
62
62
62
63
63
63
62
62
62
62
62
61
61
62
68
70
70
70
70
70
70
68
68
68
68
66
66
66
64
63
62
60
60
57
53
52
52
52
51
51
50
49
48
47
46
44
43
43
44
44
44
44
44
44
45
45
45
46
47
48
51
56
61
65
70
74
78
83
88
130
141
176
185
198
223
244
352
367
379
389
398
407
416
426
437
448
459
468
475
479
485
492
499
507
516
524
533
553
567
592
595
595
594
594
593
590
567
546
549
549
549
400
234
208
181
158
152
150
148
148
147
147
146
145
145
145
144
144
144
142
142
141
141
140
139
139
138
137
137
136
136
134
134
132
132
131
130
129
128
126
126
124
123
122
121
120
119
117
116
116
116
115
115
114
114
114
114
114
114
113
113
113
112
112
112
112
112
111
111
111
111
111
111
112
112
112
112
112
112
113
113
113
113
112
111
111
110
109
109
108
107
106
106
105
106
107
108
109
111
113
115
116
117
119
121
122
123
124
126
126
127
128
128
129
130
130
130
130
130
131
131
131
131
131
131
131
131
131
131
131
131
131
131
131
131
131
131
131
131
131
131
131
132
132
132
132
132
132
133
134
134
134
134
136
136
136
136
138
138
138
139
140
140
140
141
141
142
142
142
143
143
143
144
144
145
145
145
145
145
145
147
147
147
147
147
147
147
147
147
147
147
148
148
148
148
148
148
148
148
148
148
148
148
148
148
148
148
147
147
147
147
147
147
147
146
146
145
145
145
145
144
144
143
142
142
142
140
140
140
138
138
136
136
135
134
133
132
131
130
129
128
127
126
125
124
123
122
121
120
119
119
117
117
116
115
114
114
113
112
112
112
112
111
111
111
111
111
111
110
110
110
110
109
109
109
109
109
109
109
109
108
108
108
108
109
109
109
109
109
110
111
111
111
111
113
113
113
115
115
115
117
117
117
119
119
119
120
121
121
121
122
123
123
123
123
123
123
123
124
125
124
124
125
124
124
123
123
123
123
123
123
123
123
123
121
121
121
120
119
119
119
118
117
117
117
116
115
115
114
114
113
112
112
111
110
110
109
108
108
108
106
106
106
106
104
104
104
103
102
102
102
101
100
100
99
98
98
98
97
96
96
96
96
95
94
94
94
94
94
93
93
93
93
93
93
93
94
94
95
95
95
96
96
96
96
96
96
95
95
95
95
96
96
96
97
98
98
99
100
100
102
102
104
105
106
107
109
110
111
112
113
114
115
116
116
116
116
115
114
113
113
110
109
107
105
101
97
92
1
1
1
1
1
1
1
1
1
1
1
1
1
1
1
1
1
1
1
1
1
1
1
1
1
1
1
1
1
1
1
1
1
1
1
1
1
1
1
1
1
1
1
1
1
1
1
1
1
1
1
1
1
1
1
1
1
1
1
1
1
