# Vetor de dados - syn_f001121-2-Pre--front--vetorlinha.txt
# Total de elementos: 768
# Formato: um valor por linha
#==================================================

1
1
1
1
1
1
1
1
1
1
1
1
1
1
1
1
1
1
1
1
1
1
1
1
1
1
1
1
1
1
1
1
1
1
1
1
1
1
1
1
1
1
1
1
1
1
1
1
1
1
1
1
1
1
1
1
1
1
1
1
1
1
1
1
1
1
1
1
1
1
1
1
1
1
1
1
1
1
1
1
1
1
1
1
1
1
1
1
1
1
1
1
1
1
1
1
1
1
1
1
1
1
1
1
1
1
1
1
1
1
1
1
1
1
1
1
1
1
1
1
1
1
1
1
1
1
1
1
1
1
1
1
1
1
1
1
1
1
1
1
1
4
18
24
27
31
35
37
39
41
43
45
47
48
49
50
51
52
54
54
55
56
56
57
57
57
58
58
59
59
59
58
58
58
58
57
57
57
60
64
65
65
65
65
65
64
64
63
62
62
61
60
59
58
57
55
51
49
49
47
47
47
45
45
43
43
43
43
43
43
43
43
43
43
43
43
43
43
44
44
44
44
44
44
45
47
50
53
56
58
62
66
73
78
85
108
125
136
146
249
345
359
370
381
396
414
430
440
447
457
467
481
492
519
548
549
549
549
548
547
543
506
504
508
508
508
506
324
304
223
207
172
147
143
142
140
140
139
138
138
137
137
136
136
134
133
131
130
128
126
124
122
121
119
118
117
116
116
115
114
114
114
113
113
113
113
113
113
111
111
111
110
109
109
108
107
106
104
104
102
102
102
102
102
102
102
102
103
103
103
103
103
103
102
101
101
101
101
101
101
99
99
99
99
98
97
97
97
96
96
95
94
94
94
92
92
92
91
91
91
91
91
93
93
94
94
94
96
96
96
97
97
98
99
99
99
100
101
102
102
104
104
104
105
106
106
106
107
107
107
108
108
108
108
108
110
110
110
110
110
111
111
112
113
113
115
115
116
117
118
118
119
120
120
122
122
122
123
124
124
125
125
126
126
126
127
127
127
127
127
128
129
129
129
129
129
129
129
129
129
129
128
128
127
127
127
127
127
126
126
126
126
126
126
126
124
124
124
124
124
124
123
123
123
122
122
122
121
121
121
120
120
120
120
119
119
118
118
118
118
118
118
118
118
117
117
116
116
115
114
114
114
112
112
112
110
110
109
108
108
107
106
106
106
104
104
104
104
104
102
102
102
102
102
102
102
102
102
102
102
102
102
102
102
102
102
102
102
102
102
102
101
102
102
102
102
102
102
102
102
102
102
102
103
103
103
104
104
105
105
106
106
106
106
106
106
108
108
108
108
108
108
109
110
110
110
110
110
110
110
110
110
110
110
110
110
110
110
110
110
110
109
109
109
108
108
108
107
106
106
106
106
104
104
104
104
102
102
102
101
100
100
99
99
98
97
97
97
96
95
95
94
93
93
93
91
91
91
91
89
89
89
88
88
87
87
87
86
86
85
85
85
85
85
85
85
85
85
85
85
85
85
85
87
87
87
87
87
87
87
87
87
87
87
87
88
89
89
89
91
91
92
92
94
95
96
97
98
99
100
101
102
103
104
104
106
106
107
107
107
105
105
104
104
102
98
97
95
91
1
1
1
1
1
1
1
1
1
1
1
1
1
1
1
1
1
1
1
1
1
1
1
1
1
1
1
1
1
1
1
1
1
1
1
1
1
1
1
1
1
1
1
1
1
1
1
1
1
1
1
1
1
1
1
1
1
1
1
1
1
1
1
1
1
1
1
1
1
1
1
1
1
1
1
1
1
1
1
