# Vetor de dados - syn_f000564-0-Pre--front--vetorlinha.txt
# Total de elementos: 768
# Formato: um valor por linha
#==================================================

1
1
1
1
1
1
1
1
1
1
1
1
1
1
1
1
1
1
1
1
1
1
1
1
1
1
1
1
1
1
1
1
1
1
1
1
1
1
1
1
1
1
1
1
1
1
1
1
1
1
1
1
1
1
1
1
1
1
1
1
1
1
1
1
1
1
1
1
1
1
1
1
1
1
1
1
1
1
1
1
1
1
1
1
1
1
1
1
1
1
1
1
1
1
1
1
1
1
1
1
1
1
1
1
1
1
1
1
1
1
1
1
1
8
20
25
28
32
36
38
40
42
44
46
48
50
50
52
53
54
55
56
57
58
59
59
60
60
61
61
62
62
62
62
62
62
62
62
62
62
61
61
60
61
66
69
69
70
70
69
69
69
69
67
67
67
65
65
65
63
61
61
59
59
53
50
49
49
48
47
47
47
46
46
46
45
45
44
44
44
44
44
44
44
44
44
44
43
43
43
43
43
44
44
45
46
49
52
56
59
63
67
74
81
89
287
425
438
454
482
495
509
547
555
566
583
602
601
599
592
582
576
577
575
559
556
557
557
494
490
485
480
411
402
393
384
372
358
345
332
315
286
272
261
250
238
224
199
169
162
156
154
153
151
150
149
148
146
146
144
144
142
141
140
138
138
137
136
135
135
133
133
132
131
131
130
129
129
128
128
128
128
128
127
127
126
126
125
125
125
125
123
123
122
121
120
119
118
116
114
114
115
114
114
114
113
113
113
113
114
114
114
114
113
113
113
113
113
112
112
112
112
112
112
112
112
114
114
114
114
116
116
117
118
119
119
120
121
121
122
123
123
123
123
125
125
125
125
125
125
126
126
127
127
127
128
128
129
130
131
131
133
133
135
135
136
137
138
139
140
141
141
142
143
143
144
145
145
145
145
147
147
147
147
147
147
147
148
148
149
149
149
149
149
149
149
150
150
150
150
151
151
152
152
152
152
152
152
152
152
153
153
153
153
153
154
154
155
154
154
155
155
155
155
155
155
155
155
155
155
155
154
153
153
153
153
153
152
152
151
151
151
150
150
149
149
148
148
147
147
146
145
145
145
144
143
143
143
142
141
141
141
140
139
139
139
138
137
137
137
136
135
135
135
134
133
133
132
132
132
131
130
130
130
130
129
128
128
128
128
126
126
126
125
124
124
124
124
123
122
122
122
122
121
121
121
120
120
119
119
119
119
119
118
118
118
117
117
117
117
117
117
117
116
116
116
115
115
115
115
115
115
115
115
113
113
113
113
113
113
114
114
114
114
114
114
114
114
114
114
116
116
116
116
117
118
118
118
118
118
120
120
120
120
120
120
120
120
120
120
120
120
120
120
120
120
120
120
120
120
120
120
120
120
120
118
118
118
118
118
118
116
116
116
116
116
115
114
114
114
113
113
112
112
112
111
111
110
110
110
109
108
108
108
108
107
106
106
106
106
105
104
104
104
103
103
102
102
102
101
101
100
100
99
99
99
99
99
98
98
97
97
97
97
97
97
97
97
97
97
97
98
98
98
98
98
99
99
100
100
100
100
100
100
100
101
101
102
102
103
103
104
105
105
105
107
108
109
109
111
111
113
113
115
115
115
117
117
117
117
117
117
116
115
115
115
113
113
112
110
108
106
103
99
45
1
1
1
1
1
1
1
1
1
1
1
1
1
1
1
1
1
1
1
1
1
1
1
1
1
1
1
1
1
1
1
1
1
1
1
1
1
1
1
1
1
1
1
1
1
1
1
1
1
1
1
1
1
