# Vetor de dados - syn_f004653-0-Pre--left--vetorlinha.txt
# Total de elementos: 768
# Formato: um valor por linha
#==================================================

1
1
1
1
1
1
1
1
1
1
1
1
1
1
1
1
1
1
1
1
1
1
1
1
1
1
1
1
1
1
1
1
1
1
1
1
1
1
1
1
1
1
1
1
1
1
1
1
1
1
1
1
1
1
1
1
1
1
1
1
1
1
1
1
1
1
1
1
1
1
1
1
1
1
1
1
1
1
1
1
1
1
1
1
1
1
1
1
1
1
1
1
1
1
1
1
1
1
1
1
1
1
1
1
1
1
1
1
1
1
1
1
14
26
33
38
41
46
49
52
55
57
59
61
64
66
67
69
70
72
73
74
75
76
77
78
78
80
80
80
80
81
81
81
81
81
81
81
81
82
82
81
81
81
81
82
82
82
83
84
84
84
85
85
84
84
83
82
79
76
76
74
73
73
72
71
69
69
69
68
67
66
66
65
65
65
65
65
65
64
64
63
62
62
60
58
55
54
53
51
50
51
50
51
51
51
52
52
53
52
53
53
55
56
56
57
178
195
213
218
224
229
240
251
270
291
293
292
292
292
291
288
287
284
277
277
275
258
258
209
205
201
196
193
188
183
178
172
165
159
154
149
139
130
123
118
113
110
106
102
100
101
102
103
104
104
105
106
106
108
108
109
109
110
110
111
110
110
110
111
111
111
111
111
111
110
110
109
109
109
108
108
108
107
105
105
104
103
101
100
99
98
99
99
99
99
99
100
100
99
99
99
99
99
98
99
99
98
99
98
98
98
98
98
98
98
98
98
98
98
97
98
98
97
98
98
97
97
97
97
97
97
96
97
97
96
96
97
98
98
98
98
98
98
98
98
98
98
98
98
99
99
99
101
101
101
103
103
103
104
105
106
106
106
107
107
108
108
108
109
109
109
110
110
110
110
110
110
110
110
110
110
111
110
110
111
111
110
110
111
110
110
110
110
109
110
110
109
109
109
108
108
108
107
107
105
105
104
104
103
102
101
100
100
100
100
100
99
99
99
99
99
98
98
98
98
98
97
97
97
96
96
95
95
94
94
93
93
92
92
91
91
90
90
89
89
88
88
87
86
86
85
85
84
84
83
82
82
82
81
81
80
79
79
79
79
78
77
77
77
76
76
76
76
75
75
75
73
73
72
72
72
72
71
71
71
70
70
70
70
70
69
69
69
68
68
67
67
67
66
66
66
65
65
64
64
64
63
63
62
62
62
61
60
59
59
59
59
58
58
58
58
57
57
57
56
56
56
55
55
55
55
55
56
55
55
55
55
56
55
55
55
55
55
55
55
54
55
55
54
55
54
54
53
54
53
53
52
51
52
51
51
50
50
49
49
48
48
47
47
47
47
48
47
47
48
48
48
48
48
48
48
48
48
48
48
49
49
48
48
48
48
48
48
48
47
47
47
47
47
47
46
46
46
45
45
45
44
44
44
44
43
43
42
42
42
42
42
40
40
40
40
40
39
39
39
39
39
38
38
38
38
38
38
38
38
37
37
37
37
37
38
38
38
38
39
40
39
40
41
42
43
45
46
48
50
52
54
55
57
66
69
71
72
74
77
78
80
81
82
82
85
85
86
87
87
88
88
88
51
53
56
59
61
63
65
68
72
74
75
78
81
83
85
87
89
88
86
86
83
81
66
59
55
49
45
41
38
36
1
1
1
1
1
1
1
1
1
1
1
1
1
1
1
1
1
1
1
1
1
1
1
1
1
1
1
1
1
1
1
1
1
1
1
1
1
1
1
1
1
1
1
1
1
1
1
1
1
