# Vetor de dados - syn_f002300-2-Pre--left--vetorlinha.txt
# Total de elementos: 768
# Formato: um valor por linha
#==================================================

1
1
1
1
1
1
1
1
1
1
1
1
1
1
1
1
1
1
1
1
1
1
1
1
1
1
1
1
1
1
1
1
1
1
1
1
1
1
1
1
1
1
1
1
1
1
1
1
1
1
1
1
1
1
1
1
1
1
1
1
1
1
1
1
1
1
1
1
1
1
1
1
1
1
1
1
1
1
1
1
1
1
1
1
1
1
1
1
1
1
1
1
1
1
1
1
1
1
1
1
1
1
1
1
1
1
20
27
33
37
41
45
47
50
53
55
57
58
61
62
64
65
66
67
68
70
70
70
71
72
73
73
73
74
74
74
74
74
74
74
74
74
75
75
75
75
75
76
76
76
77
78
79
79
80
80
81
80
80
78
77
75
73
73
71
71
70
70
69
67
67
66
65
65
65
64
63
63
62
62
62
62
62
62
61
60
61
60
58
56
55
52
51
50
50
49
49
49
50
50
50
50
50
51
51
51
53
53
54
55
56
56
59
65
73
81
89
100
109
155
163
169
175
181
185
189
192
196
201
205
210
216
222
229
235
239
243
247
252
257
262
267
271
276
284
290
295
301
308
308
309
308
307
304
302
292
98
97
98
98
99
99
99
99
99
99
100
100
100
100
100
101
100
100
100
100
100
100
99
99
98
98
97
96
96
94
94
94
94
94
94
93
94
94
94
95
95
95
95
96
96
95
95
96
96
96
96
96
96
97
96
96
95
94
94
93
93
92
92
92
92
91
91
91
91
91
89
89
89
89
88
87
87
87
87
86
86
86
87
87
88
88
88
89
89
90
90
90
92
92
94
94
95
96
97
97
99
99
99
100
101
101
102
102
102
102
103
103
103
103
104
104
104
104
104
104
103
103
104
104
104
103
103
103
102
102
102
101
101
100
100
99
99
98
98
97
96
96
95
94
94
92
91
90
90
90
90
90
90
89
89
89
89
89
89
88
88
87
87
87
87
86
85
84
84
83
82
81
81
80
79
79
78
78
78
77
77
77
76
76
76
76
76
76
76
75
74
74
74
74
74
74
74
74
73
73
73
73
73
73
72
72
72
72
71
71
71
71
70
69
69
69
69
68
68
68
68
67
66
66
66
65
65
65
65
63
63
63
63
62
62
61
61
60
60
60
59
58
57
57
57
56
56
55
54
54
53
53
52
51
51
50
50
50
49
49
49
48
48
48
49
48
48
48
48
48
48
49
49
49
49
49
50
50
49
50
50
50
51
51
51
52
52
52
52
52
52
52
52
52
52
52
52
52
52
52
51
52
51
52
51
51
51
51
50
50
50
49
49
48
49
48
48
48
48
49
49
48
48
48
48
47
48
47
47
46
46
46
46
46
46
46
47
47
46
46
46
47
47
47
47
47
47
47
46
46
46
46
46
46
46
46
45
44
44
44
44
44
43
43
42
42
42
41
41
41
40
40
39
39
39
39
38
37
37
37
37
36
36
36
35
34
34
34
34
34
34
33
33
33
33
33
33
33
33
32
32
32
32
33
34
34
35
36
38
40
41
43
46
47
49
51
53
56
57
59
62
64
69
73
74
76
79
81
82
83
83
82
82
82
83
83
83
82
74
53
55
56
59
61
65
67
70
73
76
79
83
85
88
88
89
89
89
88
88
86
84
69
60
55
50
48
48
44
41
1
1
1
1
1
1
1
1
1
1
1
1
1
1
1
1
1
1
1
1
1
1
1
1
1
1
1
1
1
1
1
1
1
1
1
1
1
1
1
1
1
1
1
