# Vetor de dados - syn_f001683-0-Pre--left--vetorlinha.txt
# Total de elementos: 768
# Formato: um valor por linha
#==================================================

1
1
1
1
1
1
1
1
1
1
1
1
1
1
1
1
1
1
1
1
1
1
1
1
1
1
1
1
1
1
1
1
1
1
1
1
1
1
1
1
1
1
1
1
1
1
1
1
1
1
1
1
1
1
1
1
1
1
1
1
1
1
1
1
1
1
1
1
1
1
1
1
1
1
1
1
1
1
1
1
1
1
1
1
1
1
1
1
1
1
1
1
1
1
1
1
1
1
1
1
1
1
1
1
1
1
1
1
1
1
1
1
1
1
1
1
1
1
1
1
1
1
14
25
31
36
40
44
48
50
53
55
57
59
61
62
64
66
66
68
68
69
70
71
72
72
73
74
74
74
74
74
75
75
75
75
75
76
76
76
76
76
77
78
79
79
80
81
82
82
83
83
83
81
81
79
77
75
74
73
72
71
70
69
68
68
67
66
65
64
64
63
63
63
63
63
62
61
60
59
57
54
48
46
44
44
44
44
43
44
44
44
45
45
46
46
47
48
49
55
60
64
70
74
80
164
172
178
188
199
212
229
234
238
245
252
258
264
274
282
290
298
299
299
298
297
295
293
284
284
281
210
204
199
192
185
177
168
161
97
98
99
99
100
100
100
101
101
101
100
101
101
101
101
101
100
99
99
99
99
98
98
97
97
96
96
96
95
94
93
92
91
90
90
89
89
88
87
87
88
87
87
88
87
87
86
87
86
86
86
87
87
86
86
86
87
86
86
86
85
86
86
85
85
84
84
84
83
83
83
83
83
83
83
83
83
83
84
84
84
86
86
87
87
89
89
90
91
92
92
93
93
94
94
95
96
97
97
98
98
100
100
100
100
100
101
101
101
102
102
101
102
102
103
102
102
102
102
102
102
102
102
102
101
101
102
102
101
101
102
101
101
101
100
101
101
101
100
100
100
100
99
99
99
98
98
97
97
97
97
96
97
97
97
97
97
96
96
96
97
96
96
96
95
95
96
95
94
94
93
93
92
91
91
90
90
89
89
89
88
88
88
87
87
87
85
85
84
84
84
83
83
83
82
81
81
81
80
80
79
79
79
79
78
78
78
78
77
77
77
77
76
76
76
75
75
75
74
74
74
74
73
73
73
72
72
72
72
71
71
71
70
69
69
68
68
68
67
67
67
66
66
65
65
64
64
63
62
61
61
61
60
59
59
58
58
58
57
56
56
55
55
55
55
54
54
55
54
54
54
54
55
55
55
55
56
55
56
56
55
56
55
56
56
56
56
55
56
55
55
56
55
55
56
55
55
55
55
54
54
54
54
53
53
53
52
52
53
53
52
52
52
52
52
52
52
52
51
51
51
51
51
50
50
50
50
51
51
50
50
50
50
50
49
49
49
49
49
48
48
48
48
48
47
47
47
46
46
46
45
45
45
45
45
43
43
43
43
43
42
42
42
42
42
41
41
41
41
41
41
40
40
40
40
40
40
40
39
39
39
39
39
39
39
39
39
39
38
39
40
41
42
43
46
48
49
52
54
56
57
59
61
63
65
67
71
74
76
80
81
82
83
84
85
87
87
87
87
88
88
87
70
62
65
68
71
74
77
79
83
85
86
88
90
90
92
91
91
90
88
86
82
67
59
53
48
43
39
36
1
1
1
1
1
1
1
1
1
1
1
1
1
1
1
1
1
1
1
1
1
1
1
1
1
1
1
1
1
1
1
1
1
1
1
1
1
1
1
1
1
1
1
1
1
1
1
1
1
1
1
1
1
1
1
1
1
1
1
