# Vetor de dados - syn_f003989-3-Pre--front--vetorcoluna.txt
# Total de elementos: 1024
# Formato: um valor por linha
#==================================================

1
1
1
1
1
1
1
1
1
1
1
1
1
1
1
1
1
1
1
1
1
1
1
1
1
1
1
1
1
1
1
1
1
1
1
1
1
1
1
1
1
1
1
1
1
1
1
1
1
1
1
1
1
1
1
1
1
1
1
1
1
1
1
1
1
1
1
1
1
1
1
1
1
1
1
1
1
1
1
1
1
1
1
1
1
1
1
1
1
1
1
1
1
1
1
1
1
1
1
1
1
1
1
1
1
1
1
1
1
1
1
1
1
1
1
1
1
1
1
1
1
1
1
1
1
1
1
1
1
1
1
1
1
1
1
1
1
1
1
1
1
1
1
1
1
1
1
1
1
1
1
1
1
1
1
1
1
1
1
1
1
1
1
1
1
1
1
1
1
1
1
1
1
1
1
1
1
1
1
1
1
1
1
1
1
1
1
1
1
1
1
1
1
1
1
1
1
1
1
1
1
1
1
1
1
1
1
1
1
1
1
1
1
1
1
1
1
1
1
1
1
1
1
1
1
1
1
1
1
1
1
1
1
1
1
1
1
1
1
1
1
1
1
1
1
1
1
1
1
1
1
1
1
1
1
1
1
1
1
1
1
1
1
1
1
1
1
1
1
1
1
1
1
1
1
1
1
1
1
1
1
1
1
1
1
1
1
1
1
1
1
1
1
1
1
52
52
52
52
52
52
52
52
52
52
52
52
52
52
52
53
53
53
53
53
53
53
53
53
53
53
53
53
53
53
53
53
52
52
52
52
52
52
52
52
52
52
52
52
52
52
51
51
51
51
51
51
50
50
50
50
50
49
49
49
49
48
48
48
48
47
47
47
47
46
46
46
46
46
45
45
45
45
45
45
45
45
45
45
45
45
45
45
45
45
45
45
45
45
45
45
45
45
45
45
45
45
45
45
45
45
45
44
44
44
44
44
44
44
43
43
43
43
43
43
43
43
43
42
42
42
42
42
42
43
43
43
43
43
44
44
44
44
44
45
45
46
46
47
48
50
54
57
60
62
64
65
67
68
70
71
73
74
76
302
307
311
315
319
430
432
436
439
443
447
451
455
459
530
530
530
531
531
531
532
533
533
534
534
534
534
534
534
535
536
536
537
538
538
536
464
540
536
532
528
522
517
512
464
460
456
452
448
443
427
417
411
404
396
388
384
379
373
367
370
374
379
384
388
394
401
409
417
437
447
450
453
456
461
509
515
520
524
529
534
539
543
620
541
541
540
539
538
537
536
536
535
535
535
535
535
534
534
533
533
533
533
532
532
532
460
455
452
447
442
438
433
429
425
320
314
311
306
72
71
69
68
66
64
62
61
59
55
51
49
48
47
46
44
44
43
43
42
41
41
40
40
40
39
39
39
38
38
38
38
37
37
37
37
37
37
37
37
37
37
37
37
37
37
37
37
36
37
37
37
36
36
36
36
36
36
36
36
36
36
36
35
35
35
35
35
35
35
34
34
34
34
34
34
34
33
33
33
33
33
33
33
33
33
33
33
34
34
34
34
34
34
34
34
35
35
35
35
35
35
36
36
37
37
37
37
37
37
37
37
37
36
36
36
36
36
36
36
36
36
36
36
36
35
35
35
35
35
35
34
34
34
34
34
33
33
33
33
32
32
32
32
32
31
31
31
31
30
29
29
29
29
28
28
28
28
27
27
27
26
26
25
25
25
25
24
24
24
24
23
22
22
22
22
22
21
21
21
21
21
20
20
20
20
19
20
21
21
21
22
22
21
22
22
22
21
22
22
22
21
21
21
19
19
20
20
20
19
19
20
21
21
20
21
21
21
20
20
20
20
20
20
19
18
10
10
10
10
10
10
10
9
9
9
9
9
8
8
8
8
8
8
8
8
8
8
1
1
1
1
1
1
1
1
1
1
1
1
1
1
1
1
1
1
1
1
1
1
1
1
1
1
1
1
1
1
1
1
1
1
1
1
1
1
1
1
1
1
1
1
1
1
1
1
1
1
1
1
1
1
1
1
1
1
1
1
1
1
1
1
1
1
1
1
1
1
1
1
1
1
1
1
1
1
1
1
1
1
1
1
1
1
1
1
1
1
1
1
1
1
1
1
1
1
1
1
1
1
1
1
1
1
1
1
1
1
1
1
1
1
1
1
1
1
1
1
1
1
1
1
1
1
1
1
1
1
1
1
1
1
1
1
1
1
1
1
1
1
1
1
1
1
1
1
1
1
1
1
1
1
1
1
1
1
1
1
1
1
1
1
1
1
1
1
1
1
1
1
1
1
1
1
1
1
1
1
1
1
1
1
1
1
1
1
1
1
1
1
1
1
1
1
1
1
1
1
1
1
1
