# Vetor de dados - syn_f001678-3-Pre--front--vetorlinha.txt
# Total de elementos: 768
# Formato: um valor por linha
#==================================================

1
1
1
1
1
1
1
1
1
1
1
1
1
1
1
1
1
1
1
1
1
1
1
1
1
1
1
1
1
1
1
1
1
1
1
1
1
1
1
1
1
1
1
1
1
1
1
1
1
1
1
1
1
1
1
1
1
1
1
1
1
1
1
1
1
1
1
1
1
1
1
1
1
1
1
1
1
1
1
1
1
1
1
1
1
1
1
1
1
1
1
1
1
1
1
1
1
1
1
1
1
1
1
1
1
1
1
1
1
1
1
1
1
1
1
1
1
1
1
1
1
1
1
1
1
1
1
1
1
1
1
1
1
1
1
1
1
1
1
1
1
12
22
26
30
34
37
39
41
43
45
47
48
50
51
52
53
54
56
56
57
58
58
59
60
60
60
60
61
61
61
61
61
61
60
60
60
60
59
65
67
67
68
68
68
67
67
67
66
65
65
65
64
63
61
61
60
59
57
53
52
52
50
50
50
48
48
48
47
46
46
46
45
45
44
43
43
43
43
43
43
43
44
45
48
55
60
65
73
128
349
366
381
397
409
425
433
442
453
473
497
503
520
536
536
535
532
521
510
510
496
492
494
494
493
439
435
374
367
358
348
337
325
258
247
239
228
218
188
180
150
146
145
145
144
144
143
143
143
143
143
142
142
142
141
140
140
139
139
139
139
139
137
137
137
137
137
136
135
135
135
133
133
133
131
131
131
129
129
127
127
126
124
124
122
121
119
117
115
115
113
111
109
109
109
109
109
108
108
108
107
107
107
106
106
106
106
105
105
105
105
105
104
104
104
104
103
102
102
102
103
103
104
104
105
107
108
110
112
113
114
116
116
118
119
120
121
123
124
125
126
127
129
130
130
132
132
133
134
134
135
136
136
136
137
138
138
138
138
137
137
137
136
136
135
135
135
133
133
133
132
132
131
131
131
131
130
130
130
129
129
129
129
130
130
130
130
130
132
132
132
132
132
132
134
134
134
134
135
136
136
136
136
137
138
138
138
139
139
140
140
140
140
140
140
140
140
140
141
141
142
142
142
142
142
142
142
141
141
141
141
141
141
141
141
141
140
140
139
139
139
139
138
137
137
137
137
135
135
135
135
133
133
133
133
132
131
131
131
129
129
127
127
127
125
125
124
123
122
121
120
119
118
117
116
115
114
114
112
112
112
110
110
110
108
108
106
106
106
106
104
104
104
103
102
102
102
102
102
102
101
101
101
100
100
100
100
100
100
100
100
100
100
100
101
102
102
104
104
104
106
106
106
108
108
108
110
110
110
110
112
112
112
113
114
114
114
114
114
114
114
116
116
116
116
116
114
114
114
114
114
114
114
114
114
112
112
112
111
110
110
110
108
108
108
107
106
106
105
104
104
103
102
101
101
100
99
99
98
97
97
95
95
95
93
93
93
92
91
91
90
89
89
89
87
87
87
87
86
85
85
85
85
85
85
85
85
85
85
86
86
86
86
86
86
87
88
88
88
88
88
88
87
87
88
88
89
90
90
92
92
93
94
95
96
97
98
99
101
101
102
103
104
105
106
105
105
106
105
105
104
101
100
99
95
93
43
42
41
39
38
1
1
1
1
1
1
1
1
1
1
1
1
1
1
1
1
1
1
1
1
1
1
1
1
1
1
1
1
1
1
1
1
1
1
1
1
1
1
1
1
1
1
1
1
1
1
1
1
1
1
1
1
1
1
1
1
1
1
1
1
1
1
1
1
1
1
1
1
1
1
1
1
1
1
1
1
1
