# Vetor de dados - syn_f000006-0-Pre--front--vetorlinha.txt
# Total de elementos: 768
# Formato: um valor por linha
#==================================================

1
1
1
1
1
1
1
1
1
1
1
1
1
1
1
1
1
1
1
1
1
1
1
1
1
1
1
1
1
1
1
1
1
1
1
1
1
1
1
1
1
1
1
1
1
1
1
1
1
1
1
1
1
1
1
1
1
1
1
1
1
1
1
1
1
1
1
1
1
1
1
1
1
1
1
1
1
1
1
1
1
1
1
1
1
1
1
1
1
1
1
1
1
1
1
1
1
8
20
24
28
32
36
38
40
42
44
46
48
48
50
50
52
53
54
56
56
57
58
58
59
60
60
60
61
62
62
62
62
62
62
62
62
61
61
61
60
60
62
66
69
69
69
69
69
69
68
68
67
66
66
65
65
64
62
61
60
59
55
52
50
50
49
49
49
48
47
46
45
45
45
45
45
45
45
45
45
45
44
44
44
44
44
44
44
44
44
45
47
49
51
54
57
61
64
68
70
75
97
120
132
141
150
158
166
273
389
408
424
452
506
519
528
540
551
565
589
618
634
634
634
634
632
629
613
603
584
586
587
587
586
505
401
381
359
348
200
182
168
161
157
154
151
149
148
146
145
144
142
140
140
138
135
133
131
128
126
124
122
120
118
117
116
115
115
113
113
112
112
112
112
110
110
110
110
110
109
108
108
108
108
106
106
106
104
104
104
102
102
103
102
102
102
102
102
102
104
104
104
104
104
104
103
103
103
103
103
103
103
103
102
102
102
102
102
102
103
104
104
105
106
107
108
108
108
109
109
110
110
109
109
108
108
108
108
108
108
109
109
109
109
111
112
113
114
116
117
118
120
120
122
122
122
124
124
124
125
126
126
126
126
126
126
127
127
127
127
127
127
127
127
127
128
128
128
128
128
128
128
129
130
130
130
131
132
132
132
133
134
134
134
136
136
136
136
136
137
138
138
138
139
139
139
140
141
141
141
141
141
141
141
141
141
141
141
141
141
140
140
139
139
139
139
139
137
137
137
137
137
137
135
135
135
135
135
134
133
133
133
133
133
131
131
131
131
131
131
130
129
129
129
129
127
127
127
127
127
125
125
125
125
125
124
123
123
123
123
123
121
121
121
121
121
121
120
119
119
119
119
119
119
119
118
117
117
117
117
117
117
117
116
116
116
116
115
115
115
115
114
114
114
114
114
114
114
112
112
112
112
112
112
112
112
112
111
111
111
111
111
111
111
111
111
110
111
111
111
111
111
111
110
110
110
110
109
108
108
108
108
108
108
108
108
108
107
106
106
106
106
106
106
106
106
106
106
106
106
107
107
108
108
108
108
108
108
108
109
110
110
110
110
110
110
110
110
111
110
110
111
111
111
111
111
111
111
111
111
111
110
110
110
110
110
110
109
109
109
109
108
108
108
108
108
108
108
107
106
106
106
106
106
106
106
105
104
104
104
104
104
104
104
104
103
102
102
102
102
102
102
102
101
100
100
100
100
100
100
99
99
98
98
98
98
98
97
97
96
96
96
96
96
95
95
94
94
94
93
92
92
92
92
92
92
92
91
91
91
90
90
92
92
92
93
94
94
94
95
95
95
95
95
95
95
95
95
95
96
96
98
98
99
100
100
101
101
101
103
104
104
106
106
108
109
110
111
112
113
113
113
114
115
115
116
116
115
116
116
115
115
116
114
113
111
107
105
105
101
99
48
46
1
1
1
1
1
1
1
1
1
1
1
1
1
1
1
1
1
1
1
1
1
1
1
1
1
1
1
1
1
1
1
1
1
1
1
1
1
1
