# Vetor de dados - syn_f004541-2-Pre--front--vetorcoluna.txt
# Total de elementos: 1024
# Formato: um valor por linha
#==================================================

1
1
1
1
1
1
1
1
1
1
1
1
1
1
1
1
1
1
1
1
1
1
1
1
1
1
1
1
1
1
1
1
1
1
1
1
1
1
1
1
1
1
1
1
1
1
1
1
1
1
1
1
1
1
1
1
1
1
1
1
1
1
1
1
1
1
1
1
1
1
1
1
1
1
1
1
1
1
1
1
1
1
1
1
1
1
1
1
1
1
1
1
1
1
1
1
1
1
1
1
1
1
1
1
1
1
1
1
1
1
1
1
1
1
1
1
1
1
1
1
1
1
1
1
1
1
1
1
1
1
1
1
1
1
1
1
1
1
1
1
1
1
1
1
1
1
1
1
1
1
1
1
1
1
1
1
1
1
1
1
1
1
1
1
1
1
1
1
1
1
1
1
1
1
1
1
1
1
1
1
1
1
1
1
1
1
1
1
1
1
1
1
1
1
1
1
1
1
1
1
1
1
1
1
1
1
1
1
1
1
1
1
1
1
1
1
1
1
1
1
1
1
1
1
1
1
1
1
1
1
1
1
1
1
9
9
9
9
9
9
9
9
10
10
10
10
10
10
10
10
10
10
16
17
18
18
18
19
19
19
18
18
18
18
18
17
18
18
18
18
18
18
19
19
20
20
20
19
21
21
20
20
19
21
20
19
19
20
19
19
20
20
20
20
20
20
21
21
21
21
22
22
22
22
23
23
23
23
24
24
24
24
26
26
26
26
27
27
27
27
29
29
29
29
29
30
30
31
31
31
32
32
32
33
33
33
34
34
34
34
34
34
35
35
35
35
36
36
36
36
36
36
36
36
36
37
37
37
37
37
37
37
37
37
37
37
37
36
36
36
36
36
35
35
35
34
34
34
34
33
33
33
33
33
34
34
34
34
34
34
35
35
35
35
35
35
35
36
36
36
36
36
36
36
36
37
38
38
38
38
38
38
38
38
38
38
38
39
39
39
39
39
39
39
40
40
40
40
40
40
41
41
42
42
42
42
43
43
44
44
44
46
48
50
52
59
64
73
77
81
83
86
88
90
94
277
279
282
286
289
293
381
385
389
395
399
402
470
471
473
473
474
473
473
476
476
476
477
477
477
476
476
478
479
481
481
482
482
557
557
495
491
487
485
482
479
475
472
467
463
422
420
417
415
411
405
377
366
360
318
317
317
318
350
356
361
369
378
407
413
415
418
420
463
467
472
476
481
486
488
490
492
494
559
558
481
481
479
478
477
474
473
474
474
475
474
474
474
474
471
472
472
472
472
405
401
398
393
389
385
382
379
289
286
283
280
278
275
273
91
89
85
83
80
76
72
61
60
57
56
54
51
47
45
43
43
43
42
42
42
41
41
41
41
40
40
40
39
39
39
40
40
39
39
39
39
39
39
39
38
38
38
38
38
38
38
38
38
38
38
37
36
36
36
36
36
36
36
35
35
35
35
35
35
35
34
34
34
34
34
34
34
34
34
34
34
34
34
34
34
34
34
35
35
35
36
36
37
36
36
36
36
36
36
36
36
37
36
36
36
36
36
36
36
36
36
36
36
35
34
34
34
34
34
34
34
34
34
33
32
32
32
32
32
31
31
31
31
30
29
29
29
29
28
28
28
27
27
26
26
26
26
26
25
24
24
24
24
24
23
22
22
22
22
22
21
21
20
20
20
20
20
21
20
20
21
20
21
21
21
21
21
21
21
21
21
21
21
19
19
19
20
20
20
20
20
21
21
21
22
22
22
23
23
23
23
23
23
22
22
20
14
14
14
14
14
14
14
14
14
14
14
14
14
14
14
14
14
14
14
13
13
12
1
1
1
1
1
1
1
1
1
1
1
1
1
1
1
1
1
1
1
1
1
1
1
1
1
1
1
1
1
1
1
1
1
1
1
1
1
1
1
1
1
1
1
1
1
1
1
1
1
1
1
1
1
1
1
1
1
1
1
1
1
1
1
1
1
1
1
1
1
1
1
1
1
1
1
1
1
1
1
1
1
1
1
1
1
1
1
1
1
1
1
1
1
1
1
1
1
1
1
1
1
1
1
1
1
1
1
1
1
1
1
1
1
1
1
1
1
1
1
1
1
1
1
1
1
1
1
1
1
1
1
1
1
1
1
1
1
1
1
1
1
1
1
1
1
1
1
1
1
1
1
1
1
1
1
1
1
1
1
1
1
1
1
1
1
1
1
1
1
1
1
1
1
1
1
1
1
1
1
1
1
1
1
1
1
1
1
1
1
1
1
1
1
1
1
1
1
1
1
1
1
1
1
1
1
1
1
1
1
1
1
1
1
1
1
1
1
1
1
1
1
1
1
1
1
1
1
1
1
1
1
