# Vetor de dados - syn_f002041-2-Pre--front--vetorcoluna.txt
# Total de elementos: 1024
# Formato: um valor por linha
#==================================================

1
1
1
1
1
1
1
1
1
1
1
1
1
1
1
1
1
1
1
1
1
1
1
1
1
1
1
1
1
1
1
1
1
1
1
1
1
1
1
1
1
1
1
1
1
1
1
1
1
1
1
1
1
1
1
1
1
1
1
1
1
1
1
1
1
1
1
1
1
1
1
1
1
1
1
1
1
1
1
1
1
1
1
1
1
1
1
1
1
1
1
1
1
1
1
1
1
1
1
1
1
1
1
1
1
1
1
1
1
1
1
1
1
1
1
1
1
1
1
1
1
1
1
1
1
1
1
1
1
1
1
1
1
1
1
1
1
1
1
1
1
1
1
1
1
1
1
1
1
1
1
1
1
1
1
1
1
1
1
1
1
1
1
1
1
1
1
1
1
1
1
1
1
1
1
1
1
1
1
1
1
1
1
1
1
1
1
1
1
1
1
1
1
1
1
1
1
1
1
1
1
1
1
1
1
1
1
1
1
1
1
1
1
1
1
1
1
1
1
1
1
1
1
1
1
1
1
1
1
1
1
1
1
1
1
1
1
1
1
1
1
1
1
24
24
24
24
24
24
24
24
24
24
24
24
24
24
24
24
24
24
24
24
25
25
25
25
25
25
25
25
26
26
26
26
26
26
26
26
27
27
27
27
27
27
28
28
28
28
28
27
27
27
27
27
27
27
27
27
27
27
27
27
27
27
27
27
28
28
28
28
28
28
28
28
28
28
28
29
29
29
29
29
31
31
31
31
31
31
32
32
32
32
32
33
33
33
33
33
34
34
34
34
34
34
35
35
35
35
35
35
35
36
36
35
35
35
35
35
36
36
35
35
35
35
35
35
34
34
34
34
34
33
33
33
33
33
33
33
33
33
32
32
33
33
33
33
33
34
34
34
34
34
35
35
35
35
36
36
36
36
36
36
37
37
36
36
36
37
37
37
37
37
37
37
38
38
38
38
38
38
38
38
38
38
39
39
40
40
41
41
41
42
42
44
45
46
47
50
52
54
56
58
59
60
62
63
65
65
67
68
69
72
75
78
79
84
86
88
275
278
281
284
286
290
380
385
389
393
397
403
478
479
481
481
481
482
483
483
484
484
483
483
482
484
485
487
487
487
488
488
488
556
554
484
481
477
473
469
464
458
416
412
409
406
402
390
377
361
352
342
331
320
311
310
311
332
340
345
350
356
365
375
398
403
407
410
413
456
462
466
472
477
482
487
493
496
563
564
565
563
490
489
489
487
487
485
486
486
487
486
486
485
483
483
482
481
414
409
404
398
393
389
385
381
290
287
284
281
278
275
87
85
83
80
76
73
71
67
64
62
60
59
57
56
54
52
50
48
47
46
45
45
44
44
43
42
42
41
41
40
40
40
38
38
38
37
37
38
38
37
37
37
37
37
37
36
36
36
36
36
36
36
36
36
36
36
36
36
36
36
35
35
34
34
34
34
34
34
34
34
33
33
33
33
33
33
33
33
32
32
32
32
32
32
32
32
33
33
33
33
33
34
34
34
34
34
34
34
34
35
35
35
35
35
35
35
35
35
35
35
35
35
35
35
35
35
34
34
34
34
34
34
34
33
33
33
33
33
33
32
32
32
32
32
31
31
31
30
29
29
29
29
28
28
28
28
27
27
27
26
26
26
25
25
25
25
25
24
23
23
23
23
22
22
22
22
22
21
21
21
21
21
21
20
21
21
21
21
22
21
22
22
22
23
23
23
23
23
23
23
23
24
24
24
24
24
24
25
25
25
26
26
26
26
27
27
27
27
26
26
25
20
20
20
20
20
20
20
20
20
20
20
20
20
20
1
1
1
1
1
1
1
1
1
1
1
1
1
1
1
1
1
1
1
1
1
1
1
1
1
1
1
1
1
1
1
1
1
1
1
1
1
1
1
1
1
1
1
1
1
1
1
1
1
1
1
1
1
1
1
1
1
1
1
1
1
1
1
1
1
1
1
1
1
1
1
1
1
1
1
1
1
1
1
1
1
1
1
1
1
1
1
1
1
1
1
1
1
1
1
1
1
1
1
1
1
1
1
1
1
1
1
1
1
1
1
1
1
1
1
1
1
1
1
1
1
1
1
1
1
1
1
1
1
1
1
1
1
1
1
1
1
1
1
1
1
1
1
1
1
1
1
1
1
1
1
1
1
1
1
1
1
1
1
1
1
1
1
1
1
1
1
1
1
1
1
1
1
1
1
1
1
1
1
1
1
1
1
1
1
1
1
1
1
1
1
1
1
1
1
1
1
1
1
1
1
1
1
1
1
1
1
1
1
1
1
1
1
1
1
1
1
1
1
1
1
1
1
1
1
1
1
1
