# Vetor de dados - syn_f003802-1-Pre--front--vetorcoluna.txt
# Total de elementos: 1024
# Formato: um valor por linha
#==================================================

1
1
1
1
1
1
1
1
1
1
1
1
1
1
1
1
1
1
1
1
1
1
1
1
1
1
1
1
1
1
1
1
1
1
1
1
1
1
1
1
1
1
1
1
1
1
1
1
1
1
1
1
1
1
1
1
1
1
1
1
1
1
1
1
1
1
1
1
1
1
1
1
1
1
1
1
1
1
1
1
1
1
1
1
1
1
1
1
1
1
1
1
1
1
1
1
1
1
1
1
1
1
1
1
1
1
1
1
1
1
1
1
1
1
1
1
1
1
1
1
1
1
1
1
1
1
1
1
1
1
1
1
1
1
1
1
1
1
1
1
1
1
1
1
1
1
1
1
1
1
1
1
1
1
1
1
1
1
1
1
1
1
1
1
1
1
1
1
1
1
1
1
1
1
1
1
1
1
1
1
1
1
1
1
1
1
1
1
1
1
1
1
1
1
1
1
1
1
1
1
1
1
1
1
1
1
1
1
1
1
1
1
1
1
1
1
1
1
1
1
1
1
1
1
1
1
1
1
1
1
1
1
1
1
1
1
1
1
1
1
1
34
34
1
1
1
1
1
1
1
1
1
1
1
1
1
1
1
1
36
36
36
36
36
37
37
37
37
1
1
1
1
1
1
1
1
1
1
1
1
1
1
1
1
1
1
1
1
1
1
1
40
40
40
40
39
39
40
40
40
40
40
40
40
40
40
40
40
40
40
40
41
41
41
41
41
41
41
41
41
41
41
41
41
41
41
41
41
41
42
42
42
42
42
42
42
42
42
42
42
42
42
42
42
42
42
42
42
42
42
42
42
42
42
42
42
42
42
41
41
41
41
41
41
41
40
40
40
40
40
40
39
39
39
39
39
39
40
39
39
39
39
40
40
39
39
39
39
39
40
40
40
40
40
40
40
40
40
40
41
40
40
40
40
40
40
41
41
41
41
41
41
41
41
41
41
41
41
41
41
42
42
42
42
42
42
43
43
43
43
43
43
44
45
45
45
46
46
47
47
49
51
53
56
58
59
61
289
293
297
302
307
312
316
321
333
401
405
409
412
416
420
424
426
512
514
514
514
514
514
515
516
516
517
517
516
516
517
519
521
521
522
523
523
522
522
521
520
480
476
446
517
513
509
505
501
497
492
487
478
459
453
448
446
442
441
438
436
431
390
384
378
336
328
328
338
371
376
382
395
431
435
438
440
441
445
447
452
457
479
490
496
500
504
508
512
518
522
475
479
517
520
520
521
521
521
520
520
518
518
517
516
517
518
517
517
517
517
516
517
517
516
515
427
423
419
415
411
407
403
398
393
332
317
312
306
303
299
295
60
58
57
55
53
51
49
48
48
47
45
45
44
44
43
42
42
42
41
41
41
41
40
40
40
40
40
40
39
39
40
40
40
40
40
40
40
40
39
39
39
39
39
39
39
39
39
39
39
39
39
39
40
40
40
40
40
39
39
39
39
39
39
39
39
40
40
40
40
40
39
39
39
40
40
40
40
40
40
40
40
40
40
41
41
41
41
41
41
41
41
41
40
40
40
39
39
38
38
38
38
38
38
37
37
37
37
36
36
36
36
35
35
35
35
35
35
35
35
34
34
33
33
33
33
32
32
31
31
31
31
31
30
30
30
30
30
30
29
29
29
29
29
29
29
29
29
29
29
29
28
28
28
28
28
28
28
28
28
28
28
28
28
28
28
28
28
28
28
27
27
27
26
26
26
25
25
25
24
24
24
24
23
23
23
23
22
22
22
22
22
21
21
21
21
21
21
21
21
21
21
21
21
21
21
21
21
21
20
19
19
1
1
1
1
1
1
1
1
1
1
1
1
1
1
1
1
1
1
1
1
1
1
1
1
1
1
1
1
1
1
1
1
1
1
1
1
1
1
1
1
1
1
1
1
1
1
1
1
1
1
1
1
1
1
1
1
1
1
1
1
1
1
1
1
1
1
1
1
1
1
1
1
1
1
1
1
1
1
1
1
1
1
1
1
1
1
1
1
1
1
1
1
1
1
1
1
1
1
1
1
1
1
1
1
1
1
1
1
1
1
1
1
1
1
1
1
1
1
1
1
1
1
1
1
1
1
1
1
1
1
1
1
1
1
1
1
1
1
1
1
1
1
1
1
1
1
1
1
1
1
1
1
1
1
1
1
1
1
1
1
1
1
1
1
1
1
1
1
1
1
1
1
1
1
1
1
1
1
1
1
1
1
1
1
1
1
1
1
1
1
1
1
1
1
1
1
1
1
1
1
1
1
1
1
1
1
1
1
1
1
1
1
1
1
1
1
1
1
1
1
1
1
1
1
1
1
1
1
1
1
1
1
1
1
