# Vetor de dados - syn_f002515-1-Pre--left--vetorlinha.txt
# Total de elementos: 768
# Formato: um valor por linha
#==================================================

1
1
1
1
1
1
1
1
1
1
1
1
1
1
1
1
1
1
1
1
1
1
1
1
1
1
1
1
1
1
1
1
1
1
1
1
1
1
1
1
1
1
1
1
1
1
1
1
1
1
1
1
1
1
1
1
1
1
1
1
1
1
1
1
1
1
1
1
1
1
1
1
1
1
1
1
1
1
1
1
1
1
1
1
1
1
1
1
1
1
1
1
1
1
1
1
1
1
1
1
1
1
1
1
1
1
1
1
1
1
1
1
1
1
1
1
1
1
1
1
20
26
33
38
42
44
47
50
52
54
56
59
60
62
63
65
66
67
69
69
69
70
71
72
72
73
74
74
74
74
74
75
75
75
75
75
76
77
78
78
78
79
80
81
81
81
81
82
82
81
80
78
76
73
73
71
71
70
69
68
67
66
66
65
65
64
64
62
62
62
61
61
61
61
61
61
61
60
59
57
55
51
44
43
43
42
43
43
42
43
43
44
43
44
45
44
45
45
46
46
46
47
48
47
48
48
52
56
61
65
70
76
83
91
101
146
153
160
165
170
173
179
184
189
196
202
209
216
219
223
228
232
237
243
248
252
258
265
270
275
285
287
286
286
285
283
279
97
93
94
94
95
95
96
96
96
96
97
97
97
97
96
96
95
95
95
94
94
93
92
92
91
91
89
88
88
87
87
87
86
85
85
85
85
85
86
86
86
86
86
86
86
85
85
86
86
86
85
85
85
85
86
86
86
85
85
85
85
84
84
84
83
83
83
82
82
82
81
81
81
80
80
80
79
79
80
81
81
83
85
85
86
88
88
89
90
91
91
92
93
93
94
95
96
96
97
98
99
99
100
100
102
102
103
103
103
104
104
105
105
105
106
106
106
105
105
105
106
106
105
105
106
106
105
105
104
104
104
103
103
102
102
101
101
101
100
100
98
98
97
97
97
96
97
97
96
96
97
96
96
96
95
95
95
94
94
93
93
93
92
93
92
91
91
90
90
90
89
88
88
87
86
86
86
85
85
85
85
85
85
85
85
85
84
84
84
83
83
83
83
83
83
82
82
82
82
82
81
81
80
80
80
80
79
79
79
79
79
78
78
78
78
77
77
76
76
75
75
75
75
74
74
74
73
73
72
71
71
71
70
70
70
69
69
69
68
68
68
67
67
67
65
65
65
64
64
63
62
61
61
61
60
60
59
59
58
57
57
56
56
56
55
55
55
55
54
54
54
54
54
54
54
54
54
55
55
54
55
55
54
55
55
54
54
55
54
53
53
53
52
52
51
51
51
50
49
49
48
48
48
48
47
47
47
46
47
47
47
46
47
47
47
47
48
47
47
47
47
48
48
47
47
47
47
47
47
47
47
47
47
47
46
45
45
45
45
44
44
44
44
44
44
43
43
43
42
42
42
42
42
41
40
40
40
40
40
38
38
38
38
37
37
37
37
36
35
35
35
35
35
35
34
34
34
34
34
34
34
35
35
34
35
35
35
36
37
37
38
39
40
42
44
44
47
49
52
54
55
58
65
68
70
72
74
77
78
80
80
80
80
80
80
78
45
46
48
51
52
54
58
60
62
66
69
71
72
74
77
79
81
84
83
83
81
80
68
58
51
42
40
1
1
1
1
1
1
1
1
1
1
1
1
1
1
1
1
1
1
1
1
1
1
1
1
1
1
1
1
1
1
1
1
1
1
1
1
1
1
1
1
1
1
1
1
1
1
1
1
1
1
1
1
1
1
1
1
1
1
