# Vetor de dados - syn_f003546-3-Pre--front--vetorlinha.txt
# Total de elementos: 768
# Formato: um valor por linha
#==================================================

1
1
1
1
1
1
1
1
1
1
1
1
1
1
1
1
1
1
1
1
1
1
1
1
1
1
1
1
1
1
1
1
1
1
1
1
1
1
1
1
1
1
1
1
1
1
1
1
1
1
1
1
1
1
1
1
1
1
1
1
1
1
1
1
1
1
1
1
1
1
1
1
1
1
1
1
1
1
1
1
1
1
1
1
1
1
1
1
1
1
1
1
1
1
1
1
1
1
1
1
1
1
1
1
1
1
1
1
1
1
1
1
1
1
1
1
1
1
1
1
1
1
1
1
1
1
1
1
1
1
1
1
1
1
1
1
1
1
1
1
1
1
1
1
10
21
25
29
33
36
38
40
43
45
46
47
49
50
51
52
53
54
55
56
56
57
58
58
58
59
59
59
59
59
59
59
59
58
58
58
59
63
65
66
66
65
65
65
65
64
63
63
62
61
61
59
57
57
57
53
49
49
48
48
48
48
47
46
45
44
43
42
42
42
42
42
42
41
41
41
41
42
43
44
46
49
52
55
58
60
64
260
314
322
332
339
343
346
346
340
337
337
416
422
428
432
435
438
384
388
399
398
398
398
398
400
400
358
363
364
367
364
360
356
352
349
326
326
326
325
154
151
150
148
147
146
145
144
144
142
142
142
140
140
140
138
136
136
134
132
130
130
130
129
129
128
127
127
126
125
124
123
121
119
118
116
114
112
110
107
105
104
103
102
101
101
99
99
99
97
97
95
95
93
93
93
91
91
91
90
89
89
88
87
87
86
86
85
84
84
82
82
80
79
78
77
76
75
74
73
72
72
72
72
72
73
73
74
75
75
75
77
77
77
78
79
80
80
82
82
84
84
86
86
87
88
88
89
90
90
91
91
91
92
93
93
93
94
94
94
95
95
96
96
96
96
96
96
96
96
96
97
97
97
98
98
98
99
99
99
99
99
99
101
101
101
101
102
103
103
103
104
105
105
106
106
107
107
108
109
109
110
111
111
111
112
113
113
113
113
114
115
115
115
115
115
117
117
117
117
117
117
119
119
119
119
119
119
119
119
119
120
120
120
120
120
120
120
120
119
119
119
119
119
118
118
118
116
116
116
115
114
114
114
113
112
112
112
110
110
110
109
108
108
107
106
106
104
104
103
102
102
101
100
99
98
97
96
95
94
93
93
91
91
90
89
89
89
88
87
87
87
87
87
87
87
86
86
86
85
85
85
85
85
85
85
85
85
85
86
86
86
87
88
88
88
89
90
90
91
92
92
92
93
94
94
95
96
96
97
98
98
99
99
99
100
100
100
100
101
101
101
101
100
100
100
100
100
100
100
100
100
99
98
98
98
97
96
96
95
95
94
94
93
92
92
91
91
90
90
89
88
88
87
87
86
86
85
85
84
83
83
82
82
81
81
81
80
79
79
78
78
77
76
76
76
75
74
74
74
74
74
74
74
74
74
74
75
76
76
76
77
77
77
77
77
77
77
76
76
76
77
78
78
78
80
80
80
81
82
83
84
85
87
87
89
89
89
90
91
92
92
91
92
92
92
93
92
92
89
86
83
81
38
35
1
1
1
1
1
1
1
1
1
1
1
1
1
1
1
1
1
1
1
1
1
1
1
1
1
1
1
1
1
1
1
1
1
1
1
1
1
1
1
1
1
1
1
1
1
1
1
1
1
1
1
1
1
1
1
1
1
1
1
1
1
1
1
1
1
1
1
1
1
1
1
1
1
1
1
1
1
1
1
1
1
1
1
