# Vetor de dados - syn_f002668-2-Pre--left--vetorlinha.txt
# Total de elementos: 768
# Formato: um valor por linha
#==================================================

1
1
1
1
1
1
1
1
1
1
1
1
1
1
1
1
1
1
1
1
1
1
1
1
1
1
1
1
1
1
1
1
1
1
1
1
1
1
1
1
1
1
1
1
1
1
1
1
1
1
1
1
1
1
1
1
1
1
1
1
1
1
1
1
1
1
1
1
1
1
1
1
1
1
1
1
1
1
1
1
1
1
1
1
1
1
1
1
1
1
1
1
1
1
1
1
1
1
1
1
1
1
1
1
1
1
1
1
1
1
1
1
1
1
1
1
1
1
1
1
1
1
1
1
1
1
1
1
1
1
1
1
1
1
1
1
1
1
1
1
1
1
16
24
31
36
40
44
47
50
52
54
56
58
60
62
63
65
65
67
67
69
69
71
71
72
72
73
73
73
73
73
73
73
73
74
74
75
75
75
76
77
77
78
79
79
80
80
81
81
80
79
77
76
73
71
70
70
70
69
67
67
66
66
66
65
64
65
65
66
66
66
66
66
66
65
64
63
62
60
58
58
58
56
55
55
54
54
55
55
55
55
56
170
178
205
213
222
235
257
279
279
280
279
278
278
275
274
271
265
265
264
249
246
239
205
202
201
198
194
191
188
185
180
173
165
154
149
142
132
126
115
110
106
102
98
95
96
98
99
100
100
101
102
102
102
103
103
104
104
104
104
104
104
105
105
105
105
105
104
104
104
103
103
103
103
103
101
100
100
98
98
97
97
96
96
97
96
96
97
97
97
97
97
96
96
97
96
95
95
94
94
94
93
94
94
93
93
93
94
94
94
94
94
95
94
94
94
94
95
94
94
94
93
93
93
93
93
93
93
94
94
95
94
95
95
95
96
96
96
97
98
98
99
100
100
101
102
102
102
103
104
104
104
105
105
105
106
106
106
106
106
106
106
106
107
107
107
106
106
106
106
105
105
105
104
104
104
103
102
102
101
100
100
99
99
98
96
95
94
93
93
91
89
88
86
85
84
83
83
82
82
81
80
80
79
78
77
77
76
77
76
76
75
75
75
75
74
75
75
74
74
74
74
74
74
74
74
74
75
75
75
75
75
75
74
74
74
74
74
74
74
75
75
75
74
74
74
73
73
73
73
73
73
72
72
72
72
72
72
71
70
70
70
69
69
69
69
68
67
67
66
66
66
65
64
63
63
62
62
60
60
59
58
58
57
57
56
55
55
54
54
54
53
53
54
54
54
54
54
54
54
55
55
56
56
56
56
56
57
56
57
56
57
56
57
56
56
56
55
55
55
55
54
53
52
52
52
51
51
50
51
50
50
50
50
50
50
49
49
49
49
49
50
50
50
51
51
51
51
52
52
51
51
51
51
51
51
51
51
51
51
51
50
50
50
50
50
50
49
48
48
48
47
47
47
46
45
45
45
43
43
42
42
42
40
40
40
39
38
38
37
37
37
37
36
36
37
37
37
36
37
37
37
38
39
39
39
40
41
43
44
46
48
51
53
56
58
67
70
73
75
77
78
80
81
85
86
85
85
86
86
86
76
52
55
59
64
67
71
75
78
81
84
86
87
89
90
89
89
87
86
85
83
78
64
57
51
44
38
36
23
1
1
1
1
1
1
1
1
1
1
1
1
1
1
1
1
1
1
1
1
1
1
1
1
1
1
1
1
1
1
1
1
1
1
1
1
1
1
1
1
1
1
1
1
1
1
1
1
1
1
1
1
1
1
1
1
1
1
1
1
1
1
1
1
1
1
1
1
1
1
1
1
1
1
1
1
