# Vetor de dados - syn_f001417-0-Pre--front--vetorcoluna.txt
# Total de elementos: 1024
# Formato: um valor por linha
#==================================================

1
1
1
1
1
1
1
1
1
1
1
1
1
1
1
1
1
1
1
1
1
1
1
1
1
1
1
1
1
1
1
1
1
1
1
1
1
1
1
1
1
1
1
1
1
1
1
1
1
1
1
1
1
1
1
1
1
1
1
1
1
1
1
1
1
1
1
1
1
1
1
1
1
1
1
1
1
1
1
1
1
1
1
1
1
1
1
1
1
1
1
1
1
1
1
1
1
1
1
1
1
1
1
1
1
1
1
1
1
1
1
1
1
1
1
1
1
1
1
1
1
1
1
1
1
1
1
1
1
1
1
1
1
1
1
1
1
1
1
1
1
1
1
1
1
1
1
1
1
1
1
1
1
1
1
1
1
1
1
1
1
1
1
1
1
1
1
1
1
1
1
1
1
1
1
1
1
1
1
1
1
1
1
1
1
1
1
1
1
1
1
1
1
1
1
1
1
1
1
1
1
1
1
1
1
1
1
1
1
1
1
1
1
1
1
1
1
1
1
1
1
1
1
1
1
1
1
1
1
1
1
1
1
1
1
1
1
1
1
1
1
1
1
1
1
1
32
32
32
32
32
32
1
1
1
1
1
1
1
1
1
1
1
33
33
33
33
33
33
33
33
34
34
1
1
1
1
1
1
1
1
1
1
1
1
1
1
1
1
1
1
1
1
1
35
35
35
35
35
35
35
35
35
35
35
35
35
35
35
35
35
36
36
36
36
36
36
36
36
36
36
36
36
36
36
36
36
36
36
36
36
36
36
36
36
36
36
36
36
36
36
37
37
37
37
37
37
37
37
37
37
37
38
38
38
39
39
39
38
39
39
39
39
40
39
39
39
40
40
39
39
40
40
40
39
40
40
40
40
40
40
40
40
41
41
40
40
40
40
40
40
40
40
40
40
40
40
41
40
40
40
40
40
41
41
41
41
41
42
42
42
42
42
42
42
42
42
42
42
43
43
43
43
43
43
43
42
43
43
43
44
44
43
44
44
45
46
46
47
48
50
51
52
52
53
54
271
273
276
279
282
289
295
302
316
324
376
383
390
397
404
412
419
490
492
492
491
491
492
494
496
496
496
496
496
495
497
498
499
500
501
501
501
500
475
469
538
514
509
504
502
499
496
493
490
485
480
460
449
442
440
437
434
433
431
427
388
382
377
371
370
374
382
389
425
428
430
432
435
436
439
442
467
480
487
491
495
501
506
509
511
513
514
517
457
470
501
501
501
500
499
498
497
496
495
496
496
497
497
497
496
495
495
494
492
491
419
413
407
401
395
389
382
374
324
305
295
289
284
280
276
273
60
59
58
57
56
55
54
52
51
50
49
48
47
47
46
45
45
45
44
44
44
44
43
43
43
43
43
43
42
42
42
42
42
42
42
41
41
41
41
41
41
41
40
40
40
40
40
40
40
40
40
40
40
39
39
39
39
39
39
39
39
39
39
39
39
38
39
39
39
39
39
38
38
39
39
39
39
39
39
39
39
39
39
39
39
39
39
39
38
38
39
39
39
38
38
38
38
38
37
37
37
37
37
37
36
36
35
35
35
35
35
35
35
34
34
34
34
34
33
32
32
32
32
32
32
31
30
30
30
30
30
29
29
28
28
28
27
27
27
27
26
26
26
26
25
25
25
25
23
23
23
22
22
22
21
21
21
21
21
21
21
21
21
21
21
21
21
21
21
21
21
21
20
20
20
21
21
21
21
21
22
22
21
21
21
21
21
20
20
20
20
20
20
20
19
19
19
20
21
21
21
20
21
21
21
21
21
21
20
20
18
16
16
14
14
1
1
1
1
1
1
1
1
1
1
1
1
1
1
1
1
1
1
1
1
1
1
1
1
1
1
1
1
1
1
1
1
1
1
1
1
1
1
1
1
1
1
1
1
1
1
1
1
1
1
1
1
1
1
1
1
1
1
1
1
1
1
1
1
1
1
1
1
1
1
1
1
1
1
1
1
1
1
1
1
1
1
1
1
1
1
1
1
1
1
1
1
1
1
1
1
1
1
1
1
1
1
1
1
1
1
1
1
1
1
1
1
1
1
1
1
1
1
1
1
1
1
1
1
1
1
1
1
1
1
1
1
1
1
1
1
1
1
1
1
1
1
1
1
1
1
1
1
1
1
1
1
1
1
1
1
1
1
1
1
1
1
1
1
1
1
1
1
1
1
1
1
1
1
1
1
1
1
1
1
1
1
1
1
1
1
1
1
1
1
1
1
1
1
1
1
1
1
1
1
1
1
1
1
1
1
1
1
1
1
1
1
1
1
1
1
1
1
1
1
1
1
1
1
1
1
1
1
1
1
1
1
1
1
1
1
1
