# Vetor de dados - syn_f004264-1-Pre--front--vetorcoluna.txt
# Total de elementos: 1024
# Formato: um valor por linha
#==================================================

1
1
1
1
1
1
1
1
1
1
1
1
1
1
1
1
1
1
1
1
1
1
1
1
1
1
1
1
1
1
1
1
1
1
1
1
1
1
1
1
1
1
1
1
1
1
1
1
1
1
1
1
1
1
1
1
1
1
1
1
1
1
1
1
1
1
1
1
1
1
1
1
1
1
1
1
1
1
1
1
1
1
1
1
1
1
1
1
1
1
1
1
1
1
1
1
1
1
1
1
1
1
1
1
1
1
1
1
1
1
1
1
1
1
1
1
1
1
1
1
1
1
1
1
1
1
1
1
1
1
1
1
1
1
1
1
1
1
1
1
1
1
1
1
1
1
1
1
1
1
1
1
1
1
1
1
1
1
1
1
1
1
1
1
1
1
1
1
1
1
1
1
1
1
1
1
1
1
1
1
1
1
1
1
1
1
1
1
1
1
1
1
1
1
1
1
1
1
1
1
1
1
1
1
1
1
1
1
1
1
1
1
1
1
1
1
1
1
1
1
1
1
1
1
1
1
1
1
1
1
1
1
1
1
1
1
1
1
1
1
1
1
1
1
6
8
8
8
8
8
8
8
8
8
8
8
8
8
9
9
9
9
10
10
10
17
18
18
18
18
18
18
18
18
18
18
18
18
17
17
17
18
18
18
19
19
19
20
20
20
19
19
20
20
19
19
18
18
18
17
18
18
18
18
18
18
18
18
18
18
20
18
18
20
20
21
21
21
22
22
22
22
22
23
23
23
24
25
25
25
25
25
27
27
27
27
28
28
29
29
29
29
30
30
31
31
31
31
31
31
31
32
32
32
32
32
33
33
33
33
34
34
34
34
33
33
33
33
33
33
33
34
33
33
33
33
33
32
32
33
33
33
33
33
33
33
34
34
34
34
34
34
35
35
34
35
35
36
36
36
36
37
37
37
37
37
38
38
38
38
38
38
38
39
39
39
39
39
40
40
40
40
40
40
40
40
40
40
41
41
41
41
41
41
41
42
42
42
43
43
43
43
43
44
44
46
46
48
50
52
54
55
56
58
59
61
62
269
271
274
277
281
286
359
363
367
370
373
377
380
444
445
446
446
445
447
447
447
447
447
446
445
446
447
447
449
449
449
448
447
516
488
466
463
460
457
455
452
448
444
440
435
426
402
398
394
391
387
359
353
348
351
357
362
392
395
397
401
408
437
443
448
452
455
457
460
462
465
467
470
473
523
524
523
524
452
452
452
451
450
450
449
450
450
451
451
450
449
450
449
446
446
383
379
375
370
367
363
360
294
289
284
281
277
274
271
60
58
57
56
55
54
52
51
50
48
47
45
44
44
44
43
43
43
43
43
42
42
42
42
41
41
41
40
40
40
40
39
40
40
40
39
39
39
39
38
38
38
38
38
38
37
37
37
37
37
37
36
36
36
36
36
36
35
35
35
35
35
34
34
34
34
34
34
34
34
34
34
34
34
34
34
34
34
34
34
34
34
34
34
34
34
34
34
34
34
34
34
34
34
34
34
34
34
34
34
34
34
34
34
34
34
34
34
34
34
34
34
34
34
34
34
34
34
34
34
34
34
34
34
34
34
33
33
33
33
33
33
33
33
33
32
32
32
32
32
32
31
31
31
31
31
31
31
30
30
30
30
30
30
30
31
31
31
32
32
33
34
34
35
35
35
35
36
36
36
36
36
36
36
36
36
37
37
37
38
38
38
39
39
39
39
1
1
1
1
1
1
1
1
1
1
1
1
1
1
1
1
1
1
1
1
1
1
1
1
1
1
1
1
1
1
1
1
1
1
1
1
1
1
1
1
1
1
1
1
1
1
1
1
1
1
1
1
1
1
1
1
1
1
1
1
1
1
1
1
1
1
1
1
1
1
1
1
1
1
1
1
1
1
1
1
1
1
1
1
1
1
1
1
1
1
1
1
1
1
1
1
1
1
1
1
1
1
1
1
1
1
1
1
1
1
1
1
1
1
1
1
1
1
1
1
1
1
1
1
1
1
1
1
1
1
1
1
1
1
1
1
1
1
1
1
1
1
1
1
1
1
1
1
1
1
1
1
1
1
1
1
1
1
1
1
1
1
1
1
1
1
1
1
1
1
1
1
1
1
1
1
1
1
1
1
1
1
1
1
1
1
1
1
1
1
1
1
1
1
1
1
1
1
1
1
1
1
1
1
1
1
1
1
1
1
1
1
1
1
1
1
1
1
1
1
1
1
1
1
1
1
1
1
1
1
1
1
1
1
1
1
1
1
1
1
1
1
1
1
1
1
1
1
1
1
1
1
1
1
1
1
1
1
1
1
1
1
1
1
1
1
1
1
1
1
1
1
