# Vetor de dados - syn_f002515-1-Pre--front--vetorlinha.txt
# Total de elementos: 768
# Formato: um valor por linha
#==================================================

1
1
1
1
1
1
1
1
1
1
1
1
1
1
1
1
1
1
1
1
1
1
1
1
1
1
1
1
1
1
1
1
1
1
1
1
1
1
1
1
1
1
1
1
1
1
1
1
1
1
1
1
1
1
1
1
1
1
1
1
1
1
1
1
1
1
1
1
1
1
1
1
1
1
1
1
1
1
1
1
1
1
1
1
1
1
1
1
1
1
1
1
1
1
1
1
1
1
1
1
1
1
1
1
1
1
1
1
1
1
1
1
1
1
1
1
1
1
1
1
12
22
26
29
33
36
38
40
42
44
46
47
48
50
50
52
52
54
54
55
56
57
57
58
58
59
59
59
59
59
59
59
59
59
59
59
58
58
58
61
64
66
66
66
66
66
65
65
64
64
63
62
61
61
59
57
57
55
52
48
48
47
46
46
46
44
44
44
42
42
42
42
42
42
42
42
41
41
41
41
41
41
41
41
40
41
42
43
46
49
54
57
62
66
71
239
265
277
293
362
368
372
376
381
387
393
453
451
450
455
462
468
475
483
491
495
429
427
426
427
428
428
433
437
443
438
432
426
417
410
402
381
377
372
363
213
198
189
176
158
151
147
144
142
139
139
137
136
135
133
131
130
129
127
125
124
123
121
121
120
119
119
119
118
117
117
117
117
117
116
115
115
115
113
113
113
113
113
111
111
110
109
109
108
108
108
106
106
106
106
106
106
106
107
107
106
106
106
106
106
106
105
105
105
105
105
104
104
103
103
103
102
102
102
102
102
102
102
102
102
103
103
103
105
105
106
107
109
109
110
111
113
113
114
116
116
118
118
120
121
122
124
124
126
126
127
128
128
129
130
130
131
132
132
132
134
134
134
135
136
136
136
136
137
137
138
138
139
139
138
138
138
138
139
139
139
140
140
140
141
141
141
141
141
141
142
143
143
143
143
145
145
145
145
147
147
147
147
148
148
148
148
148
148
148
148
149
149
149
149
149
149
149
149
148
148
148
147
147
147
147
147
146
145
145
145
145
145
144
143
143
143
143
143
142
141
141
141
141
141
140
139
139
139
139
139
139
137
137
137
137
137
135
135
134
133
132
132
131
130
130
129
128
128
127
127
126
126
125
125
124
124
124
123
123
123
122
122
122
121
121
120
120
120
119
119
118
118
117
117
116
116
116
116
114
114
114
114
114
114
114
113
113
113
113
112
112
112
112
112
112
112
112
112
111
111
111
111
111
110
110
110
110
110
110
110
109
109
109
109
109
109
109
109
109
110
110
110
110
110
110
110
111
112
112
112
112
112
112
112
112
112
113
112
113
113
113
113
113
113
113
112
112
112
112
112
111
111
111
110
110
110
110
110
110
108
108
108
108
108
107
106
106
106
106
106
105
104
104
104
104
103
103
102
102
102
102
101
101
100
100
100
100
99
99
99
99
98
98
98
97
97
97
97
96
95
95
95
95
95
94
93
93
93
93
91
91
91
91
91
91
91
91
89
89
89
91
91
91
91
91
91
91
92
92
92
91
91
91
91
91
91
92
92
93
94
94
94
95
95
96
97
97
99
100
101
102
103
104
104
106
106
108
108
108
109
108
108
108
107
107
106
105
102
100
97
93
91
42
1
1
1
1
1
1
1
1
1
1
1
1
1
1
1
1
1
1
1
1
1
1
1
1
1
1
1
1
1
1
1
1
1
1
1
1
1
1
1
1
1
1
1
1
1
1
1
1
1
1
1
1
1
1
1
1
1
1
1
