# Vetor de dados - syn_f004011-2-Pre--left--vetorlinha.txt
# Total de elementos: 768
# Formato: um valor por linha
#==================================================

1
1
1
1
1
1
1
1
1
1
1
1
1
1
1
1
1
1
1
1
1
1
1
1
1
1
1
1
1
1
1
1
1
1
1
1
1
1
1
1
1
1
1
1
1
1
1
1
1
1
1
1
1
1
1
1
1
1
1
1
1
1
1
1
1
1
1
1
1
1
1
1
1
1
1
1
1
1
1
1
1
1
1
1
1
1
1
1
1
1
1
1
1
1
1
1
1
1
1
1
1
1
1
1
1
1
1
1
1
1
1
1
1
1
1
1
1
1
20
27
33
38
42
46
48
51
54
56
58
60
62
63
65
67
67
69
69
70
71
72
73
73
74
75
75
75
75
75
75
75
76
77
77
77
78
78
79
79
80
81
81
82
82
83
84
84
84
84
83
82
81
78
77
75
74
73
73
71
70
69
69
68
68
66
66
66
65
64
64
64
64
64
63
62
61
59
54
46
45
45
45
44
45
44
44
44
45
44
45
46
46
46
47
48
48
49
49
50
50
51
51
53
53
55
57
58
59
62
65
71
84
95
146
153
161
166
170
175
179
183
188
191
195
199
205
211
222
226
230
233
236
240
244
251
255
259
264
271
277
282
292
294
294
294
293
291
288
285
86
86
86
87
87
87
87
87
87
87
87
87
87
88
88
88
88
87
86
86
86
86
85
85
84
84
83
82
82
82
82
81
81
82
82
81
81
81
81
81
81
80
80
80
80
80
80
79
79
79
79
79
79
79
78
78
76
76
76
75
75
74
74
74
72
72
71
71
71
70
70
70
70
70
69
69
69
69
69
70
70
70
72
72
73
75
75
77
77
79
80
81
82
83
83
84
83
84
86
86
87
87
88
89
89
90
91
92
92
92
93
94
94
95
95
96
96
97
97
98
98
98
98
99
99
99
99
99
99
99
99
99
99
99
99
98
98
97
96
96
96
94
93
92
92
90
89
89
88
86
86
86
85
85
86
85
85
85
84
84
83
84
83
82
81
80
80
79
78
77
76
75
74
74
74
74
74
73
73
73
72
72
72
72
72
72
72
73
73
73
73
73
73
74
74
74
74
74
74
74
74
74
74
74
74
74
74
74
73
73
73
72
72
72
72
72
72
72
72
72
71
71
71
71
71
71
71
70
70
70
70
69
69
69
69
69
68
68
68
68
67
66
66
66
65
65
65
64
64
64
64
62
62
62
61
61
61
61
60
60
59
59
59
58
59
58
58
58
58
58
58
59
59
59
59
60
60
61
61
62
62
63
63
62
63
62
63
62
63
62
62
62
61
61
61
60
60
59
59
58
58
57
57
56
55
55
55
54
53
53
53
53
53
53
52
52
52
52
52
52
52
51
51
52
52
52
51
51
52
52
52
51
51
51
51
51
50
50
50
50
50
50
49
49
48
48
48
48
47
46
46
46
46
44
44
44
44
44
43
42
42
41
41
41
40
40
40
40
38
38
38
37
37
37
37
37
37
37
37
38
37
38
38
38
39
38
39
40
40
41
42
43
45
47
49
52
54
56
59
61
63
66
69
73
76
77
78
79
81
82
85
87
89
89
89
88
89
68
55
58
61
64
67
72
75
78
80
84
87
89
91
92
94
94
93
92
89
87
86
85
71
61
54
49
43
41
34
1
1
1
1
1
1
1
1
1
1
1
1
1
1
1
1
1
1
1
1
1
1
1
1
1
1
1
1
1
1
1
1
1
1
1
1
1
1
1
1
1
1
1
1
1
1
1
1
1
1
1
1
1
