# Vetor de dados - syn_f000184-1-Pre--front--vetorcoluna.txt
# Total de elementos: 1024
# Formato: um valor por linha
#==================================================

1
1
1
1
1
1
1
1
1
1
1
1
1
1
1
1
1
1
1
1
1
1
1
1
1
1
1
1
1
1
1
1
1
1
1
1
1
1
1
1
1
1
1
1
1
1
1
1
1
1
1
1
1
1
1
1
1
1
1
1
1
1
1
1
1
1
1
1
1
1
1
1
1
1
1
1
1
1
1
1
1
1
1
1
1
1
1
1
1
1
1
1
1
1
1
1
1
1
1
1
1
1
1
1
1
1
1
1
1
1
1
1
1
1
1
1
1
1
1
1
1
1
1
1
1
1
1
1
1
1
1
1
1
1
1
1
1
1
1
1
1
1
1
1
1
1
1
1
1
1
1
1
1
1
1
1
1
1
1
1
1
1
1
1
1
1
1
1
1
1
1
1
1
1
1
1
1
1
1
1
1
1
1
1
1
1
1
1
1
1
1
1
1
1
1
1
1
1
1
1
1
1
1
1
1
1
1
1
1
1
1
1
1
1
1
1
1
1
1
1
1
1
1
6
8
8
8
8
8
8
8
8
8
8
8
8
8
8
9
9
10
10
10
10
12
12
17
18
18
19
19
20
19
19
19
19
19
20
20
19
19
19
18
18
20
20
20
20
20
19
21
21
21
21
21
21
21
21
20
21
20
19
18
20
19
19
19
18
19
19
19
19
19
19
19
21
21
21
22
22
22
22
23
23
23
24
24
25
25
25
25
25
27
27
27
27
27
27
27
29
29
29
29
29
30
31
31
31
31
31
31
32
32
33
33
33
33
33
33
33
35
35
35
35
35
35
35
35
36
37
37
37
37
37
37
37
37
37
37
38
38
38
38
37
37
37
37
37
37
36
36
36
36
35
35
35
35
35
35
35
35
35
35
35
35
35
35
35
34
34
34
34
34
34
34
34
34
34
34
34
35
35
35
35
35
35
35
35
35
35
35
35
36
36
36
36
36
36
36
36
36
37
37
37
38
38
38
38
39
39
40
40
41
41
41
42
42
42
44
44
45
45
47
48
50
51
53
55
57
58
59
61
62
65
66
68
68
71
80
84
88
266
271
275
278
282
288
293
380
385
389
393
397
401
473
474
476
476
475
475
476
477
478
478
478
479
478
478
478
480
548
551
552
554
555
555
477
474
471
468
465
462
460
455
409
405
402
400
396
351
340
333
327
321
318
329
334
339
346
353
362
395
399
401
404
406
454
456
459
461
465
467
470
473
552
551
479
477
477
476
474
473
475
474
475
474
475
474
473
471
471
472
472
472
471
404
399
395
390
386
381
375
292
287
283
279
273
266
79
72
68
67
66
64
62
61
59
58
56
54
53
51
49
48
46
44
43
42
42
40
40
39
39
38
37
37
37
37
36
36
36
36
36
34
34
34
34
34
34
34
34
34
34
34
34
34
34
34
34
34
34
34
34
34
34
34
34
34
34
34
34
34
34
34
34
34
34
34
34
34
35
35
35
35
35
35
35
35
35
35
36
36
37
37
37
37
37
37
37
37
37
38
38
37
37
37
37
37
37
36
36
36
36
36
36
36
35
35
35
35
35
35
35
35
34
33
33
33
33
33
33
33
31
31
31
31
31
31
31
30
30
29
29
29
29
29
28
27
27
27
27
27
27
26
25
25
25
25
25
25
25
24
23
23
23
23
23
23
23
23
23
23
21
21
21
21
21
21
21
20
21
21
21
21
22
22
21
22
22
21
21
22
22
22
21
21
21
21
19
19
19
19
20
20
20
21
19
20
21
21
21
19
20
20
20
19
19
18
17
12
12
12
12
12
10
10
10
12
12
12
12
12
12
12
12
12
10
10
10
9
8
1
1
1
1
1
1
1
1
1
1
1
1
1
1
1
1
1
1
1
1
1
1
1
1
1
1
1
1
1
1
1
1
1
1
1
1
1
1
1
1
1
1
1
1
1
1
1
1
1
1
1
1
1
1
1
1
1
1
1
1
1
1
1
1
1
1
1
1
1
1
1
1
1
1
1
1
1
1
1
1
1
1
1
1
1
1
1
1
1
1
1
1
1
1
1
1
1
1
1
1
1
1
1
1
1
1
1
1
1
1
1
1
1
1
1
1
1
1
1
1
1
1
1
1
1
1
1
1
1
1
1
1
1
1
1
1
1
1
1
1
1
1
1
1
1
1
1
1
1
1
1
1
1
1
1
1
1
1
1
1
1
1
1
1
1
1
1
1
1
1
1
1
1
1
1
1
1
1
1
1
1
1
1
1
1
1
1
1
1
1
1
1
1
1
1
1
1
1
1
1
1
1
1
1
1
1
1
1
1
1
1
1
1
1
1
1
1
1
1
1
1
1
1
