# Vetor de dados - syn_f004138-0-Pre--front--vetorcoluna.txt
# Total de elementos: 1024
# Formato: um valor por linha
#==================================================

1
1
1
1
1
1
1
1
1
1
1
1
1
1
1
1
1
1
1
1
1
1
1
1
1
1
1
1
1
1
1
1
1
1
1
1
1
1
1
1
1
1
1
1
1
1
1
1
1
1
1
1
1
1
1
1
1
1
1
1
1
1
1
1
1
1
1
1
1
1
1
1
1
1
1
1
1
1
1
1
1
1
1
1
1
1
1
1
1
1
1
1
1
1
1
1
1
1
1
1
1
1
1
1
1
1
1
1
1
1
1
1
1
1
1
1
1
1
1
1
1
1
1
1
1
1
1
1
1
1
1
1
1
1
1
1
1
1
1
1
1
1
1
1
1
1
1
1
1
1
1
1
1
1
1
1
1
1
1
1
1
1
1
1
1
1
1
1
1
1
1
1
1
1
1
1
1
1
1
1
1
1
1
1
1
1
1
1
1
1
1
1
1
1
1
1
1
1
1
1
1
1
1
1
1
1
1
1
1
1
1
1
1
1
1
1
1
1
1
1
1
1
1
1
1
1
1
1
1
1
1
1
1
1
1
1
1
1
1
1
1
1
1
1
1
1
1
1
1
1
1
1
1
1
1
1
1
1
1
1
1
1
1
1
1
1
1
1
1
1
1
1
1
1
1
1
1
1
1
1
1
1
1
1
1
1
1
1
1
1
1
1
1
1
1
1
1
1
1
1
1
1
1
1
1
1
1
1
1
1
1
42
42
42
42
42
42
42
42
42
42
42
42
42
42
42
42
42
42
42
42
43
43
43
43
43
43
43
43
43
43
43
42
42
42
42
42
42
42
42
42
41
41
41
41
41
41
41
40
40
40
40
40
40
40
39
39
39
39
39
39
39
39
39
39
39
39
39
39
38
38
38
38
38
38
38
39
39
39
39
39
39
39
39
39
39
39
39
39
39
39
39
39
39
39
39
39
39
39
39
39
39
39
40
40
40
40
40
40
40
40
40
40
40
40
40
41
41
41
41
41
42
42
43
44
45
45
46
48
49
51
52
54
55
56
57
58
60
61
61
62
63
64
65
66
67
68
289
294
299
305
310
404
411
418
424
430
436
441
514
515
516
516
515
516
518
518
517
517
516
515
516
517
517
518
519
519
519
518
517
514
452
523
518
513
509
504
498
493
487
445
441
437
434
431
426
409
379
370
364
360
356
348
348
353
357
362
366
369
374
380
388
417
425
429
432
434
438
487
492
497
501
507
512
517
520
445
450
513
515
515
516
515
515
515
514
514
513
514
514
515
515
515
515
514
515
514
513
513
439
434
429
423
418
412
405
330
321
309
302
62
61
61
60
59
58
56
55
54
53
52
50
49
49
48
47
46
46
45
45
44
44
43
43
42
41
41
41
40
40
40
40
38
38
38
38
37
37
37
37
37
36
36
36
36
36
36
35
34
34
34
34
34
33
33
33
33
33
33
32
32
32
32
32
32
32
32
31
31
31
31
31
31
31
31
31
31
31
31
31
31
31
31
31
31
31
31
31
31
31
31
31
31
32
32
32
32
31
32
31
32
32
32
32
32
32
32
32
32
32
32
32
31
31
31
31
31
31
31
31
31
31
31
31
30
30
29
29
29
29
28
28
28
28
28
27
26
26
26
26
26
25
25
25
24
24
24
23
23
23
23
23
23
23
22
22
22
22
22
22
22
22
21
21
21
21
21
21
21
21
21
21
21
20
20
20
20
20
20
20
20
20
19
19
19
19
19
19
19
18
18
18
18
19
20
18
19
19
19
20
20
19
19
19
19
19
20
18
18
18
18
18
19
20
18
19
19
20
20
20
19
19
19
18
18
17
16
13
13
13
13
12
12
12
12
12
12
12
1
1
1
1
1
1
1
1
1
1
1
1
1
1
1
1
1
1
1
1
1
1
1
1
1
1
1
1
1
1
1
1
1
1
1
1
1
1
1
1
1
1
1
1
1
1
1
1
1
1
1
1
1
1
1
1
1
1
1
1
1
1
1
1
1
1
1
1
1
1
1
1
1
1
1
1
1
1
1
1
1
1
1
1
1
1
1
1
1
1
1
1
1
1
1
1
1
1
1
1
1
1
1
1
1
1
1
1
1
1
1
1
1
1
1
1
1
1
1
1
1
1
1
1
1
1
1
1
1
1
1
1
1
1
1
1
1
1
1
1
1
1
1
1
1
1
1
1
1
1
1
1
1
1
1
1
1
1
1
1
1
1
1
1
1
1
1
1
1
1
1
1
1
1
1
1
1
1
1
1
1
1
1
1
1
1
1
1
1
1
1
1
1
1
1
1
1
1
1
1
1
1
1
1
1
1
1
1
1
1
1
1
1
1
1
1
