# Vetor de dados - syn_f002527-2-Pre--front--vetorlinha.txt
# Total de elementos: 768
# Formato: um valor por linha
#==================================================

1
1
1
1
1
1
1
1
1
1
1
1
1
1
1
1
1
1
1
1
1
1
1
1
1
1
1
1
1
1
1
1
1
1
1
1
1
1
1
1
1
1
1
1
1
1
1
1
1
1
1
1
1
1
1
1
1
1
1
1
1
1
1
1
1
1
1
1
1
1
1
1
1
1
1
1
1
1
1
1
1
1
1
1
1
1
1
1
1
1
1
1
1
1
1
1
1
1
1
1
1
1
1
1
1
1
1
1
1
1
1
1
1
1
1
1
1
1
1
1
1
1
1
8
21
25
29
33
37
39
41
43
45
47
49
50
51
53
54
55
57
57
58
59
59
61
61
61
61
62
62
63
63
63
63
62
62
62
62
61
61
65
69
70
70
70
70
70
70
69
68
68
68
67
66
66
64
64
62
62
58
55
55
54
54
53
52
51
51
49
48
47
48
48
48
48
48
48
48
48
48
48
48
49
49
49
53
58
63
71
79
84
99
120
151
167
176
282
291
300
315
333
354
366
428
440
452
464
473
490
504
520
525
531
545
546
548
549
535
535
541
546
550
555
564
498
497
497
489
470
434
427
418
362
359
155
151
149
147
146
144
143
142
141
140
139
138
137
136
134
132
131
130
129
127
127
126
125
125
123
123
123
121
121
121
120
119
118
118
118
117
116
115
115
114
114
112
111
110
109
108
108
107
107
107
107
107
109
109
109
110
110
109
109
108
108
108
108
108
108
107
107
107
107
107
107
106
107
107
107
107
107
108
108
108
108
109
110
110
111
111
111
112
112
112
113
114
114
114
114
114
115
116
117
117
119
119
121
121
123
123
125
125
126
127
127
127
128
128
128
128
128
128
128
128
128
128
128
128
128
128
128
128
129
129
129
130
130
130
130
131
131
131
131
131
132
132
133
133
133
133
134
134
135
135
135
136
136
137
137
137
137
137
137
137
137
137
137
137
137
137
138
138
138
138
138
138
138
138
138
138
138
137
137
137
137
137
137
137
137
137
137
136
136
136
136
136
135
135
135
135
134
134
134
134
133
133
132
132
132
131
131
131
130
130
129
129
128
127
127
126
126
125
124
124
123
123
122
122
121
121
120
120
119
119
119
118
117
116
116
115
114
114
114
112
112
112
110
110
110
109
108
108
107
107
106
106
106
105
104
104
103
103
103
103
103
103
103
103
103
103
103
103
103
103
103
103
103
103
102
102
102
102
102
102
102
102
102
102
102
102
103
104
104
104
104
104
105
105
106
106
107
107
108
108
109
110
110
110
111
111
112
112
112
113
114
114
114
114
114
114
114
114
114
114
115
115
115
115
115
114
114
114
114
114
114
114
114
114
113
113
113
112
112
112
112
111
111
110
110
110
110
109
109
108
108
108
107
106
106
106
106
104
104
104
104
104
102
102
102
102
101
100
100
100
100
98
98
98
98
97
96
96
96
96
95
94
94
94
93
93
92
92
92
92
91
91
91
91
91
91
91
91
91
92
93
93
93
93
93
94
93
94
94
93
93
93
93
93
95
95
95
97
97
98
99
99
101
101
103
103
105
107
107
109
109
111
111
113
113
115
115
115
115
114
114
114
113
112
110
108
106
104
102
96
93
40
1
1
1
1
1
1
1
1
1
1
1
1
1
1
1
1
1
1
1
1
1
1
1
1
1
1
1
1
1
1
1
1
1
1
1
1
1
1
1
1
1
1
1
1
1
1
1
1
1
1
1
1
1
1
1
1
1
1
1
1
1
