# Vetor de dados - syn_f001670-2-Pre--front--vetorcoluna.txt
# Total de elementos: 1024
# Formato: um valor por linha
#==================================================

1
1
1
1
1
1
1
1
1
1
1
1
1
1
1
1
1
1
1
1
1
1
1
1
1
1
1
1
1
1
1
1
1
1
1
1
1
1
1
1
1
1
1
1
1
1
1
1
1
1
1
1
1
1
1
1
1
1
1
1
1
1
1
1
1
1
1
1
1
1
1
1
1
1
1
1
1
1
1
1
1
1
1
1
1
1
1
1
1
1
1
1
1
1
1
1
1
1
1
1
1
1
1
1
1
1
1
1
1
1
1
1
1
1
1
1
1
1
1
1
1
1
1
1
1
1
1
1
1
1
1
1
1
1
1
1
1
1
1
1
1
1
1
1
1
1
1
1
1
1
1
1
1
1
1
1
1
1
1
1
1
1
1
1
1
1
1
1
1
1
1
1
1
1
1
1
1
1
1
1
1
1
1
1
1
1
1
1
1
1
1
1
1
1
1
1
1
1
1
1
1
1
1
1
1
1
1
1
1
1
1
1
1
1
1
1
1
1
1
6
8
8
8
8
8
8
8
8
8
8
8
9
9
9
9
9
9
9
9
9
16
17
18
18
18
18
18
18
18
18
17
18
18
18
18
17
17
18
18
18
18
20
19
19
19
20
20
19
19
20
19
19
20
18
18
17
17
17
17
16
16
17
17
17
17
18
18
18
18
18
19
19
19
20
20
21
21
21
21
22
22
23
23
23
23
24
24
24
24
24
25
25
26
26
27
27
27
27
27
28
28
28
28
29
30
30
30
30
30
30
31
31
31
31
31
31
31
31
31
31
31
32
32
32
32
32
32
32
32
32
33
33
33
33
32
32
32
32
32
32
31
31
31
31
31
31
31
29
29
29
29
29
29
28
28
28
28
28
28
28
27
27
27
27
27
27
27
27
28
28
28
28
29
29
29
30
30
30
30
30
30
30
30
30
30
30
30
31
31
31
31
31
31
31
31
32
32
33
33
33
33
33
34
34
35
35
35
36
36
37
38
38
38
39
40
40
41
42
42
42
44
44
44
45
46
46
47
49
50
53
56
58
60
61
63
66
67
287
289
291
294
296
299
302
305
309
397
402
407
412
418
423
495
497
498
498
497
499
499
499
499
499
499
498
500
502
503
504
505
505
506
578
506
503
499
495
491
487
482
423
419
415
406
366
358
352
347
344
339
335
330
326
314
328
333
337
341
345
348
352
356
363
379
410
415
418
420
476
481
485
490
495
504
508
577
577
506
505
505
504
502
501
499
500
501
501
502
501
501
499
499
497
496
430
426
421
416
410
405
400
396
312
305
301
298
295
292
288
65
63
61
59
58
57
56
53
51
49
48
45
43
43
42
41
41
39
38
38
37
36
36
35
35
34
33
33
33
33
31
31
31
31
31
31
30
30
31
31
31
31
31
31
30
30
30
30
30
30
30
30
29
29
29
29
29
29
29
29
29
29
29
29
29
29
29
29
29
29
29
29
29
29
28
28
29
29
29
29
29
29
30
30
30
30
30
30
30
32
32
32
32
32
32
32
32
32
32
32
32
32
32
32
32
32
32
32
32
32
32
32
32
32
31
31
31
31
30
30
30
30
30
30
30
28
28
28
28
28
28
28
28
27
27
27
27
26
26
25
25
25
25
25
25
23
23
23
23
23
23
23
22
21
21
21
21
21
21
21
20
20
20
20
20
20
20
20
20
20
20
20
20
20
19
19
19
19
19
19
20
18
19
20
20
19
19
20
20
20
20
19
19
19
19
19
19
19
18
18
18
18
18
19
20
20
19
19
19
19
19
19
19
18
18
17
14
14
1
1
1
1
1
1
1
1
1
1
1
1
1
1
1
1
1
1
1
1
1
1
1
1
1
1
1
1
1
1
1
1
1
1
1
1
1
1
1
1
1
1
1
1
1
1
1
1
1
1
1
1
1
1
1
1
1
1
1
1
1
1
1
1
1
1
1
1
1
1
1
1
1
1
1
1
1
1
1
1
1
1
1
1
1
1
1
1
1
1
1
1
1
1
1
1
1
1
1
1
1
1
1
1
1
1
1
1
1
1
1
1
1
1
1
1
1
1
1
1
1
1
1
1
1
1
1
1
1
1
1
1
1
1
1
1
1
1
1
1
1
1
1
1
1
1
1
1
1
1
1
1
1
1
1
1
1
1
1
1
1
1
1
1
1
1
1
1
1
1
1
1
1
1
1
1
1
1
1
1
1
1
1
1
1
1
1
1
1
1
1
1
1
1
1
1
1
1
1
1
1
1
1
1
1
1
1
1
1
1
1
1
1
1
1
1
1
1
1
1
1
1
1
1
1
1
1
1
1
1
1
1
1
1
1
1
1
1
