# Vetor de dados - syn_f003798-1-Pre--front--vetorlinha.txt
# Total de elementos: 768
# Formato: um valor por linha
#==================================================

1
1
1
1
1
1
1
1
1
1
1
1
1
1
1
1
1
1
1
1
1
1
1
1
1
1
1
1
1
1
1
1
1
1
1
1
1
1
1
1
1
1
1
1
1
1
1
1
1
1
1
1
1
1
1
1
1
1
1
1
1
1
1
1
1
1
1
1
1
1
1
1
1
1
1
1
1
1
1
1
1
1
1
1
1
1
1
1
1
1
1
1
1
1
1
1
1
1
1
1
1
1
1
1
1
1
1
1
1
1
1
1
1
1
1
1
1
1
1
1
1
1
1
1
1
1
12
22
26
30
34
36
39
42
44
46
46
48
50
51
52
53
54
55
56
57
57
58
59
59
60
60
60
60
60
60
60
60
60
60
60
59
59
64
66
68
68
68
68
67
67
66
66
65
64
64
64
62
60
60
58
57
51
51
50
49
49
48
47
47
46
46
46
46
46
46
46
46
46
46
46
46
46
45
45
45
45
46
46
47
49
51
54
56
60
63
67
70
76
81
98
117
154
166
252
278
359
375
388
404
423
439
464
474
487
512
536
542
555
572
572
572
569
562
548
546
543
525
528
528
527
436
429
329
311
245
234
223
211
196
167
159
154
150
147
146
146
144
144
142
142
140
140
140
138
137
135
134
133
131
130
130
128
127
127
125
125
124
122
122
121
120
120
119
119
118
117
117
117
115
115
115
114
114
113
112
111
111
110
110
110
110
109
109
108
108
108
108
108
108
108
108
108
108
108
108
108
108
108
108
108
108
108
108
107
107
107
107
107
108
108
108
108
108
108
108
108
107
107
107
107
106
105
105
105
105
106
106
106
106
107
107
108
109
110
111
113
114
116
117
119
120
121
122
124
124
126
126
127
128
129
129
129
129
130
130
131
131
131
131
131
132
132
132
132
133
133
133
133
133
133
133
133
134
134
134
134
134
134
134
134
135
135
135
134
135
135
135
136
136
137
137
138
138
139
139
139
140
140
140
140
141
141
141
142
142
142
142
143
143
143
143
143
143
143
143
143
143
143
143
143
143
142
142
142
142
142
142
142
142
141
141
140
140
140
140
140
140
140
139
138
138
138
137
136
136
136
135
135
134
133
132
132
131
130
130
129
128
128
127
127
126
126
126
125
124
124
124
123
123
122
122
121
121
120
119
119
119
118
117
117
116
116
115
115
114
114
113
112
112
112
112
111
111
110
110
110
110
109
108
108
108
108
108
107
106
106
106
106
105
105
104
103
103
103
103
103
103
103
104
104
105
105
105
105
105
105
105
106
106
106
107
107
108
108
108
109
109
110
110
110
111
111
111
111
111
111
111
111
111
111
111
112
112
111
111
111
110
110
110
110
110
110
110
108
108
108
108
108
106
106
106
106
106
104
104
104
104
102
102
102
102
101
100
100
100
100
99
98
98
98
97
96
96
96
95
95
94
94
94
93
92
92
92
91
91
90
90
90
90
89
89
89
89
89
90
90
90
90
90
90
91
92
92
92
92
93
93
93
93
93
94
93
93
94
95
96
96
98
98
100
100
101
102
103
104
106
107
109
110
112
113
115
115
117
117
117
117
117
117
117
116
114
113
110
109
107
105
99
96
51
50
47
1
1
1
1
1
1
1
1
1
1
1
1
1
1
1
1
1
1
1
1
1
1
1
1
1
1
1
1
1
1
1
1
1
1
1
1
1
1
1
1
1
1
1
1
1
1
1
1
1
1
1
1
1
1
1
1
1
1
1
1
1
1
1
1
1
