# Vetor de dados - syn_f003874-3-Pre--left--vetorlinha.txt
# Total de elementos: 768
# Formato: um valor por linha
#==================================================

1
1
1
1
1
1
1
1
1
1
1
1
1
1
1
1
1
1
1
1
1
1
1
1
1
1
1
1
1
1
1
1
1
1
1
1
1
1
1
1
1
1
1
1
1
1
1
1
1
1
1
1
1
1
1
1
1
1
1
1
1
1
1
1
1
1
1
1
1
1
1
1
1
1
1
1
1
1
1
1
1
1
1
1
1
1
1
1
1
1
1
1
1
1
1
1
1
1
1
1
1
1
1
1
1
1
18
28
34
39
44
48
51
54
56
58
60
62
64
66
69
71
72
73
73
75
76
77
79
79
80
81
81
82
82
83
83
83
83
83
84
84
84
84
83
83
84
84
84
84
84
85
85
86
85
86
86
87
87
87
86
86
84
83
80
78
77
76
75
75
73
72
72
72
72
71
70
70
70
70
70
70
70
69
70
70
69
68
68
66
63
60
57
55
55
55
55
54
55
55
55
55
56
57
57
58
58
59
60
60
60
61
62
68
178
187
195
205
216
231
238
243
246
253
260
268
275
288
297
314
314
314
313
313
311
308
307
299
297
296
277
275
227
223
220
215
210
205
198
190
178
167
154
133
127
121
116
111
106
107
108
108
109
109
110
110
111
110
110
111
111
111
111
111
112
112
112
112
112
112
113
113
114
114
114
113
113
113
113
113
112
112
111
110
110
109
109
108
106
106
105
105
106
105
105
106
106
107
107
107
107
107
107
107
107
108
107
107
107
106
106
106
105
104
104
103
102
102
101
101
101
101
100
100
99
98
98
98
98
97
96
96
95
95
95
94
94
95
95
96
98
99
99
101
102
102
103
104
105
106
107
108
109
110
110
112
113
113
113
115
115
115
116
116
116
117
117
117
117
118
118
119
119
119
119
119
120
120
120
120
120
120
120
120
120
120
120
120
119
119
119
119
119
119
118
118
118
117
116
116
115
115
114
113
112
112
111
110
108
107
106
106
106
105
105
104
104
103
102
102
101
100
101
100
99
98
98
97
96
96
95
94
93
92
91
91
92
91
90
89
88
88
88
88
88
88
88
88
89
89
88
88
88
88
89
88
88
88
88
89
89
88
88
88
88
87
87
87
87
86
86
86
86
85
85
85
85
85
84
84
84
83
83
82
82
82
82
80
80
80
79
79
79
78
77
77
77
76
75
74
74
74
73
72
71
71
70
69
68
68
66
66
65
65
64
63
62
62
60
60
59
59
59
58
57
57
56
56
56
55
55
55
56
55
56
56
57
56
56
57
57
56
57
56
57
56
56
56
56
55
55
55
55
55
54
54
54
53
54
53
52
52
51
51
51
51
50
50
49
49
49
49
49
49
49
49
49
49
50
49
49
49
50
50
50
50
50
50
50
50
51
51
51
51
51
51
51
51
51
50
50
50
50
49
49
49
49
49
49
48
48
47
47
47
47
47
46
45
45
45
44
44
44
43
42
42
42
42
41
40
40
40
39
39
38
38
38
37
37
37
37
37
37
36
36
37
37
37
38
38
38
39
39
40
41
42
43
45
47
49
52
55
58
60
65
71
74
75
76
77
81
82
83
86
88
89
89
91
92
93
92
92
92
46
48
49
52
55
58
63
66
70
73
77
79
80
84
86
87
89
90
93
93
92
90
88
84
75
69
64
60
52
48
43
1
1
1
1
1
1
1
1
1
1
1
1
1
1
1
1
1
1
1
1
1
1
1
1
1
1
1
1
1
1
1
1
1
1
1
1
1
1
1
1
1
1
1
1
