# Vetor de dados - syn_f000642-1-Pre--front--vetorlinha.txt
# Total de elementos: 768
# Formato: um valor por linha
#==================================================

1
1
1
1
1
1
1
1
1
1
1
1
1
1
1
1
1
1
1
1
1
1
1
1
1
1
1
1
1
1
1
1
1
1
1
1
1
1
1
1
1
1
1
1
1
1
1
1
1
1
1
1
1
1
1
1
1
1
1
1
1
1
1
1
1
1
1
1
1
1
1
1
1
1
1
1
1
1
1
1
1
1
1
1
1
1
1
1
12
21
25
29
33
35
37
39
41
43
45
47
47
49
50
51
52
53
54
54
56
56
56
58
58
58
59
59
59
60
60
60
60
60
60
60
58
58
58
58
58
63
66
66
67
67
67
66
66
65
65
64
63
63
62
61
60
58
57
56
54
47
46
46
46
44
44
43
42
41
41
40
40
39
39
39
39
39
39
39
39
39
38
38
38
38
38
38
39
39
39
40
41
43
44
46
48
50
52
55
57
60
63
92
103
110
134
142
151
160
265
278
296
313
341
371
392
410
426
466
487
492
497
501
505
508
507
498
502
508
514
521
538
540
466
463
461
460
459
455
453
455
421
389
393
390
387
386
384
382
147
144
142
141
139
139
137
135
135
133
132
130
129
127
124
122
120
116
114
111
109
108
106
105
103
102
100
100
98
98
97
97
95
95
94
93
92
92
92
92
91
91
91
91
91
92
93
93
93
93
93
92
93
93
93
93
92
92
92
92
91
91
90
90
90
90
90
89
89
89
89
88
88
88
88
88
88
88
88
89
89
89
89
90
90
90
90
90
90
90
89
89
89
89
89
89
90
90
91
91
92
94
94
96
97
99
101
102
104
105
106
108
109
111
112
113
114
115
117
118
119
120
121
122
122
123
124
125
125
125
126
127
127
127
128
128
128
128
129
129
129
130
131
131
131
131
133
133
133
133
134
135
135
135
136
136
137
138
138
138
140
140
140
141
142
142
142
143
144
144
144
144
144
144
144
144
144
144
144
146
146
146
146
146
146
146
146
146
146
145
145
145
145
145
145
145
145
145
145
145
145
145
145
144
144
144
144
144
143
143
143
143
143
142
142
142
141
140
140
140
139
139
138
138
138
137
136
136
136
135
135
134
134
133
133
133
133
132
131
131
131
131
131
131
129
129
129
129
129
128
128
128
128
128
127
126
126
126
126
126
125
125
125
125
125
124
124
124
123
123
123
122
122
122
122
121
121
121
121
121
120
119
119
119
119
119
119
119
118
118
118
118
118
118
118
117
117
117
117
117
116
115
115
115
115
115
115
116
116
116
116
116
116
116
116
116
117
118
118
118
118
118
118
119
119
119
120
120
120
120
120
120
120
120
120
120
121
121
122
122
122
122
122
122
122
122
122
122
122
122
122
122
123
123
123
122
122
122
122
122
122
121
121
121
121
121
121
121
120
120
120
120
119
119
118
118
118
118
118
118
117
116
116
116
116
116
114
114
114
114
114
113
112
112
112
112
112
110
110
110
110
109
109
108
108
108
107
107
106
106
106
105
105
104
104
104
103
103
102
102
102
101
101
100
100
99
99
98
98
98
98
98
97
97
96
96
96
96
96
96
96
96
96
96
96
97
97
97
97
98
97
98
98
99
99
100
101
101
101
102
102
103
104
105
106
106
108
108
110
111
112
114
114
116
116
117
118
119
120
120
120
120
121
120
120
119
117
116
113
113
111
108
106
54
53
49
48
47
46
1
1
1
1
1
1
1
1
1
1
1
1
1
1
1
1
1
1
1
1
1
1
1
1
1
1
1
1
1
1
1
