# Vetor de dados - syn_f003237-2-Pre--left--vetorlinha.txt
# Total de elementos: 768
# Formato: um valor por linha
#==================================================

1
1
1
1
1
1
1
1
1
1
1
1
1
1
1
1
1
1
1
1
1
1
1
1
1
1
1
1
1
1
1
1
1
1
1
1
1
1
1
1
1
1
1
1
1
1
1
1
1
1
1
1
1
1
1
1
1
1
1
1
1
1
1
1
1
1
1
1
1
1
1
1
1
1
1
1
1
1
1
1
1
1
1
1
1
1
1
1
1
1
1
1
1
1
1
1
1
1
1
1
1
1
1
1
1
1
1
1
1
1
1
1
1
1
1
1
1
1
1
1
1
1
1
1
1
1
1
1
1
1
1
1
1
18
26
33
37
41
44
47
50
52
54
56
58
60
62
63
65
65
67
68
69
69
70
71
71
73
73
73
73
73
74
74
74
74
74
74
74
74
74
75
75
75
76
76
77
77
77
78
78
77
77
76
74
72
71
69
68
68
68
67
65
65
64
63
63
62
61
61
61
59
59
59
59
59
60
60
59
58
57
55
52
47
45
44
44
43
43
43
43
43
44
43
44
44
45
44
45
46
47
48
48
153
167
191
197
202
210
223
241
263
265
264
264
264
263
260
258
255
250
249
246
231
229
185
182
178
173
169
164
157
149
137
106
97
93
89
83
81
82
83
83
84
85
85
86
87
87
88
88
88
88
88
88
88
88
88
88
88
88
89
89
89
89
89
89
89
88
88
87
86
85
85
84
84
83
82
81
80
79
79
79
79
78
78
78
79
78
77
77
76
76
76
76
75
75
74
73
73
72
72
71
71
71
71
70
69
69
69
68
68
67
67
67
66
66
66
65
65
65
65
64
64
64
65
64
64
66
66
68
68
70
70
71
72
73
73
74
74
75
75
76
76
77
77
78
78
79
79
80
80
80
81
81
82
82
82
83
83
83
83
84
84
84
85
85
85
86
86
86
86
86
86
86
86
87
87
87
87
88
87
88
88
88
86
86
86
86
86
85
85
84
83
83
82
81
80
79
79
80
79
79
78
77
76
75
74
73
73
72
71
70
69
69
68
68
68
68
67
67
67
68
68
68
68
67
67
67
67
67
67
67
67
66
66
66
65
65
65
65
65
65
65
65
64
64
63
63
63
63
63
63
63
61
61
61
61
61
60
59
59
59
59
58
58
57
57
57
56
56
55
55
54
54
54
53
53
52
52
51
51
50
50
50
49
49
49
48
48
48
47
47
47
46
46
46
47
47
46
46
46
47
47
47
48
48
48
49
49
50
50
49
50
50
51
50
50
51
51
51
51
50
50
50
50
50
49
49
49
48
48
47
48
47
47
46
46
46
46
46
46
46
46
46
46
46
46
46
46
46
46
47
47
47
47
47
46
47
47
47
47
47
47
47
47
46
45
45
45
45
45
44
44
44
44
43
43
43
42
42
41
41
41
41
40
39
39
38
38
38
38
36
36
36
36
35
35
35
35
34
33
33
33
33
33
33
33
34
34
34
34
34
35
35
36
37
37
39
40
42
44
46
48
50
53
55
57
59
62
65
68
72
74
76
79
79
78
79
79
79
71
51
56
58
61
66
69
71
73
77
79
82
84
84
83
83
81
81
79
77
60
50
44
39
37
33
1
1
1
1
1
1
1
1
1
1
1
1
1
1
1
1
1
1
1
1
1
1
1
1
1
1
1
1
1
1
1
1
1
1
1
1
1
1
1
1
1
1
1
1
1
1
1
1
1
1
1
1
1
1
1
1
1
1
1
1
1
1
1
1
1
1
1
1
1
1
1
