# Vetor de dados - syn_f004723-2-Pre--left--vetorlinha.txt
# Total de elementos: 768
# Formato: um valor por linha
#==================================================

1
1
1
1
1
1
1
1
1
1
1
1
1
1
1
1
1
1
1
1
1
1
1
1
1
1
1
1
1
1
1
1
1
1
1
1
1
1
1
1
1
1
1
1
1
1
1
1
1
1
1
1
1
1
1
1
1
1
1
1
1
1
1
1
1
1
1
1
1
1
1
1
1
1
1
1
1
1
1
1
1
1
1
1
1
1
1
1
1
1
1
1
1
1
1
1
1
1
1
1
1
1
1
1
1
20
27
34
39
43
46
49
52
55
56
58
60
62
64
67
68
70
70
71
73
73
74
74
76
76
77
78
78
78
78
78
78
79
79
79
79
80
81
81
82
81
82
83
84
83
84
85
85
86
85
85
85
83
82
79
78
76
75
74
74
74
73
71
70
70
69
69
68
67
66
65
65
65
65
65
65
64
64
64
63
62
62
59
56
51
49
48
47
48
47
48
48
48
48
48
49
49
49
49
50
50
50
51
51
51
52
52
53
52
52
53
54
57
60
64
67
71
76
84
101
116
160
166
174
180
184
187
192
196
200
206
211
217
224
228
232
236
239
243
245
249
252
256
260
265
269
273
279
285
289
294
303
306
306
305
304
302
299
93
93
94
93
93
93
93
93
93
93
92
92
92
92
90
90
89
89
88
87
86
86
85
85
84
84
82
82
82
82
82
82
82
83
83
84
84
85
85
85
85
85
84
85
85
85
85
85
85
84
84
83
84
84
82
82
82
82
81
81
81
80
79
79
78
78
77
77
77
76
76
76
76
75
75
75
75
75
75
75
75
75
76
76
76
76
76
77
76
76
77
77
78
78
79
80
81
82
83
84
85
85
87
88
88
89
89
89
90
90
92
92
92
93
93
93
94
94
94
93
94
94
94
94
93
94
94
94
94
93
93
93
93
93
93
92
92
92
92
92
92
91
91
90
90
89
88
88
88
87
87
87
86
86
85
85
85
84
84
84
83
83
82
82
82
81
81
80
80
79
79
78
78
77
76
76
77
77
76
76
76
76
76
76
76
76
75
75
75
75
75
75
75
75
75
75
75
75
74
74
74
74
74
74
74
73
73
73
73
73
73
72
72
72
72
71
70
70
70
70
70
69
69
69
69
69
69
68
67
67
67
67
67
67
66
66
65
65
65
65
64
64
64
64
62
62
62
61
61
61
61
60
59
59
58
58
58
58
57
56
56
55
55
55
55
54
54
54
54
53
52
52
52
52
52
52
52
52
52
52
51
52
52
52
53
53
54
54
55
55
55
55
55
55
55
55
55
55
55
55
55
54
54
54
53
54
53
52
51
52
51
50
50
49
48
48
48
47
47
46
46
46
46
46
47
46
46
47
47
47
47
48
47
47
47
47
48
48
48
48
47
47
48
48
48
48
48
48
47
46
46
46
46
46
46
46
46
45
45
45
45
45
44
44
44
43
43
43
43
42
42
42
41
41
40
40
40
40
39
39
39
39
39
38
38
38
38
38
37
37
37
38
38
38
37
38
38
38
39
39
40
40
41
41
42
43
45
46
48
49
52
54
56
58
61
63
65
67
70
75
79
80
82
83
85
85
87
87
87
87
86
86
49
50
52
54
57
60
63
66
70
74
76
80
83
85
88
89
90
90
90
88
87
87
85
82
68
57
50
44
39
36
1
1
1
1
1
1
1
1
1
1
1
1
1
1
1
1
1
1
1
1
1
1
1
1
1
1
1
1
1
1
1
1
1
1
1
1
1
1
1
1
1
1
1
