# Vetor de dados - syn_f001711-1-Pre--left--vetorlinha.txt
# Total de elementos: 768
# Formato: um valor por linha
#==================================================

1
1
1
1
1
1
1
1
1
1
1
1
1
1
1
1
1
1
1
1
1
1
1
1
1
1
1
1
1
1
1
1
1
1
1
1
1
1
1
1
1
1
1
1
1
1
1
1
1
1
1
1
1
1
1
1
1
1
1
1
1
1
1
1
1
1
1
1
1
1
1
1
1
1
1
1
1
1
1
1
1
1
1
1
1
1
1
1
1
1
1
1
1
1
1
1
1
1
1
1
1
1
1
1
1
1
1
1
1
1
1
1
1
1
1
1
1
1
8
21
29
34
39
43
46
49
52
54
56
58
60
62
63
65
66
68
69
69
71
71
72
73
74
74
74
75
75
75
76
76
76
76
76
77
76
76
77
76
76
76
77
77
77
77
78
78
78
78
79
78
78
77
77
75
71
69
68
67
66
66
65
64
64
63
64
63
63
63
62
62
63
64
64
64
63
62
61
60
60
57
54
53
53
52
53
52
53
52
53
53
53
54
54
55
56
56
56
57
58
58
59
59
60
61
61
62
66
71
77
82
90
99
156
164
171
176
182
186
191
199
207
216
228
232
235
238
242
247
252
257
261
265
270
277
283
288
294
303
303
303
303
303
301
297
294
285
105
103
103
104
104
105
105
105
105
106
105
105
106
106
107
107
106
107
107
108
107
106
106
106
105
105
105
105
104
103
102
102
101
100
99
99
99
98
99
100
101
101
101
102
102
102
102
102
102
102
102
103
103
104
104
105
105
104
105
105
105
106
106
106
106
106
106
106
106
106
107
107
106
105
106
105
105
105
104
104
104
105
105
105
105
105
105
105
105
105
106
106
106
106
107
108
109
109
110
110
111
111
111
112
112
113
113
113
113
113
114
114
114
114
114
114
115
115
115
114
114
114
115
114
114
114
113
113
112
112
111
111
111
110
110
108
108
107
107
106
106
105
103
103
102
101
99
99
98
96
94
91
91
91
90
91
90
89
89
88
87
86
86
85
84
83
82
82
82
81
80
79
78
78
77
77
76
76
75
75
75
74
73
73
73
73
73
73
73
73
73
73
72
72
71
71
71
71
71
70
70
70
70
69
69
69
70
69
69
68
69
68
68
68
67
67
67
67
66
66
66
66
65
65
65
64
64
64
64
63
63
63
61
61
61
60
60
60
59
59
59
58
58
58
56
56
55
55
55
54
54
54
53
53
53
53
52
52
52
52
52
52
51
51
51
51
51
51
51
52
52
53
53
53
53
53
54
54
53
54
54
54
54
54
54
53
53
53
52
52
52
52
51
50
51
50
49
49
48
48
48
48
48
47
47
47
47
47
47
47
47
47
47
47
48
48
48
48
48
47
47
47
48
48
48
48
48
47
47
47
47
47
47
47
47
46
46
46
46
45
45
44
44
44
44
43
43
42
42
42
41
41
40
40
40
40
39
39
38
38
38
38
37
37
37
36
36
36
36
35
35
35
36
36
36
36
36
35
35
36
36
36
36
37
37
37
38
38
39
39
40
41
43
45
47
49
52
56
58
62
64
67
72
75
77
79
80
83
85
88
88
88
89
88
88
80
50
52
55
58
62
65
70
75
77
80
82
85
87
89
91
93
92
90
89
85
83
77
69
63
58
53
45
38
33
1
1
1
1
1
1
1
1
1
1
1
1
1
1
1
1
1
1
1
1
1
1
1
1
1
1
1
1
1
1
1
1
1
1
1
1
1
1
1
1
1
1
1
1
1
1
1
1
1
1
1
1
1
1
1
1
1
