# Vetor de dados - syn_f004215-2-Pre--front--vetorlinha.txt
# Total de elementos: 768
# Formato: um valor por linha
#==================================================

1
1
1
1
1
1
1
1
1
1
1
1
1
1
1
1
1
1
1
1
1
1
1
1
1
1
1
1
1
1
1
1
1
1
1
1
1
1
1
1
1
1
1
1
1
1
1
1
1
1
1
1
1
1
1
1
1
1
1
1
1
1
1
1
1
1
1
1
1
1
1
1
1
1
1
1
1
1
1
1
1
1
1
1
1
1
1
1
1
1
1
1
1
1
1
1
1
1
1
1
1
1
1
1
1
1
1
1
1
1
1
1
1
1
1
1
1
1
1
14
23
27
31
35
37
39
41
43
45
47
49
50
51
52
54
55
56
58
58
58
60
60
60
62
62
62
62
62
62
62
62
62
62
62
62
62
62
62
62
63
66
69
70
70
70
70
70
70
68
68
68
67
66
66
65
64
63
61
60
57
56
55
51
51
51
50
49
49
49
47
45
45
44
44
44
44
44
44
44
44
44
44
44
44
44
44
44
44
45
45
46
47
49
52
242
256
262
268
277
327
369
374
378
382
387
395
458
454
454
458
466
473
478
484
489
492
494
437
437
440
443
443
450
455
465
462
458
451
447
443
433
404
380
377
373
370
366
361
268
255
231
185
170
162
156
152
150
147
146
144
143
141
141
139
139
137
137
135
135
132
131
130
129
128
128
127
127
126
126
126
126
126
126
124
124
124
124
122
122
122
120
120
118
118
116
115
114
112
111
108
106
106
107
107
107
106
106
106
106
105
105
105
105
105
105
105
105
104
104
104
104
103
102
102
102
102
101
101
101
100
100
100
100
100
100
100
99
99
99
99
99
99
100
100
101
102
102
103
104
105
107
107
109
110
112
113
113
115
115
117
117
118
119
120
121
122
123
124
126
126
127
128
129
129
130
131
131
131
132
133
133
133
133
133
133
133
133
134
134
134
134
134
134
134
134
134
134
135
136
136
136
137
137
138
139
139
140
141
141
141
143
143
144
145
145
146
147
147
148
149
149
149
150
151
151
151
151
152
152
153
153
154
154
154
154
154
154
154
154
154
154
154
154
154
154
153
152
152
152
152
152
152
152
152
150
150
150
150
150
148
148
148
148
147
146
146
146
145
144
144
144
143
142
141
141
139
139
137
137
135
134
133
133
131
131
130
130
129
128
128
126
126
126
124
124
123
122
122
120
120
120
118
118
118
117
116
116
116
115
114
114
114
114
114
113
113
112
112
112
112
112
112
112
112
112
112
112
112
112
111
111
111
111
111
111
111
111
111
111
111
111
112
112
113
114
114
115
116
116
117
118
118
118
119
119
120
120
121
121
121
121
121
123
123
123
123
123
123
123
123
123
123
123
123
123
123
123
123
123
123
123
122
122
121
121
121
121
121
120
119
119
119
119
118
117
117
117
117
116
115
115
115
114
113
113
113
112
111
111
111
110
109
109
109
108
107
107
106
106
105
105
104
104
103
103
102
102
101
100
100
99
99
98
98
97
97
96
96
95
95
95
94
94
94
93
93
94
94
94
94
94
94
95
95
95
95
95
95
95
95
95
95
96
97
97
97
97
99
99
100
101
102
103
105
106
107
109
109
111
111
113
113
115
115
116
116
116
116
116
116
115
115
114
112
110
107
106
103
98
95
38
1
1
1
1
1
1
1
1
1
1
1
1
1
1
1
1
1
1
1
1
1
1
1
1
1
1
1
1
1
1
1
1
1
1
1
1
1
1
1
1
1
1
1
1
1
1
1
1
1
1
1
1
1
1
1
1
1
