# Vetor de dados - syn_f003040-3-Pre--front--vetorcoluna.txt
# Total de elementos: 1024
# Formato: um valor por linha
#==================================================

1
1
1
1
1
1
1
1
1
1
1
1
1
1
1
1
1
1
1
1
1
1
1
1
1
1
1
1
1
1
1
1
1
1
1
1
1
1
1
1
1
1
1
1
1
1
1
1
1
1
1
1
1
1
1
1
1
1
1
1
1
1
1
1
1
1
1
1
1
1
1
1
1
1
1
1
1
1
1
1
1
1
1
1
1
1
1
1
1
1
1
1
1
1
1
1
1
1
1
1
1
1
1
1
1
1
1
1
1
1
1
1
1
1
1
1
1
1
1
1
1
1
1
1
1
1
1
1
1
1
1
1
1
1
1
1
1
1
1
1
1
1
1
1
1
1
1
1
1
1
1
1
1
1
1
1
1
1
1
1
1
1
1
1
1
1
1
1
1
1
1
1
1
1
1
1
1
1
1
1
1
1
1
1
1
1
1
1
1
1
1
1
1
1
1
6
8
8
8
8
8
8
8
8
8
9
9
9
9
9
9
9
12
12
12
12
12
12
17
18
19
19
19
20
20
20
21
21
21
21
20
21
21
21
21
20
21
21
21
21
21
22
22
22
23
23
23
24
24
23
24
24
23
24
24
24
23
23
23
23
23
22
22
22
23
23
23
23
23
23
23
23
23
23
23
23
24
25
25
25
25
25
25
26
27
27
27
27
27
28
28
29
29
29
29
30
30
30
30
30
32
32
32
32
32
33
33
33
33
34
34
34
35
35
35
35
35
35
36
36
36
36
36
37
37
37
37
37
37
37
37
38
38
38
38
38
38
38
38
38
38
38
38
38
38
38
38
38
38
38
38
38
38
38
37
38
38
38
37
37
37
37
37
37
37
37
36
36
37
37
37
37
37
37
37
37
38
38
38
38
38
38
40
40
40
40
40
40
40
40
40
41
41
41
41
41
41
41
41
41
41
41
41
41
41
41
41
41
41
42
43
43
43
43
44
44
44
44
46
46
46
46
48
48
49
49
50
51
52
53
53
54
56
58
60
62
64
66
68
69
70
71
73
74
76
78
79
82
82
290
293
295
298
301
304
306
310
408
411
414
417
420
424
428
432
509
510
511
512
511
512
514
514
515
514
514
514
515
517
517
517
519
518
519
518
517
516
514
587
573
526
522
518
513
509
502
496
492
485
479
445
443
440
438
435
430
403
379
374
368
362
351
339
329
329
353
359
364
371
381
396
430
434
436
439
441
444
483
488
493
498
504
510
515
519
522
589
516
517
518
518
517
517
516
515
514
513
512
511
512
512
511
512
512
510
509
509
509
509
507
431
427
423
419
415
411
408
405
402
308
304
301
298
295
292
290
288
84
82
80
77
75
73
71
70
69
67
66
64
63
61
60
58
56
55
54
53
52
51
50
49
48
47
47
46
45
45
44
44
44
43
42
42
42
42
41
41
41
41
41
41
41
41
42
40
40
40
40
40
40
40
40
40
40
40
39
39
39
39
39
39
39
39
39
38
38
38
38
38
37
36
36
36
36
36
36
36
35
35
35
36
36
36
36
36
36
36
36
36
36
36
37
38
38
38
38
38
38
38
38
38
38
38
38
38
38
38
38
38
38
38
38
38
38
37
37
37
37
37
37
37
37
37
37
36
36
36
36
36
35
35
34
34
34
34
34
33
33
33
33
32
32
32
32
31
30
30
30
30
30
29
29
29
29
29
28
27
27
27
26
26
26
26
26
26
24
24
24
24
24
24
24
23
23
23
23
23
23
23
24
23
23
23
24
23
24
24
24
24
24
24
23
23
24
23
23
23
23
22
22
22
21
21
21
21
21
21
21
22
22
21
22
22
22
21
22
22
22
22
22
21
21
20
12
12
12
12
12
12
12
12
12
12
12
13
13
13
13
13
13
13
13
13
13
12
12
12
1
1
1
1
1
1
1
1
1
1
1
1
1
1
1
1
1
1
1
1
1
1
1
1
1
1
1
1
1
1
1
1
1
1
1
1
1
1
1
1
1
1
1
1
1
1
1
1
1
1
1
1
1
1
1
1
1
1
1
1
1
1
1
1
1
1
1
1
1
1
1
1
1
1
1
1
1
1
1
1
1
1
1
1
1
1
1
1
1
1
1
1
1
1
1
1
1
1
1
1
1
1
1
1
1
1
1
1
1
1
1
1
1
1
1
1
1
1
1
1
1
1
1
1
1
1
1
1
1
1
1
1
1
1
1
1
1
1
1
1
1
1
1
1
1
1
1
1
1
1
1
1
1
1
1
1
1
1
1
1
1
1
1
1
1
1
1
1
1
1
1
1
1
1
1
1
1
1
1
1
1
1
1
1
1
1
1
1
1
1
1
1
1
1
1
1
1
