# Vetor de dados - syn_f000658-0-Pre--left--vetorlinha.txt
# Total de elementos: 768
# Formato: um valor por linha
#==================================================

1
1
1
1
1
1
1
1
1
1
1
1
1
1
1
1
1
1
1
1
1
1
1
1
1
1
1
1
1
1
1
1
1
1
1
1
1
1
1
1
1
1
1
1
1
1
1
1
1
1
1
1
1
1
1
1
1
1
1
1
1
1
1
1
1
1
1
1
1
1
1
1
1
1
1
1
1
1
1
1
1
1
1
1
1
1
1
1
1
1
1
1
1
1
1
1
1
1
1
1
1
1
1
1
1
1
1
1
1
1
1
1
1
1
1
1
1
1
1
1
1
1
1
1
16
25
33
37
41
45
48
51
53
55
57
59
61
63
65
66
68
68
70
70
72
72
74
74
75
75
76
76
76
77
77
77
77
77
77
77
77
77
78
77
77
78
79
79
79
80
80
81
81
81
81
80
79
78
76
74
72
71
71
70
69
68
68
66
65
65
66
65
64
63
63
63
62
62
61
62
62
61
60
59
58
42
41
42
41
41
42
42
42
43
43
44
44
44
45
46
47
47
49
56
62
162
172
184
199
227
233
237
245
254
260
272
283
298
298
299
299
297
297
294
293
284
283
282
264
207
197
190
183
175
169
164
158
126
118
113
108
103
95
90
91
93
93
94
94
94
95
95
95
95
96
95
96
96
97
97
97
97
96
96
96
96
95
95
95
93
93
93
92
91
90
90
90
88
87
86
85
83
82
81
81
79
80
80
81
81
80
81
81
81
82
81
81
81
81
80
81
80
80
79
79
78
78
77
77
77
76
76
76
75
74
74
74
73
73
72
73
73
74
74
76
76
78
79
80
81
82
83
84
84
85
85
86
87
88
88
89
89
89
90
90
91
91
91
91
91
92
91
92
91
92
91
91
91
91
91
91
91
91
91
91
91
91
91
91
91
92
91
91
91
91
91
90
90
90
91
91
92
92
92
93
93
93
94
93
93
93
94
93
93
93
93
92
93
92
92
92
91
91
90
91
90
89
88
88
87
86
85
85
84
83
83
84
83
83
82
82
81
81
81
80
80
80
79
79
79
79
78
78
78
78
78
77
77
77
77
77
77
76
76
76
76
76
75
75
75
75
75
74
74
74
74
73
73
73
73
72
72
72
72
71
71
71
71
71
70
70
70
70
69
69
69
69
68
68
68
67
67
67
65
65
65
64
64
64
63
63
62
62
62
61
61
60
60
60
59
59
58
58
58
57
58
58
58
58
57
57
57
58
57
57
58
58
58
58
58
58
58
57
58
57
58
57
56
57
56
55
54
54
54
53
52
52
51
51
50
49
49
49
48
48
47
47
46
46
47
47
47
46
46
46
46
46
46
46
46
46
46
46
46
45
46
46
46
46
46
46
45
45
45
45
45
45
45
44
44
44
44
44
44
42
42
42
42
42
42
40
40
40
40
40
39
38
38
38
38
38
37
37
37
37
37
36
36
36
36
36
36
35
35
35
35
35
35
35
35
34
34
35
35
35
36
36
36
36
36
37
38
38
39
40
41
44
46
47
50
52
55
56
60
65
68
72
73
75
78
78
80
81
82
86
88
89
89
88
88
88
73
57
61
63
66
71
73
76
78
80
83
85
87
89
91
91
89
88
85
83
80
67
58
52
47
39
34
1
1
1
1
1
1
1
1
1
1
1
1
1
1
1
1
1
1
1
1
1
1
1
1
1
1
1
1
1
1
1
1
1
1
1
1
1
1
1
1
1
1
1
1
1
1
1
1
1
1
1
1
1
1
1
1
1
1
1
1
