# Vetor de dados - syn_f000077-2-Pre--front--vetorlinha.txt
# Total de elementos: 768
# Formato: um valor por linha
#==================================================

1
1
1
1
1
1
1
1
1
1
1
1
1
1
1
1
1
1
1
1
1
1
1
1
1
1
1
1
1
1
1
1
1
1
1
1
1
1
1
1
1
1
1
1
1
1
1
1
1
1
1
1
1
1
1
1
1
1
1
1
1
1
1
1
1
1
1
1
1
1
1
1
1
1
1
1
1
1
1
1
1
1
1
1
1
1
1
1
1
1
1
1
1
1
1
1
1
1
1
1
1
1
1
1
1
1
1
1
1
1
1
1
1
1
1
1
1
10
21
25
29
33
36
38
40
42
44
46
46
48
49
50
52
52
54
54
55
56
56
57
58
58
58
58
58
58
59
58
58
58
58
58
58
58
58
61
64
66
66
66
66
66
66
65
64
64
64
63
62
62
60
58
58
58
54
49
47
46
46
46
45
45
45
45
45
45
45
45
45
45
45
45
45
45
45
45
45
46
45
47
50
53
55
59
63
66
239
251
320
329
342
357
499
506
512
520
530
550
551
548
542
541
549
556
570
589
589
588
587
527
522
516
510
490
479
476
473
469
464
457
452
370
333
321
310
296
277
212
193
176
168
164
161
159
157
155
155
154
153
152
151
151
150
149
148
148
146
145
143
141
140
138
136
135
133
131
130
128
127
126
125
125
123
123
122
121
121
120
120
119
118
118
117
117
116
116
115
115
114
113
112
112
110
110
108
108
106
106
106
105
105
104
103
104
104
104
104
104
104
103
102
102
102
101
100
100
99
98
98
97
96
96
96
94
94
94
94
93
95
95
96
98
100
101
103
105
107
109
111
113
114
116
117
119
120
122
122
124
124
125
126
126
127
128
128
128
128
129
130
130
130
130
130
130
129
129
129
129
129
129
128
128
128
128
129
129
129
129
129
129
130
131
131
131
132
133
133
133
134
135
136
136
137
138
138
138
140
140
140
141
142
142
142
143
144
144
144
144
145
146
146
146
146
146
147
146
146
146
146
146
146
146
146
145
145
145
145
145
145
145
145
145
144
144
143
143
143
143
143
143
143
142
142
142
142
142
140
140
140
140
140
138
138
138
138
138
136
136
136
136
136
136
136
135
135
134
134
134
134
133
133
133
132
132
132
131
131
130
130
129
128
128
127
126
126
124
124
124
123
122
122
122
120
120
120
119
118
118
118
117
117
116
116
116
116
116
115
115
115
115
115
115
115
115
114
114
115
114
114
114
114
114
114
114
114
114
114
114
114
114
114
114
114
115
115
115
115
116
116
116
117
118
118
118
118
120
120
120
120
121
122
122
122
123
124
124
124
124
124
124
124
124
125
125
125
125
125
125
125
125
125
124
124
124
124
124
124
123
123
123
122
122
122
122
121
120
120
120
120
119
118
118
118
118
117
116
116
116
114
114
114
114
113
112
112
112
110
110
110
110
109
108
108
107
107
106
106
105
105
105
104
103
103
103
102
102
101
101
101
100
100
99
99
99
99
98
97
97
97
97
97
97
97
97
97
97
98
98
98
99
99
99
99
99
99
99
100
100
100
100
100
100
101
101
102
103
103
104
105
105
106
106
108
109
110
111
113
113
115
115
116
117
118
118
118
119
120
120
120
120
119
120
119
118
118
117
114
113
108
107
103
101
46
1
1
1
1
1
1
1
1
1
1
1
1
1
1
1
1
1
1
1
1
1
1
1
1
1
1
1
1
1
1
1
1
1
1
1
1
1
1
1
1
1
1
1
1
1
1
1
1
1
1
1
1
1
1
1
