# Vetor de dados - syn_f000738-2-Pre--front--vetorlinha.txt
# Total de elementos: 768
# Formato: um valor por linha
#==================================================

1
1
1
1
1
1
1
1
1
1
1
1
1
1
1
1
1
1
1
1
1
1
1
1
1
1
1
1
1
1
1
1
1
1
1
1
1
1
1
1
1
1
1
1
1
1
1
1
1
1
1
1
1
1
1
1
1
1
1
1
1
1
1
1
1
1
1
1
1
1
1
1
1
1
1
1
1
1
1
1
1
1
1
1
1
1
1
1
1
1
1
1
1
1
1
1
1
1
1
1
1
1
1
1
1
1
1
1
1
1
1
1
1
1
1
1
1
1
1
1
1
1
5
19
25
29
33
37
39
41
43
45
47
49
49
51
52
53
54
56
56
57
58
59
60
60
61
61
61
61
62
62
62
61
61
61
61
61
61
61
61
65
69
69
69
69
69
69
68
67
67
67
66
65
65
63
63
61
60
59
57
52
51
51
51
51
49
49
49
49
48
48
47
46
46
46
46
46
46
46
46
46
46
45
45
46
48
50
55
61
65
70
76
279
325
336
354
493
501
510
531
538
542
545
546
544
542
553
576
578
578
577
577
575
573
506
488
481
479
475
470
467
461
388
376
364
353
343
320
300
281
264
254
246
237
225
210
179
167
162
158
155
154
152
152
151
150
149
149
149
147
147
146
145
144
143
142
140
140
138
138
137
135
135
133
133
132
131
131
130
129
129
128
127
127
125
125
124
123
121
121
119
118
117
115
114
113
113
112
112
112
112
112
112
112
112
111
111
111
111
111
111
112
112
112
112
112
112
112
112
112
112
113
113
113
114
114
114
114
113
113
113
113
113
113
113
114
114
114
115
116
117
118
120
120
122
123
124
126
126
128
128
130
130
132
132
133
134
134
135
136
136
137
137
137
137
137
137
137
137
137
137
137
137
137
137
137
137
137
137
137
137
137
137
137
137
137
138
138
138
138
138
139
139
139
139
140
140
140
140
141
142
142
142
142
144
144
144
144
144
144
144
145
146
146
146
146
146
146
146
146
147
147
147
147
147
147
147
147
147
147
147
147
147
146
146
145
145
145
145
145
145
145
144
144
144
144
143
143
142
142
142
142
142
142
140
140
140
140
139
138
138
138
137
136
136
135
135
135
133
133
133
132
132
130
130
129
128
128
126
126
125
125
124
124
123
123
123
122
122
121
121
120
120
119
118
118
117
117
116
116
115
114
114
113
113
113
113
113
112
112
112
112
112
112
112
111
111
111
111
111
111
111
111
111
110
110
110
109
109
109
109
109
109
109
110
110
110
110
111
111
111
112
113
113
113
113
115
115
115
116
117
117
117
117
119
119
119
119
119
119
119
120
120
121
121
121
121
121
121
121
121
120
120
120
120
120
120
120
119
119
118
118
118
118
118
118
116
116
116
116
116
116
114
114
114
114
113
112
112
112
110
110
110
110
110
108
108
108
108
106
106
106
106
104
104
104
104
102
102
102
102
100
100
100
100
99
98
98
98
98
96
96
96
96
95
95
95
94
94
94
94
94
94
94
94
95
96
96
96
96
96
96
97
97
97
97
97
97
97
98
98
98
100
100
101
102
102
104
105
106
107
109
110
112
114
115
116
117
119
120
121
122
122
122
122
122
122
121
120
118
112
110
108
104
99
46
42
1
1
1
1
1
1
1
1
1
1
1
1
1
1
1
1
1
1
1
1
1
1
1
1
1
1
1
1
1
1
1
1
1
1
1
1
1
1
1
1
1
1
1
1
1
1
1
1
1
1
1
1
1
1
1
1
1
1
1
1
