# Vetor de dados - syn_f001292-2-Pre--left--vetorlinha.txt
# Total de elementos: 768
# Formato: um valor por linha
#==================================================

1
1
1
1
1
1
1
1
1
1
1
1
1
1
1
1
1
1
1
1
1
1
1
1
1
1
1
1
1
1
1
1
1
1
1
1
1
1
1
1
1
1
1
1
1
1
1
1
1
1
1
1
1
1
1
1
1
1
1
1
1
1
1
1
1
1
1
1
1
1
1
1
1
1
1
1
1
1
1
1
1
1
1
1
1
1
1
1
1
1
1
1
1
1
1
1
1
1
1
1
1
1
1
1
1
1
1
1
8
22
30
35
40
43
47
50
53
55
57
59
61
63
64
66
68
68
70
70
72
72
74
74
75
75
76
76
76
76
76
76
77
77
77
77
78
78
78
78
78
78
79
79
79
80
81
81
81
81
82
81
81
79
78
75
73
72
71
71
70
69
68
67
67
66
66
66
66
65
65
65
65
65
66
66
66
66
66
66
65
64
63
62
58
50
48
49
48
48
48
48
48
48
48
48
48
49
49
50
51
52
53
59
63
68
75
81
87
93
99
104
109
116
153
160
167
174
179
185
190
197
206
214
225
231
234
238
241
245
249
254
259
263
267
275
282
287
293
304
304
304
304
303
301
298
295
286
198
189
88
89
89
90
90
91
91
92
92
92
93
93
93
93
94
93
93
93
93
93
92
92
92
91
91
90
90
89
89
87
87
87
86
84
83
83
83
83
83
83
83
83
83
84
83
83
83
83
82
82
82
82
81
81
81
82
81
81
81
80
80
80
79
79
78
78
79
79
79
78
78
78
78
78
78
78
77
77
77
77
78
78
78
78
79
79
80
81
82
83
84
85
86
88
89
89
91
92
93
94
94
95
95
96
97
98
98
99
99
101
101
102
102
102
103
103
103
103
104
104
104
104
104
105
105
105
105
105
105
105
105
105
105
106
106
106
106
106
106
106
106
106
106
106
106
105
105
105
105
105
104
104
103
103
103
102
102
101
99
99
99
99
99
99
99
98
98
98
97
97
97
96
96
95
95
94
95
94
93
93
92
91
90
89
88
87
87
87
86
86
85
85
84
84
84
82
82
82
82
82
82
82
82
82
82
81
81
81
81
81
81
80
80
80
80
80
80
79
79
78
78
78
78
77
77
77
76
76
75
75
75
75
74
74
74
74
74
72
72
72
72
72
71
71
71
71
70
70
70
69
68
68
67
67
67
66
66
65
65
65
64
64
63
63
63
62
62
62
60
60
59
59
59
58
58
58
57
57
57
57
57
56
56
56
55
55
56
55
55
55
55
56
55
55
56
55
56
56
55
56
55
55
55
55
54
55
54
53
54
53
53
52
53
53
52
52
51
51
50
51
50
50
50
50
50
50
50
50
51
51
50
51
51
51
51
52
52
52
52
52
52
53
53
53
53
52
52
52
52
52
52
52
52
52
51
51
51
51
51
51
50
49
49
49
49
49
47
47
47
47
47
45
45
45
45
44
43
43
43
42
42
41
41
40
40
40
40
39
39
39
39
38
38
39
39
39
39
38
39
39
39
39
40
40
41
40
41
43
44
45
47
50
53
55
59
61
66
72
75
78
80
81
83
84
84
85
86
87
87
87
87
87
79
45
46
48
50
53
57
60
63
66
69
74
77
80
83
87
88
91
93
94
93
93
91
88
88
87
84
75
66
59
52
44
41
38
1
1
1
1
1
1
1
1
1
1
1
1
1
1
1
1
1
1
1
1
1
1
1
1
1
1
1
1
1
1
1
1
1
1
1
1
1
1
1
1
1
1
1
1
