# Vetor de dados - syn_f003472-2-Pre--front--vetorcoluna.txt
# Total de elementos: 1024
# Formato: um valor por linha
#==================================================

1
1
1
1
1
1
1
1
1
1
1
1
1
1
1
1
1
1
1
1
1
1
1
1
1
1
1
1
1
1
1
1
1
1
1
1
1
1
1
1
1
1
1
1
1
1
1
1
1
1
1
1
1
1
1
1
1
1
1
1
1
1
1
1
1
1
1
1
1
1
1
1
1
1
1
1
1
1
1
1
1
1
1
1
1
1
1
1
1
1
1
1
1
1
1
1
1
1
1
1
1
1
1
1
1
1
1
1
1
1
1
1
1
1
1
1
1
1
1
1
1
1
1
1
1
1
1
1
1
1
1
1
1
1
1
1
1
1
1
1
1
1
1
1
1
1
1
1
1
1
1
1
1
1
1
1
1
1
1
1
1
1
1
1
1
1
1
1
1
1
1
1
1
1
1
1
1
1
1
1
1
1
1
1
1
1
1
1
1
1
1
1
1
1
1
1
1
1
1
1
1
1
1
1
1
1
1
1
1
1
1
1
1
1
1
1
1
1
1
1
1
1
1
1
1
1
1
1
1
1
12
12
12
12
12
12
12
12
12
12
12
16
17
18
18
18
18
18
20
20
19
19
19
18
18
18
19
19
19
18
18
19
20
20
20
19
21
21
20
20
19
21
20
20
19
20
18
18
18
19
19
19
19
20
20
20
20
20
21
21
21
21
21
21
21
21
22
22
23
23
23
24
24
24
24
24
26
26
26
26
26
27
27
27
28
29
29
29
29
29
29
31
31
31
31
31
31
33
33
33
33
33
33
34
34
34
35
35
35
35
36
36
36
36
36
36
37
37
37
37
37
37
38
38
38
37
37
37
37
37
37
37
36
36
36
36
36
36
35
35
35
35
35
35
35
35
36
36
36
36
36
36
36
36
36
36
36
36
36
36
37
38
38
38
38
38
38
38
38
38
39
39
39
39
40
40
40
40
40
40
40
40
40
41
41
41
41
41
41
41
41
41
42
42
42
42
42
42
42
42
43
43
43
43
43
44
44
44
45
45
46
48
51
54
57
59
61
63
64
66
68
71
73
281
283
287
290
295
300
311
394
398
401
405
409
412
417
421
496
496
495
495
496
498
498
497
498
497
496
497
497
499
499
500
501
501
500
499
433
429
500
498
495
492
489
486
483
479
475
468
434
429
424
422
419
417
412
400
389
382
375
366
360
320
354
361
366
373
379
385
391
401
412
416
418
421
423
428
437
464
470
473
477
480
484
487
413
416
420
424
427
496
496
496
495
495
494
493
492
490
491
493
493
493
493
492
492
490
490
491
491
417
413
409
404
401
397
393
391
306
294
290
286
282
280
277
66
63
61
60
58
56
54
51
49
47
46
45
44
44
43
43
43
41
41
41
41
40
40
39
39
39
39
39
39
38
38
38
38
38
38
38
37
37
37
37
37
37
37
37
37
36
36
36
36
36
36
36
36
36
36
35
34
34
34
34
34
34
34
34
34
34
33
33
33
33
33
33
33
33
33
33
33
33
33
33
34
34
34
34
34
35
35
35
35
35
35
35
35
35
35
35
35
35
35
35
35
35
35
35
35
35
35
35
35
35
34
34
33
33
33
33
33
33
33
32
31
31
31
31
31
30
30
30
30
30
30
28
28
28
28
28
28
28
27
27
26
26
26
26
25
25
25
25
25
24
24
23
23
23
23
22
22
22
22
21
21
21
21
21
19
19
20
20
20
20
19
20
20
20
21
21
20
21
21
20
21
21
21
20
20
20
19
19
19
19
19
18
18
18
19
19
20
19
19
19
20
20
20
18
18
18
17
10
10
10
10
9
9
9
8
8
9
9
9
9
9
8
8
8
8
8
8
8
5
1
1
1
1
1
1
1
1
1
1
1
1
1
1
1
1
1
1
1
1
1
1
1
1
1
1
1
1
1
1
1
1
1
1
1
1
1
1
1
1
1
1
1
1
1
1
1
1
1
1
1
1
1
1
1
1
1
1
1
1
1
1
1
1
1
1
1
1
1
1
1
1
1
1
1
1
1
1
1
1
1
1
1
1
1
1
1
1
1
1
1
1
1
1
1
1
1
1
1
1
1
1
1
1
1
1
1
1
1
1
1
1
1
1
1
1
1
1
1
1
1
1
1
1
1
1
1
1
1
1
1
1
1
1
1
1
1
1
1
1
1
1
1
1
1
1
1
1
1
1
1
1
1
1
1
1
1
1
1
1
1
1
1
1
1
1
1
1
1
1
1
1
1
1
1
1
1
1
1
1
1
1
1
1
1
1
1
1
1
1
1
1
1
1
1
1
1
1
1
1
1
1
1
1
1
1
1
1
1
1
1
1
1
1
1
1
1
1
1
