# Vetor de dados - syn_f004872-0-Pre--front--vetorlinha.txt
# Total de elementos: 768
# Formato: um valor por linha
#==================================================

1
1
1
1
1
1
1
1
1
1
1
1
1
1
1
1
1
1
1
1
1
1
1
1
1
1
1
1
1
1
1
1
1
1
1
1
1
1
1
1
1
1
1
1
1
1
1
1
1
1
1
1
1
1
1
1
1
1
1
1
1
1
1
1
1
1
1
1
1
1
1
1
1
1
1
1
1
1
1
1
1
1
1
1
1
1
1
1
1
1
1
1
1
1
1
1
1
1
1
1
1
1
1
1
1
1
1
1
1
1
1
1
1
1
1
1
12
22
26
30
33
36
38
40
42
44
46
48
48
50
50
52
53
54
55
55
56
57
57
58
58
59
59
59
59
59
59
59
59
59
59
57
57
57
62
65
65
66
65
65
65
64
64
63
63
62
61
60
59
57
57
55
54
49
47
47
47
47
46
46
45
45
43
43
43
42
42
41
41
41
41
41
41
41
40
40
40
40
40
40
40
40
40
41
44
48
52
57
83
117
121
268
314
444
497
544
555
566
599
598
595
588
579
573
573
571
557
551
553
554
483
477
470
463
385
373
360
350
340
325
312
298
253
238
225
210
192
180
171
163
158
154
151
147
145
142
140
138
136
134
133
131
129
127
124
122
118
115
111
107
106
104
102
100
99
98
97
96
96
96
95
94
94
94
93
92
92
91
90
90
90
88
88
87
87
87
87
88
89
89
90
90
90
90
89
89
88
88
88
88
87
86
86
85
85
85
84
83
83
83
83
82
82
81
81
81
81
82
82
82
82
83
83
85
85
86
87
87
88
89
89
90
90
91
91
92
93
93
94
95
95
96
97
98
99
100
101
102
104
104
106
107
108
108
109
110
110
112
112
114
114
116
116
116
118
118
118
118
120
120
120
120
121
122
122
122
123
124
124
124
124
124
124
124
125
126
126
126
127
127
127
128
129
129
129
129
130
130
130
131
132
132
132
132
132
133
134
134
134
134
134
134
134
134
134
134
134
134
134
134
134
134
133
133
133
132
132
132
132
131
131
131
130
130
129
129
129
128
127
127
127
127
127
125
125
125
125
125
123
123
123
123
122
121
121
121
120
120
120
119
119
119
118
118
118
118
118
117
117
117
117
117
116
116
116
116
116
116
116
115
115
114
114
114
114
114
114
112
112
112
112
112
112
112
111
110
110
110
110
110
110
109
109
108
108
108
108
108
108
108
108
108
108
108
108
108
108
108
107
107
107
107
107
107
107
107
107
107
107
107
107
106
106
106
105
105
105
105
105
105
105
105
105
105
105
105
105
105
105
105
105
105
105
105
105
105
106
106
106
106
106
106
106
106
106
106
106
106
106
106
106
106
106
106
106
106
106
106
106
105
105
105
105
105
105
104
104
104
104
103
103
103
102
102
102
102
102
101
100
100
100
100
100
99
99
98
98
98
98
97
97
97
97
96
95
95
95
95
95
95
93
93
93
93
93
92
92
91
91
91
90
90
90
90
89
88
88
88
88
88
88
88
88
88
88
88
88
88
88
89
89
90
90
90
90
90
90
89
89
89
89
90
91
92
92
93
94
94
94
95
95
96
96
97
97
99
100
102
103
104
104
105
105
106
107
108
108
108
107
107
107
106
106
104
104
102
99
98
96
92
88
85
35
1
1
1
1
1
1
1
1
1
1
1
1
1
1
1
1
1
1
1
1
1
1
1
1
1
1
1
1
1
1
1
1
1
1
1
1
1
1
1
1
1
1
1
1
1
1
1
1
1
1
1
1
1
1
1
