# Vetor de dados - syn_f002000-3-Pre--front--vetorcoluna.txt
# Total de elementos: 1024
# Formato: um valor por linha
#==================================================

1
1
1
1
1
1
1
1
1
1
1
1
1
1
1
1
1
1
1
1
1
1
1
1
1
1
1
1
1
1
1
1
1
1
1
1
1
1
1
1
1
1
1
1
1
1
1
1
1
1
1
1
1
1
1
1
1
1
1
1
1
1
1
1
1
1
1
1
1
1
1
1
1
1
1
1
1
1
1
1
1
1
1
1
1
1
1
1
1
1
1
1
1
1
1
1
1
1
1
1
1
1
1
1
1
1
1
1
1
1
1
1
1
1
1
1
1
1
1
1
1
1
1
1
1
1
1
1
1
1
1
1
1
1
1
1
1
1
1
1
1
1
1
1
1
1
1
1
1
1
1
1
1
1
1
1
1
1
1
1
1
1
1
1
1
1
1
1
1
1
1
1
1
1
1
1
1
1
1
1
1
1
1
1
1
1
1
1
1
1
1
1
1
1
1
1
1
1
1
1
1
1
1
1
1
1
1
1
1
1
1
1
1
1
1
1
1
1
1
1
1
1
1
1
1
1
1
12
13
13
13
13
14
14
14
14
14
13
13
13
13
13
13
13
13
13
13
13
13
13
20
21
21
21
22
22
22
21
21
21
21
20
20
20
20
19
18
18
18
18
20
19
19
19
20
20
19
21
20
20
19
19
20
18
17
16
16
16
16
16
16
16
16
16
16
16
17
17
18
18
18
18
18
18
20
20
20
20
21
21
22
22
22
23
23
23
23
24
25
25
25
25
26
26
26
27
28
28
28
29
29
29
29
30
30
30
30
30
31
31
31
31
32
32
32
32
32
32
32
33
33
33
33
32
32
32
32
32
32
32
31
31
31
30
30
30
30
30
29
29
29
29
27
27
27
26
26
26
26
25
25
26
26
26
26
26
25
25
27
27
27
27
27
28
28
28
28
29
29
29
29
29
29
30
30
30
30
30
30
30
30
30
30
30
30
31
31
31
31
31
31
31
31
32
32
32
33
33
33
34
34
34
34
35
35
36
37
37
38
38
39
41
42
46
53
56
58
60
63
65
67
69
71
72
74
77
79
81
82
84
85
87
289
291
294
296
398
402
406
411
415
420
491
492
493
492
492
493
493
493
494
493
493
493
495
497
498
499
500
578
579
495
491
487
482
478
434
430
427
423
419
412
399
389
371
365
360
356
351
347
341
335
328
319
333
341
347
351
356
358
362
368
380
405
411
416
419
422
470
474
478
483
488
495
492
493
493
493
492
491
490
489
489
488
488
488
488
487
486
486
486
486
485
418
410
405
401
397
393
389
291
289
287
284
282
85
83
81
79
77
76
74
72
70
68
66
64
61
59
57
55
53
49
42
38
37
36
36
35
34
34
34
33
33
32
32
32
31
31
30
30
30
30
30
30
29
29
29
29
29
29
29
29
28
28
28
28
28
28
28
28
27
27
27
27
27
27
27
27
26
26
26
26
26
26
26
25
25
25
25
24
25
25
25
25
25
25
25
25
25
25
25
27
27
27
27
28
28
29
29
30
30
30
31
31
32
32
32
32
32
32
32
32
32
32
32
33
33
33
33
33
32
32
32
32
32
32
31
31
31
31
30
30
30
30
29
29
29
28
28
28
28
27
27
27
26
26
26
25
25
25
25
24
23
23
23
23
23
22
21
21
21
21
21
20
19
19
18
18
18
18
18
18
18
18
18
18
18
18
18
18
18
18
18
19
20
19
19
19
20
20
19
19
19
19
20
20
18
18
18
18
18
18
18
19
20
18
18
19
19
19
19
19
19
18
18
17
12
12
12
12
12
12
12
12
12
12
12
1
1
1
1
1
1
1
1
1
1
1
1
1
1
1
1
1
1
1
1
1
1
1
1
1
1
1
1
1
1
1
1
1
1
1
1
1
1
1
1
1
1
1
1
1
1
1
1
1
1
1
1
1
1
1
1
1
1
1
1
1
1
1
1
1
1
1
1
1
1
1
1
1
1
1
1
1
1
1
1
1
1
1
1
1
1
1
1
1
1
1
1
1
1
1
1
1
1
1
1
1
1
1
1
1
1
1
1
1
1
1
1
1
1
1
1
1
1
1
1
1
1
1
1
1
1
1
1
1
1
1
1
1
1
1
1
1
1
1
1
1
1
1
1
1
1
1
1
1
1
1
1
1
1
1
1
1
1
1
1
1
1
1
1
1
1
1
1
1
1
1
1
1
1
1
1
1
1
1
1
1
1
1
1
1
1
1
1
1
1
1
1
1
1
1
1
1
1
1
1
1
1
1
1
1
1
1
1
1
1
1
1
1
1
1
1
1
1
1
1
1
1
1
1
1
1
1
1
1
1
1
1
1
1
1
1
