# Vetor de dados - syn_f000919-0-Pre--front--vetorcoluna.txt
# Total de elementos: 1024
# Formato: um valor por linha
#==================================================

1
1
1
1
1
1
1
1
1
1
1
1
1
1
1
1
1
1
1
1
1
1
1
1
1
1
1
1
1
1
1
1
1
1
1
1
1
1
1
1
1
1
1
1
1
1
1
1
1
1
1
1
1
1
1
1
1
1
1
1
1
1
1
1
1
1
1
1
1
1
1
1
1
1
1
1
1
1
1
1
1
1
1
1
1
1
1
1
1
1
1
1
1
1
1
1
1
1
1
1
1
1
1
1
1
1
1
1
1
1
1
1
1
1
1
1
1
1
1
1
1
1
1
1
1
1
1
1
1
1
1
1
1
1
1
1
1
1
1
1
1
1
1
1
1
1
1
1
1
1
1
1
1
1
1
1
1
1
1
1
1
1
1
1
1
1
1
1
1
1
1
1
1
1
1
1
1
1
1
1
1
1
1
1
1
1
1
1
1
1
1
1
1
1
1
1
1
1
1
1
1
1
1
1
1
1
1
1
1
1
1
1
1
1
1
1
1
1
1
1
1
1
1
1
1
1
1
1
1
1
1
1
1
1
1
1
1
1
1
1
1
1
1
1
1
1
1
1
1
1
1
1
16
17
18
19
20
20
20
19
19
20
20
20
20
20
19
19
19
19
19
19
19
19
19
19
19
21
21
21
21
21
20
20
21
21
20
20
19
18
18
20
19
19
19
19
20
20
20
20
20
20
21
21
21
19
20
20
21
21
21
22
22
22
22
23
23
23
24
24
24
24
24
25
25
25
26
26
26
26
27
27
27
27
28
28
28
29
29
29
29
29
29
30
30
30
31
31
31
32
32
32
32
32
32
32
32
32
33
33
33
33
33
34
34
34
33
33
34
34
34
34
33
33
33
33
32
32
32
32
32
32
32
32
31
31
31
31
30
30
30
31
30
30
30
30
31
31
30
30
31
31
31
31
32
32
32
32
32
32
32
32
33
33
34
34
35
35
35
35
35
36
36
36
36
37
37
37
38
38
38
38
39
40
40
40
41
41
41
42
43
43
44
45
46
47
49
50
51
52
53
55
56
57
59
61
63
61
84
87
235
239
242
245
248
253
257
262
267
357
362
368
374
380
446
447
447
445
448
449
449
449
449
451
451
452
451
452
452
452
453
519
521
522
523
523
523
457
453
450
447
445
442
439
436
434
390
387
385
382
344
338
332
325
324
326
329
334
339
344
378
382
383
386
426
430
433
435
438
443
446
451
459
462
464
523
522
522
520
452
451
451
450
449
449
448
448
448
447
446
446
446
446
445
442
443
376
371
365
360
355
275
268
263
258
254
250
244
241
238
235
79
54
51
49
48
47
46
46
45
44
44
43
42
42
42
42
41
41
41
41
40
40
40
39
39
39
38
38
38
37
37
37
36
36
36
36
35
35
35
35
34
34
34
34
34
33
33
33
33
33
33
33
33
32
32
31
31
31
31
31
31
31
31
31
31
31
31
31
31
31
32
33
33
33
33
33
33
33
33
33
33
34
34
34
34
34
34
34
34
34
34
34
34
34
33
33
33
33
33
33
33
33
33
33
33
33
33
33
33
33
33
33
33
33
33
33
33
33
32
32
32
32
32
32
32
32
32
32
32
32
32
31
31
31
31
31
31
31
31
30
30
30
30
30
30
30
30
29
29
29
29
29
29
29
29
30
30
30
30
30
31
31
32
32
33
34
34
35
35
35
36
36
36
36
36
36
36
36
37
37
37
37
37
38
38
38
39
39
39
40
40
40
40
40
40
1
1
1
1
1
1
1
1
1
1
1
1
1
1
1
1
1
1
1
1
1
1
1
1
1
1
1
1
1
1
1
1
1
1
1
1
1
1
1
1
1
1
1
1
1
1
1
1
1
1
1
1
1
1
1
1
1
1
1
1
1
1
1
1
1
1
1
1
1
1
1
1
1
1
1
1
1
1
1
1
1
1
1
1
1
1
1
1
1
1
1
1
1
1
1
1
1
1
1
1
1
1
1
1
1
1
1
1
1
1
1
1
1
1
1
1
1
1
1
1
1
1
1
1
1
1
1
1
1
1
1
1
1
1
1
1
1
1
1
1
1
1
1
1
1
1
1
1
1
1
1
1
1
1
1
1
1
1
1
1
1
1
1
1
1
1
1
1
1
1
1
1
1
1
1
1
1
1
1
1
1
1
1
1
1
1
1
1
1
1
1
1
1
1
1
1
1
1
1
1
1
1
1
1
1
1
1
1
1
1
1
1
1
1
1
1
1
1
1
1
1
1
1
1
1
1
1
1
1
1
1
1
1
1
1
1
1
1
1
1
1
1
1
1
1
1
1
1
1
1
1
1
1
1
1
1
1
1
