# Vetor de dados - syn_f001500-2-Pre--front--vetorcoluna.txt
# Total de elementos: 1024
# Formato: um valor por linha
#==================================================

1
1
1
1
1
1
1
1
1
1
1
1
1
1
1
1
1
1
1
1
1
1
1
1
1
1
1
1
1
1
1
1
1
1
1
1
1
1
1
1
1
1
1
1
1
1
1
1
1
1
1
1
1
1
1
1
1
1
1
1
1
1
1
1
1
1
1
1
1
1
1
1
1
1
1
1
1
1
1
1
1
1
1
1
1
1
1
1
1
1
1
1
1
1
1
1
1
1
1
1
1
1
1
1
1
1
1
1
1
1
1
1
1
1
1
1
1
1
1
1
1
1
1
1
1
1
1
1
1
1
1
1
1
1
1
1
1
1
1
1
1
1
1
1
1
1
1
1
1
1
1
1
1
1
1
1
1
1
1
1
1
1
1
1
1
1
1
1
1
1
1
1
1
1
1
1
1
1
1
1
1
1
1
1
1
1
1
1
1
1
1
1
1
1
1
1
1
1
1
1
1
1
1
1
1
1
1
1
1
1
1
1
6
8
8
8
8
8
8
8
8
8
8
9
9
9
9
9
10
10
10
10
10
10
10
16
18
19
20
20
20
19
19
19
20
20
20
19
19
20
19
19
19
19
20
20
20
21
21
21
21
22
22
21
22
22
21
22
22
21
21
21
20
21
20
20
20
21
21
21
21
21
21
21
22
22
22
23
23
23
23
23
24
24
25
25
25
25
26
26
26
27
27
27
27
28
28
29
29
29
29
30
30
30
30
31
32
32
32
33
33
33
33
33
34
34
34
34
34
34
35
35
35
35
36
36
36
36
37
37
37
37
37
37
37
37
37
38
38
38
38
38
38
39
39
39
39
39
39
38
38
38
38
38
38
38
38
38
38
38
38
38
38
38
38
38
38
38
38
39
38
38
38
38
38
38
38
38
38
39
39
39
39
39
39
39
39
39
39
40
40
40
40
40
40
40
41
41
41
41
41
41
42
42
42
42
41
42
42
42
43
43
43
44
44
44
45
45
45
46
47
47
47
47
49
50
50
51
52
55
57
59
62
64
66
63
65
67
69
70
296
299
303
308
312
318
413
417
421
424
428
432
435
439
514
515
516
515
514
514
515
517
517
517
517
516
516
515
517
519
521
521
523
524
524
525
525
524
452
526
523
520
517
514
512
509
506
502
497
489
463
457
453
450
446
443
441
399
390
385
378
371
376
382
387
394
405
435
442
445
447
449
453
456
464
496
501
506
509
511
514
516
519
521
524
528
451
528
528
527
526
525
523
522
520
519
521
521
521
521
521
520
519
518
518
519
519
519
518
448
443
439
435
431
427
424
420
417
413
328
315
310
305
301
297
82
76
74
73
73
70
68
67
65
64
63
62
60
58
54
52
51
49
48
47
47
46
45
44
43
43
42
42
42
42
41
40
40
41
41
41
41
41
41
41
41
41
41
41
40
40
40
40
40
40
39
39
39
39
39
39
39
39
39
39
39
39
39
39
39
39
38
38
39
39
39
39
39
39
39
39
39
39
39
39
39
39
40
40
40
40
39
39
39
39
39
39
39
40
40
40
40
39
39
39
39
39
38
38
38
38
38
38
38
38
38
38
38
38
38
38
38
38
38
38
38
38
38
38
38
38
38
38
37
37
37
37
37
37
37
37
36
36
36
36
36
36
36
35
35
35
35
35
35
35
35
35
35
34
34
34
34
34
34
34
34
34
34
34
34
34
34
34
34
34
34
34
34
34
34
34
34
34
33
33
33
32
32
32
31
31
31
30
30
30
30
30
29
29
29
29
29
29
28
28
28
28
28
28
28
27
27
27
27
27
27
27
27
27
27
27
1
1
1
1
1
1
1
1
1
1
1
1
1
1
1
1
1
1
1
1
1
1
1
1
1
1
1
1
1
1
1
1
1
1
1
1
1
1
1
1
1
1
1
1
1
1
1
1
1
1
1
1
1
1
1
1
1
1
1
1
1
1
1
1
1
1
1
1
1
1
1
1
1
1
1
1
1
1
1
1
1
1
1
1
1
1
1
1
1
1
1
1
1
1
1
1
1
1
1
1
1
1
1
1
1
1
1
1
1
1
1
1
1
1
1
1
1
1
1
1
1
1
1
1
1
1
1
1
1
1
1
1
1
1
1
1
1
1
1
1
1
1
1
1
1
1
1
1
1
1
1
1
1
1
1
1
1
1
1
1
1
1
1
1
1
1
1
1
1
1
1
1
1
1
1
1
1
1
1
1
1
1
1
1
1
1
1
1
1
1
1
1
1
1
1
1
1
1
1
1
1
1
1
1
1
1
1
1
1
1
1
1
1
1
1
1
1
1
1
1
1
1
1
1
1
1
1
1
1
1
1
1
1
