# Vetor de dados - syn_f000090-1-Pre--front--vetorlinha.txt
# Total de elementos: 768
# Formato: um valor por linha
#==================================================

1
1
1
1
1
1
1
1
1
1
1
1
1
1
1
1
1
1
1
1
1
1
1
1
1
1
1
1
1
1
1
1
1
1
1
1
1
1
1
1
1
1
1
1
1
1
1
1
1
1
1
1
1
1
1
1
1
1
1
1
1
1
1
1
1
1
1
1
1
1
1
1
1
1
1
1
1
1
1
1
1
1
1
1
1
1
1
1
1
1
1
1
1
1
1
1
1
1
1
1
1
1
1
1
1
1
1
1
1
1
1
1
1
1
18
24
28
32
35
38
40
41
43
45
47
48
50
50
52
54
54
56
56
57
58
58
59
60
60
60
61
61
62
62
62
62
62
62
62
61
61
61
61
61
66
69
69
70
70
69
69
69
69
68
67
67
66
66
65
64
63
61
61
59
54
53
51
50
50
50
50
48
48
47
47
47
47
47
47
46
46
46
46
46
46
46
46
46
47
48
50
54
58
62
67
75
82
87
97
105
118
140
151
164
175
183
195
290
305
369
382
409
425
434
443
452
462
474
486
503
521
537
540
542
546
549
553
555
542
546
558
564
575
575
574
497
490
483
476
447
439
384
379
371
253
162
156
152
149
148
146
145
143
142
142
140
139
138
137
135
134
133
132
131
130
130
129
129
128
129
129
129
129
129
129
128
128
127
127
127
127
127
126
126
125
125
124
124
122
122
121
120
118
117
116
114
112
110
108
106
106
106
106
107
108
108
108
108
108
108
108
108
108
108
108
108
108
108
108
108
107
107
107
106
106
106
106
106
106
106
106
106
107
107
108
108
110
111
112
113
115
115
117
117
119
121
121
123
125
125
127
127
129
129
131
131
133
133
134
135
135
136
137
137
138
139
139
139
139
140
140
141
141
141
141
141
141
141
141
140
140
140
140
139
139
139
139
139
139
139
138
138
138
138
138
138
138
138
138
138
139
139
139
140
140
140
140
141
141
141
142
142
143
143
143
143
143
143
143
143
143
143
143
144
144
144
144
144
143
143
142
142
142
142
141
141
141
141
140
140
139
139
139
139
138
137
137
137
137
137
136
135
135
135
135
134
134
134
133
133
132
132
132
132
131
131
130
129
129
128
127
127
127
126
125
125
125
124
123
123
122
122
121
121
120
120
119
119
118
118
118
117
116
116
116
116
116
115
114
114
114
114
114
114
113
112
112
112
112
112
112
112
112
112
112
112
112
112
112
112
111
111
111
111
111
111
111
111
110
110
110
110
110
110
110
110
110
110
110
110
110
110
110
110
110
110
110
112
112
112
112
112
112
113
114
114
114
114
114
114
115
115
116
116
116
116
116
116
116
116
116
116
116
116
116
115
115
114
114
114
114
114
114
114
114
113
112
112
112
112
111
110
110
110
110
110
109
108
108
108
108
107
106
106
106
106
105
104
104
104
104
102
102
102
102
102
100
100
100
100
99
98
98
98
98
97
96
96
96
96
95
95
94
94
94
93
93
92
92
92
92
92
92
92
91
91
91
91
91
92
92
93
93
93
93
94
94
93
93
93
93
93
92
92
92
92
93
94
94
94
94
95
95
96
98
98
100
100
102
103
104
105
106
107
108
109
110
111
112
112
112
111
111
110
110
108
106
106
104
99
95
46
43
41
1
1
1
1
1
1
1
1
1
1
1
1
1
1
1
1
1
1
1
1
1
1
1
1
1
1
1
1
1
1
1
1
1
1
1
1
1
1
1
1
1
1
1
1
1
1
1
1
1
1
1
1
1
1
