# Vetor de dados - syn_f001240-0-Pre--front--vetorcoluna.txt
# Total de elementos: 1024
# Formato: um valor por linha
#==================================================

1
1
1
1
1
1
1
1
1
1
1
1
1
1
1
1
1
1
1
1
1
1
1
1
1
1
1
1
1
1
1
1
1
1
1
1
1
1
1
1
1
1
1
1
1
1
1
1
1
1
1
1
1
1
1
1
1
1
1
1
1
1
1
1
1
1
1
1
1
1
1
1
1
1
1
1
1
1
1
1
1
1
1
1
1
1
1
1
1
1
1
1
1
1
1
1
1
1
1
1
1
1
1
1
1
1
1
1
1
1
1
1
1
1
1
1
1
1
1
1
1
1
1
1
1
1
1
1
1
1
1
1
1
1
1
1
1
1
1
1
1
1
1
1
1
1
1
1
1
1
1
1
1
1
1
1
1
1
1
1
1
1
1
1
1
1
1
1
1
1
1
1
1
1
1
1
1
1
1
1
1
1
1
1
1
1
1
1
1
1
1
1
1
1
1
1
1
1
1
1
1
1
1
1
1
1
1
1
1
1
1
1
1
1
1
1
1
1
1
1
1
1
1
1
1
1
1
1
1
1
8
8
8
8
8
8
8
8
8
8
8
8
9
9
9
9
10
10
10
16
17
18
18
18
19
19
19
18
18
18
18
18
18
18
18
18
18
18
18
20
20
19
19
19
21
20
20
19
21
20
20
19
20
19
18
18
19
18
18
18
20
20
20
20
20
21
21
21
21
21
21
22
22
23
23
23
23
23
23
24
24
24
24
25
25
25
25
25
25
25
27
27
27
27
27
27
28
28
28
29
29
29
30
30
30
30
30
30
31
31
31
31
31
31
31
32
32
32
32
32
32
32
33
33
33
33
34
34
34
35
35
35
35
36
36
36
35
35
36
36
36
36
36
35
35
35
35
36
35
35
35
35
35
35
35
35
35
34
34
34
34
34
35
35
35
35
35
36
36
36
36
36
36
36
36
36
36
36
37
37
38
38
38
38
38
38
38
38
39
40
40
40
40
40
40
41
41
41
41
41
41
42
42
42
43
43
43
44
44
44
44
45
45
46
47
48
50
51
51
53
54
56
58
60
62
64
272
276
279
285
291
365
373
379
386
392
397
404
409
473
475
476
477
476
477
479
479
479
478
479
478
479
480
482
482
483
483
483
482
557
556
525
493
484
478
472
468
464
460
454
425
421
417
414
411
405
376
368
363
358
353
350
354
358
362
370
378
392
409
413
416
419
422
425
430
462
466
472
476
481
489
500
568
567
567
566
564
563
482
481
479
478
479
479
480
480
479
478
477
476
477
476
475
474
474
411
404
397
392
385
379
372
366
290
285
280
276
272
57
55
54
53
51
50
49
48
47
46
45
45
44
44
43
43
42
42
42
42
42
41
41
41
41
40
40
39
39
38
39
39
39
39
38
38
38
37
37
37
36
36
36
36
36
36
36
35
35
35
35
35
35
34
34
34
34
33
33
33
33
33
33
33
33
33
33
33
33
33
33
33
33
33
34
34
34
34
35
35
35
35
35
35
35
35
35
35
35
35
35
34
34
34
34
33
33
33
33
33
33
32
32
32
32
32
32
32
32
32
32
31
30
30
30
30
30
30
30
30
29
29
29
29
29
28
28
27
27
27
27
27
27
27
26
26
26
26
26
26
25
24
24
24
24
24
24
24
23
23
23
23
23
23
22
22
22
22
21
20
20
20
19
19
20
18
19
19
20
19
20
21
21
20
21
21
21
20
21
21
21
21
19
19
19
19
20
20
19
19
19
20
20
21
19
20
20
21
21
21
21
20
20
20
12
12
12
12
12
12
12
12
12
12
12
12
12
12
12
12
12
12
12
12
12
12
9
1
1
1
1
1
1
1
1
1
1
1
1
1
1
1
1
1
1
1
1
1
1
1
1
1
1
1
1
1
1
1
1
1
1
1
1
1
1
1
1
1
1
1
1
1
1
1
1
1
1
1
1
1
1
1
1
1
1
1
1
1
1
1
1
1
1
1
1
1
1
1
1
1
1
1
1
1
1
1
1
1
1
1
1
1
1
1
1
1
1
1
1
1
1
1
1
1
1
1
1
1
1
1
1
1
1
1
1
1
1
1
1
1
1
1
1
1
1
1
1
1
1
1
1
1
1
1
1
1
1
1
1
1
1
1
1
1
1
1
1
1
1
1
1
1
1
1
1
1
1
1
1
1
1
1
1
1
1
1
1
1
1
1
1
1
1
1
1
1
1
1
1
1
1
1
1
1
1
1
1
1
1
1
1
1
1
1
1
1
1
1
1
1
1
1
1
1
1
1
1
1
1
1
1
1
1
1
1
1
1
1
1
1
1
1
1
1
1
1
1
1
1
1
1
1
1
1
1
1
