# Vetor de dados - syn_f002787-0-Pre--left--vetorlinha.txt
# Total de elementos: 768
# Formato: um valor por linha
#==================================================

1
1
1
1
1
1
1
1
1
1
1
1
1
1
1
1
1
1
1
1
1
1
1
1
1
1
1
1
1
1
1
1
1
1
1
1
1
1
1
1
1
1
1
1
1
1
1
1
1
1
1
1
1
1
1
1
1
1
1
1
1
1
1
1
1
1
1
1
1
1
1
1
1
1
1
1
1
1
1
1
1
1
1
1
1
1
1
1
1
1
1
1
1
1
1
1
1
1
1
1
1
1
1
1
1
1
1
1
1
1
1
1
1
1
1
1
1
1
1
9
22
29
34
39
42
45
48
51
53
55
57
59
61
63
64
66
66
67
68
69
70
70
72
72
73
73
74
74
74
74
74
74
75
75
75
76
76
77
77
78
78
78
79
79
80
79
80
81
81
80
80
78
77
73
72
70
69
69
68
66
65
64
64
63
62
62
61
61
60
60
60
59
59
60
59
58
57
56
54
52
51
49
48
47
47
47
47
47
47
47
48
48
49
48
48
48
48
48
48
48
48
48
48
49
49
208
218
232
245
283
284
284
283
283
282
280
279
277
270
270
269
264
251
249
205
201
198
194
190
185
181
177
172
168
162
157
154
151
147
143
136
115
108
103
94
87
86
87
88
89
89
90
91
92
92
93
93
94
94
95
95
95
94
94
95
95
94
94
94
93
93
92
92
92
91
91
91
90
89
89
88
86
86
86
84
83
82
80
80
79
78
78
78
78
78
79
78
79
79
80
79
80
80
80
81
80
81
81
82
82
81
82
82
83
83
82
83
83
84
83
83
84
84
84
83
84
85
85
85
85
85
86
86
86
86
88
88
88
89
89
90
90
92
92
93
93
94
94
96
97
97
98
98
99
99
99
99
100
100
100
101
100
100
101
100
100
101
101
100
101
101
100
101
101
100
100
100
100
100
99
100
99
99
98
98
99
98
98
97
97
96
96
95
95
94
94
93
93
91
91
90
89
89
89
89
89
89
88
88
88
87
87
88
87
87
86
86
85
85
85
84
83
83
82
81
80
79
78
78
77
77
76
76
75
74
74
74
73
73
72
72
71
71
71
71
71
70
70
69
69
69
68
68
68
67
67
67
67
66
66
66
66
66
65
65
65
65
64
64
64
64
62
63
63
62
62
62
62
61
61
61
61
60
60
60
59
59
59
59
58
58
58
58
57
56
56
55
55
55
54
54
54
53
53
53
53
52
52
53
53
52
52
52
52
53
52
52
53
53
54
53
53
54
54
54
54
54
53
54
53
53
52
53
52
52
51
51
51
50
50
49
50
49
49
48
48
47
47
46
46
45
46
46
45
45
45
45
45
45
44
43
43
43
43
43
43
43
43
43
44
43
43
43
43
43
43
43
43
43
42
42
42
42
42
42
42
41
41
40
40
40
40
39
39
39
39
39
38
37
37
37
37
37
37
37
36
36
36
36
36
35
35
35
35
35
35
35
35
35
35
35
35
35
35
35
35
35
35
35
35
35
36
37
38
39
40
43
44
46
48
50
53
55
57
58
62
68
71
75
77
79
79
80
82
82
83
83
83
82
75
65
49
51
52
54
57
60
63
66
69
73
76
80
81
83
85
85
87
88
87
86
85
82
80
61
53
48
44
38
36
1
1
1
1
1
1
1
1
1
1
1
1
1
1
1
1
1
1
1
1
1
1
1
1
1
1
1
1
1
1
1
1
1
1
1
1
1
1
1
1
1
1
1
1
1
1
1
1
1
1
1
1
1
1
1
1
1
1
