# Vetor de dados - syn_f003888-1-Pre--front--vetorlinha.txt
# Total de elementos: 768
# Formato: um valor por linha
#==================================================

1
1
1
1
1
1
1
1
1
1
1
1
1
1
1
1
1
1
1
1
1
1
1
1
1
1
1
1
1
1
1
1
1
1
1
1
1
1
1
1
1
1
1
1
1
1
1
1
1
1
1
1
1
1
1
1
1
1
1
1
1
1
1
1
1
1
1
1
1
1
1
1
1
1
1
1
1
1
1
1
1
1
1
1
1
1
1
1
1
1
1
1
1
1
1
1
1
1
1
1
1
1
1
1
1
1
1
1
1
1
1
1
9
22
26
29
33
36
38
40
42
44
46
48
49
50
52
52
54
55
56
57
58
58
59
60
60
60
61
61
62
62
62
62
62
62
62
62
62
61
61
60
61
66
69
69
70
70
69
69
68
68
67
67
66
66
65
64
62
61
60
59
56
53
49
48
48
48
46
46
46
45
45
45
45
45
45
45
45
45
45
45
45
45
45
45
44
44
45
49
56
63
68
73
76
81
83
88
100
115
141
160
173
286
298
312
347
355
365
378
434
447
468
493
499
504
509
514
518
523
530
523
524
530
535
538
542
546
480
479
485
487
486
488
479
474
470
463
451
438
406
401
395
374
166
162
159
156
154
152
150
150
149
147
147
145
145
143
141
139
139
137
136
135
134
134
134
135
135
135
135
136
136
136
136
136
136
135
135
135
135
134
133
133
133
133
131
131
130
129
128
127
126
124
124
122
120
118
117
115
113
113
114
114
115
115
115
115
115
115
115
116
116
116
116
116
115
115
115
116
117
117
117
117
117
117
117
117
117
117
116
116
116
117
117
117
118
119
120
120
122
123
124
125
126
127
128
129
130
132
132
132
133
134
134
135
135
135
135
135
136
136
136
136
136
136
136
136
136
136
135
135
135
134
134
134
134
134
134
134
134
134
134
134
134
134
134
134
134
134
134
133
133
133
133
133
133
133
134
134
134
134
134
134
134
134
135
135
135
135
135
135
135
135
135
135
135
135
135
135
135
135
135
134
134
134
134
134
134
134
133
133
133
132
132
132
132
132
132
132
131
131
130
130
130
130
130
130
130
129
128
128
128
128
128
127
126
126
126
126
126
125
124
124
124
124
123
123
123
122
122
122
121
121
121
120
120
119
119
118
118
118
116
116
116
115
115
114
114
113
113
112
112
111
111
111
110
110
109
109
109
108
108
108
107
107
107
107
107
107
107
107
107
107
107
107
107
107
107
107
107
107
107
107
107
107
107
107
106
106
106
106
106
106
106
106
106
106
106
106
105
105
105
105
106
106
106
106
106
106
108
108
108
108
108
109
110
110
110
110
110
110
112
112
112
112
112
112
112
112
112
112
112
112
112
112
111
110
110
110
110
110
110
110
110
109
108
108
108
108
107
106
106
106
106
105
105
104
104
104
104
103
102
102
102
102
101
100
100
100
100
99
98
98
98
98
98
96
96
96
96
95
95
94
94
94
94
93
92
92
92
92
92
91
91
91
90
90
90
90
90
90
90
90
90
90
90
90
90
90
91
92
92
92
92
92
93
93
93
93
93
94
95
95
95
95
95
95
95
97
97
97
98
99
99
101
101
102
103
104
105
106
107
109
109
111
111
113
113
113
114
114
114
114
113
112
112
110
107
105
104
104
102
97
94
47
41
1
1
1
1
1
1
1
1
1
1
1
1
1
1
1
1
1
1
1
1
1
1
1
1
1
1
1
1
1
1
1
1
1
1
1
1
1
1
1
1
1
1
1
1
1
1
1
1
1
1
1
