# Vetor de dados - syn_f000954-2-Pre--front--vetorcoluna.txt
# Total de elementos: 1024
# Formato: um valor por linha
#==================================================

1
1
1
1
1
1
1
1
1
1
1
1
1
1
1
1
1
1
1
1
1
1
1
1
1
1
1
1
1
1
1
1
1
1
1
1
1
1
1
1
1
1
1
1
1
1
1
1
1
1
1
1
1
1
1
1
1
1
1
1
1
1
1
1
1
1
1
1
1
1
1
1
1
1
1
1
1
1
1
1
1
1
1
1
1
1
1
1
1
1
1
1
1
1
1
1
1
1
1
1
1
1
1
1
1
1
1
1
1
1
1
1
1
1
1
1
1
1
1
1
1
1
1
1
1
1
1
1
1
1
1
1
1
1
1
1
1
1
1
1
1
1
1
1
1
1
1
1
1
1
1
1
1
1
1
1
1
1
1
1
1
1
1
1
1
1
1
1
1
1
1
1
1
1
1
1
1
1
1
1
1
1
1
1
1
1
1
1
1
1
1
1
1
1
1
1
1
1
1
1
1
1
1
1
1
1
1
1
1
1
1
1
1
1
1
1
1
6
8
8
8
8
8
9
9
9
9
9
9
9
9
9
10
10
10
10
10
10
10
10
10
17
18
19
19
19
19
19
19
21
21
21
20
19
19
21
20
20
20
19
19
21
21
21
21
21
22
22
22
22
22
22
22
22
22
22
21
22
21
20
19
20
20
20
21
21
21
21
22
22
22
22
23
23
23
24
24
25
25
25
25
26
27
27
27
27
27
28
29
29
29
29
30
31
31
31
31
31
32
33
33
33
33
34
34
34
34
34
34
35
36
36
36
36
36
36
36
36
37
37
38
38
38
38
38
38
38
38
38
38
38
39
39
39
39
39
39
39
39
39
39
39
39
39
39
39
38
38
38
38
39
39
39
39
39
39
39
39
39
39
39
39
39
39
39
40
40
40
40
40
39
40
40
40
40
40
40
40
41
41
41
41
41
41
41
41
41
41
41
41
42
42
42
42
42
42
43
43
43
43
44
44
44
44
44
44
45
45
46
46
46
46
46
46
47
50
52
56
59
61
62
64
66
70
86
88
90
91
92
269
272
275
278
281
285
291
298
380
384
387
390
394
398
402
478
479
481
480
480
479
480
482
482
483
483
483
483
485
485
487
487
488
488
488
488
486
551
534
529
521
486
481
477
472
467
463
459
450
430
424
421
418
416
414
411
409
407
403
367
359
353
318
319
349
355
360
372
408
410
411
414
416
419
422
446
452
457
461
465
470
475
481
486
489
490
516
517
453
481
482
483
482
482
481
481
480
478
477
476
476
476
477
477
476
475
475
476
476
476
400
396
393
389
386
382
379
376
289
285
282
279
276
274
271
269
267
92
90
89
86
83
76
69
66
65
63
60
58
56
54
51
48
46
47
47
45
45
44
44
44
43
43
43
43
41
41
41
41
41
41
41
40
40
40
40
40
40
40
40
40
40
39
40
40
40
40
40
40
39
39
39
39
39
39
38
38
39
39
39
39
39
39
39
38
38
38
39
39
39
39
39
40
39
39
39
39
39
39
40
40
40
40
40
40
41
41
41
40
40
40
40
40
39
39
39
39
38
38
38
38
38
39
39
37
37
37
37
37
36
36
36
36
35
35
35
35
35
34
34
34
34
33
33
32
32
32
31
31
31
31
30
30
30
30
29
29
29
29
28
28
28
28
27
27
27
26
26
26
26
26
26
26
26
26
25
25
25
25
25
25
25
25
24
24
24
24
23
23
23
23
23
23
23
23
23
22
22
22
22
22
22
21
21
21
21
21
21
21
21
21
21
21
21
21
21
21
22
21
21
21
21
20
20
19
1
1
1
1
1
1
1
1
1
1
1
1
1
1
1
1
1
1
1
1
1
1
1
1
1
1
1
1
1
1
1
1
1
1
1
1
1
1
1
1
1
1
1
1
1
1
1
1
1
1
1
1
1
1
1
1
1
1
1
1
1
1
1
1
1
1
1
1
1
1
1
1
1
1
1
1
1
1
1
1
1
1
1
1
1
1
1
1
1
1
1
1
1
1
1
1
1
1
1
1
1
1
1
1
1
1
1
1
1
1
1
1
1
1
1
1
1
1
1
1
1
1
1
1
1
1
1
1
1
1
1
1
1
1
1
1
1
1
1
1
1
1
1
1
1
1
1
1
1
1
1
1
1
1
1
1
1
1
1
1
1
1
1
1
1
1
1
1
1
1
1
1
1
1
1
1
1
1
1
1
1
1
1
1
1
1
1
1
1
1
1
1
1
1
1
1
1
1
1
1
1
1
1
1
1
1
1
1
1
1
1
1
1
1
1
1
1
1
1
1
1
1
1
1
1
1
1
1
1
1
1
1
1
1
1
1
1
1
1
1
