# Vetor de dados - syn_f004861-1-Pre--left--vetorlinha.txt
# Total de elementos: 768
# Formato: um valor por linha
#==================================================

1
1
1
1
1
1
1
1
1
1
1
1
1
1
1
1
1
1
1
1
1
1
1
1
1
1
1
1
1
1
1
1
1
1
1
1
1
1
1
1
1
1
1
1
1
1
1
1
1
1
1
1
1
1
1
1
1
1
1
1
1
1
1
1
1
1
1
1
1
1
1
1
1
1
1
1
1
1
1
1
1
1
1
1
1
1
1
1
1
1
1
1
1
1
1
1
1
1
1
1
1
1
1
1
1
1
1
1
1
1
1
1
1
1
1
1
1
1
1
1
1
1
1
1
1
1
1
1
1
1
1
1
1
1
1
1
1
1
1
21
29
33
38
42
44
47
50
52
54
56
58
59
61
62
64
65
65
67
67
68
68
70
70
70
70
70
70
70
70
71
71
71
71
71
71
71
72
72
73
73
74
75
76
76
77
77
76
76
75
74
72
71
70
69
69
69
68
67
66
66
65
65
64
63
63
62
62
62
62
61
61
60
59
58
55
45
44
43
42
42
42
42
42
42
43
43
44
45
44
45
46
46
47
47
48
48
48
49
48
48
52
154
159
167
208
213
219
226
233
246
254
266
266
266
266
264
261
260
252
252
250
233
180
173
168
161
90
83
77
73
73
74
75
76
76
77
77
77
78
78
78
79
78
78
78
79
79
79
78
78
78
77
77
77
77
76
76
75
75
73
73
72
71
70
70
69
69
69
68
68
68
67
67
67
68
68
68
68
67
67
67
67
67
67
67
67
67
67
67
66
65
65
65
64
64
64
64
63
63
63
63
62
62
62
62
62
62
62
62
63
63
63
63
63
64
64
64
64
64
65
65
66
66
67
68
68
69
69
70
71
71
72
74
74
75
75
76
76
77
77
77
78
78
79
79
79
80
80
80
80
80
80
81
81
80
80
80
80
80
81
81
81
81
81
81
80
80
80
80
80
80
79
79
79
79
79
79
80
80
80
80
80
80
80
80
80
81
80
80
80
80
80
79
79
79
79
78
78
78
78
77
77
77
76
76
75
75
74
74
73
73
72
72
71
71
70
70
69
69
69
69
67
67
67
66
66
66
65
65
64
63
63
63
63
62
62
62
62
62
62
61
61
61
61
61
61
60
60
60
60
60
59
59
59
59
58
58
58
58
58
57
57
57
56
56
56
56
55
55
55
54
54
54
54
53
53
53
52
52
52
51
51
51
50
50
50
49
49
49
48
48
48
47
47
48
47
47
47
47
47
47
47
47
46
47
47
47
47
46
47
46
46
45
46
45
45
45
45
44
43
43
43
43
43
42
42
41
41
41
41
41
41
41
41
41
41
42
42
42
42
42
42
42
42
42
42
42
42
42
42
42
42
42
41
41
41
41
41
40
40
39
39
39
39
39
38
38
37
37
37
36
36
36
36
35
34
34
34
34
34
33
33
33
33
33
33
33
32
32
32
32
33
33
33
33
34
34
33
34
34
35
36
37
38
40
42
44
47
51
53
56
59
63
66
69
71
74
77
78
81
81
81
81
80
81
80
74
49
53
56
60
63
68
71
75
79
83
85
86
86
86
85
84
82
82
81
78
67
55
49
43
36
33
1
1
1
1
1
1
1
1
1
1
1
1
1
1
1
1
1
1
1
1
1
1
1
1
1
1
1
1
1
1
1
1
1
1
1
1
1
1
1
1
1
1
1
1
1
1
1
1
1
1
1
1
1
1
1
1
1
1
1
1
1
1
1
1
1
1
1
1
1
1
1
1
1
1
1
