# Vetor de dados - syn_f004369-1-Pre--left--vetorlinha.txt
# Total de elementos: 768
# Formato: um valor por linha
#==================================================

1
1
1
1
1
1
1
1
1
1
1
1
1
1
1
1
1
1
1
1
1
1
1
1
1
1
1
1
1
1
1
1
1
1
1
1
1
1
1
1
1
1
1
1
1
1
1
1
1
1
1
1
1
1
1
1
1
1
1
1
1
1
1
1
1
1
1
1
1
1
1
1
1
1
1
1
1
1
1
1
1
1
1
1
1
1
1
1
1
1
1
1
1
1
1
1
1
1
1
1
1
1
1
1
1
1
1
1
1
1
1
1
1
1
1
1
1
1
1
1
1
1
1
1
1
1
1
1
1
1
1
1
1
1
9
22
30
35
39
44
47
50
52
54
56
58
60
62
64
66
67
68
69
70
71
72
72
74
74
74
75
75
75
76
76
76
76
76
77
77
77
77
78
78
78
79
80
81
81
82
82
83
83
83
83
82
82
79
77
76
74
73
73
73
72
71
70
69
68
68
67
67
67
66
64
63
63
63
62
62
62
61
60
60
59
56
52
43
43
42
41
42
41
41
42
41
41
42
41
42
42
43
42
159
192
205
215
230
264
267
266
267
266
265
263
262
257
255
254
251
238
231
195
192
189
186
182
178
173
169
164
158
151
144
106
100
96
93
88
84
81
76
76
77
77
78
78
78
79
79
79
79
80
80
80
80
80
80
80
80
80
81
80
80
80
80
80
80
80
80
80
80
78
78
78
77
77
75
75
74
74
73
71
70
69
70
70
69
69
69
69
69
69
69
69
69
69
69
69
69
69
69
69
68
68
68
67
67
67
66
66
66
65
64
63
63
63
62
62
61
61
61
60
60
59
59
59
59
60
60
60
60
61
61
60
60
62
62
64
66
67
67
68
69
70
71
72
72
73
74
74
75
75
76
77
77
77
77
78
79
78
78
79
78
79
79
79
79
80
79
79
80
80
80
80
81
81
81
82
82
82
82
83
83
83
84
84
85
85
86
86
86
85
86
86
86
87
87
86
87
87
87
87
87
86
86
87
86
86
86
85
85
84
84
83
82
81
81
80
79
79
79
78
78
77
77
76
76
76
75
75
74
74
73
73
73
72
71
71
71
71
70
70
69
69
69
68
67
67
67
66
66
66
66
65
64
64
64
64
63
63
63
63
61
61
61
61
61
60
60
60
60
60
59
58
58
57
57
57
57
56
56
56
56
54
54
53
53
53
52
52
52
51
51
51
50
50
50
50
49
49
49
49
49
49
50
49
49
49
50
50
51
51
51
52
52
53
53
53
53
53
54
53
53
53
53
52
52
52
51
51
50
50
49
50
49
49
48
47
46
46
45
44
44
45
45
45
46
45
45
45
45
46
46
46
46
45
45
45
45
45
45
46
44
44
44
44
44
44
44
43
43
43
43
43
42
42
41
41
41
41
40
40
39
39
39
39
38
37
37
37
36
36
36
35
35
34
34
34
34
34
34
34
34
34
35
35
34
35
35
35
36
37
37
37
38
39
42
44
46
48
52
54
56
59
61
65
69
71
73
75
76
78
79
82
84
83
83
83
84
83
56
58
62
65
69
71
74
79
80
82
84
86
87
87
85
84
83
80
78
75
55
49
42
39
36
1
1
1
1
1
1
1
1
1
1
1
1
1
1
1
1
1
1
1
1
1
1
1
1
1
1
1
1
1
1
1
1
1
1
1
1
1
1
1
1
1
1
1
1
1
1
1
1
1
1
1
1
1
1
1
1
1
1
1
1
1
1
1
1
1
1
1
1
1
1
1
1
