# Vetor de dados - syn_f001774-0-Pre--front--vetorlinha.txt
# Total de elementos: 768
# Formato: um valor por linha
#==================================================

1
1
1
1
1
1
1
1
1
1
1
1
1
1
1
1
1
1
1
1
1
1
1
1
1
1
1
1
1
1
1
1
1
1
1
1
1
1
1
1
1
1
1
1
1
1
1
1
1
1
1
1
1
1
1
1
1
1
1
1
1
1
1
1
1
1
1
1
1
1
1
1
1
1
1
1
1
1
1
1
1
1
1
1
1
1
1
1
1
1
1
1
1
1
1
1
1
1
1
1
1
1
1
1
1
1
1
1
1
1
1
1
1
1
1
1
1
1
1
1
1
12
22
26
30
34
36
38
40
42
44
46
47
49
50
51
52
53
55
55
56
57
57
58
59
59
59
59
60
60
60
60
60
60
60
60
59
59
59
59
63
66
67
68
68
68
67
66
66
66
65
64
64
64
62
61
60
60
58
55
53
50
50
50
48
48
48
47
46
45
45
43
43
43
43
44
44
44
44
42
42
42
42
42
42
42
42
42
42
42
44
47
51
54
56
79
89
99
107
119
128
136
144
151
157
249
261
269
276
286
380
392
400
410
420
431
441
463
483
488
499
504
505
508
508
499
492
499
504
508
514
522
351
359
357
356
354
352
351
348
143
142
140
138
137
135
133
132
130
128
126
124
122
118
115
112
109
108
106
105
104
103
103
102
102
102
101
100
100
100
99
99
99
98
97
97
96
95
94
94
93
93
92
92
92
92
93
92
92
92
92
92
92
92
92
91
91
91
91
90
90
90
89
89
89
89
88
88
87
87
87
86
86
85
84
84
85
85
85
85
85
85
85
85
85
85
86
87
87
88
89
90
90
92
92
94
94
96
96
97
98
99
99
101
101
101
102
103
104
104
104
105
106
106
107
107
109
109
109
109
111
111
111
112
113
113
113
114
115
115
115
116
116
116
116
117
117
118
118
118
118
118
118
118
118
118
118
118
119
119
119
120
120
121
121
121
121
121
121
121
121
121
121
121
121
121
122
123
123
123
123
123
123
123
123
123
123
122
121
121
121
121
121
121
121
121
121
120
120
119
119
119
119
118
118
118
117
117
117
117
116
116
116
115
115
114
114
114
114
112
112
112
112
110
110
110
110
108
108
108
108
107
106
106
106
106
104
104
104
104
104
104
102
102
102
102
102
102
101
100
100
100
100
100
99
99
98
98
98
98
97
97
97
96
96
96
96
96
96
95
95
95
95
95
95
95
95
95
95
95
95
95
95
95
94
94
94
93
93
93
93
93
93
93
93
94
94
94
94
94
94
94
94
94
95
95
95
95
95
95
95
95
95
96
97
97
97
97
97
97
98
98
98
98
99
99
99
99
99
99
99
99
99
99
99
97
97
97
97
97
97
97
97
97
97
97
95
95
95
95
95
95
95
95
95
94
93
93
93
93
93
93
93
93
92
91
91
91
91
91
90
90
90
90
89
89
89
88
88
88
88
88
87
86
86
86
86
86
85
84
84
84
84
84
83
83
82
82
82
82
82
82
82
83
84
84
84
84
86
86
85
85
85
85
85
85
85
85
86
88
88
89
89
90
90
90
91
92
93
95
95
97
99
99
99
101
101
101
103
103
105
104
104
103
103
102
101
99
98
96
94
93
90
87
36
1
1
1
1
1
1
1
1
1
1
1
1
1
1
1
1
1
1
1
1
1
1
1
1
1
1
1
1
1
1
1
1
1
1
1
1
1
1
1
1
1
1
1
1
1
1
1
1
1
1
1
1
1
1
1
1
1
1
1
1
1
1
1
