# Vetor de dados - syn_f002955-1-Pre--front--vetorlinha.txt
# Total de elementos: 768
# Formato: um valor por linha
#==================================================

1
1
1
1
1
1
1
1
1
1
1
1
1
1
1
1
1
1
1
1
1
1
1
1
1
1
1
1
1
1
1
1
1
1
1
1
1
1
1
1
1
1
1
1
1
1
1
1
1
1
1
1
1
1
1
1
1
1
1
1
1
1
1
1
1
1
1
1
1
1
1
1
1
1
1
1
1
1
1
1
1
1
1
1
1
1
1
1
1
1
1
1
1
1
1
1
1
1
1
1
1
1
1
1
1
1
1
1
1
1
1
1
1
1
1
1
1
1
1
1
1
1
1
1
1
1
1
1
16
23
27
31
36
39
41
43
45
47
49
49
51
52
53
54
56
57
58
58
59
60
60
61
62
62
62
62
63
62
62
62
62
62
62
62
62
62
64
68
69
71
71
70
69
69
69
69
67
67
67
66
65
64
62
62
60
58
56
54
54
53
53
52
52
51
50
48
46
45
44
44
44
43
43
43
42
43
43
43
43
43
44
44
45
47
48
50
53
57
61
71
77
83
105
117
127
153
162
171
360
381
399
416
431
452
474
481
489
500
511
530
553
558
573
591
591
591
588
580
565
567
564
548
545
546
478
470
463
457
373
357
340
325
230
211
198
188
180
174
168
163
158
155
152
149
147
146
144
142
140
138
136
134
132
129
127
124
123
122
120
120
120
118
118
118
116
116
116
116
116
115
114
114
113
113
111
111
111
110
109
109
108
107
107
106
105
105
104
103
103
103
103
103
103
103
103
103
103
103
103
103
103
103
103
103
102
102
102
102
102
102
102
102
102
102
103
103
103
103
103
103
103
102
102
102
102
101
100
100
100
100
100
100
100
101
101
102
103
104
106
107
109
110
111
113
114
115
115
117
117
117
119
119
119
120
120
121
121
122
122
122
122
123
123
124
124
124
124
126
126
126
126
127
128
128
128
130
130
130
130
132
132
132
132
133
134
134
135
135
135
136
137
137
137
137
139
139
139
139
139
139
139
139
139
139
139
139
139
139
139
139
139
139
138
138
138
137
137
137
137
137
137
136
136
136
135
135
135
135
134
134
134
133
133
133
133
133
132
131
131
131
131
131
131
130
129
129
129
128
127
127
126
125
124
124
123
122
122
121
121
120
120
120
119
118
118
118
118
118
116
116
116
116
116
116
116
115
114
114
114
114
114
113
113
113
112
112
112
112
112
112
112
112
112
112
112
112
112
112
112
111
111
111
111
111
111
110
110
110
110
109
108
108
108
108
108
108
108
108
108
108
108
110
110
110
110
110
110
111
111
112
112
112
112
112
113
113
113
113
114
114
115
115
115
115
115
115
115
115
115
115
115
115
115
115
115
115
115
114
114
113
113
113
113
113
113
112
111
111
111
111
111
109
109
109
109
108
107
107
107
106
105
105
104
104
104
104
102
102
102
102
100
100
100
99
99
98
98
97
97
96
95
95
95
94
94
93
93
93
92
92
91
91
91
91
91
91
90
90
90
91
91
93
93
94
95
96
95
95
95
95
95
95
95
95
95
96
97
97
97
98
98
98
99
100
100
102
103
104
105
106
106
107
108
108
110
110
111
112
113
113
113
112
112
112
111
109
106
105
102
96
47
44
1
1
1
1
1
1
1
1
1
1
1
1
1
1
1
1
1
1
1
1
1
1
1
1
1
1
1
1
1
1
1
1
1
1
1
1
1
1
1
1
1
1
1
1
1
1
1
1
1
1
1
1
1
1
1
1
1
1
1
1
1
1
1
1
1
1
