# Vetor de dados - syn_f000389-1-Pre--left--vetorlinha.txt
# Total de elementos: 768
# Formato: um valor por linha
#==================================================

1
1
1
1
1
1
1
1
1
1
1
1
1
1
1
1
1
1
1
1
1
1
1
1
1
1
1
1
1
1
1
1
1
1
1
1
1
1
1
1
1
1
1
1
1
1
1
1
1
1
1
1
1
1
1
1
1
1
1
1
1
1
1
1
1
1
1
1
1
1
1
1
1
1
1
1
1
1
1
1
1
1
1
1
1
1
1
1
1
1
1
1
1
1
1
1
1
1
1
1
1
1
1
1
1
1
1
1
1
1
1
1
1
1
1
1
1
1
1
1
1
1
1
1
1
1
1
1
1
1
1
1
1
16
25
31
36
40
43
46
49
51
53
55
57
59
60
62
63
64
66
66
67
68
68
69
70
70
70
70
70
71
71
71
72
72
72
72
73
72
72
73
74
74
74
75
76
76
76
77
75
75
74
72
70
68
67
66
65
65
64
63
62
62
61
61
60
59
59
60
60
60
60
60
60
59
58
58
55
50
46
45
45
45
45
46
45
46
46
46
46
47
46
46
47
47
46
47
47
47
48
49
49
49
51
52
52
55
59
62
68
75
87
102
139
145
150
155
160
164
169
173
179
184
190
196
202
206
209
213
216
221
226
231
235
240
247
253
258
264
272
272
272
271
270
267
264
79
80
80
81
81
82
82
83
83
84
84
84
84
84
84
84
84
84
84
84
84
84
83
83
83
82
82
81
80
79
79
78
78
78
78
78
78
78
78
79
79
79
80
80
80
81
81
80
80
80
80
81
80
80
80
80
80
80
79
79
79
79
79
79
78
78
78
78
78
78
77
77
77
78
78
78
78
77
77
77
77
77
77
77
78
78
79
80
80
80
82
82
82
82
82
83
84
84
85
85
86
87
87
88
88
89
89
90
90
90
91
91
92
92
92
93
93
93
93
93
93
93
93
94
94
94
94
93
94
94
94
94
93
93
93
93
92
92
92
91
90
90
89
88
87
87
86
85
84
85
85
85
85
84
84
85
85
84
84
84
85
84
84
84
83
83
83
82
82
82
81
81
80
80
79
79
78
78
76
76
75
75
74
74
74
74
74
74
73
72
72
72
72
72
71
71
70
70
69
69
69
69
68
68
68
68
67
67
67
66
66
66
66
66
66
65
65
65
65
65
65
63
63
63
63
63
62
62
62
62
62
61
61
61
61
61
59
59
59
59
58
58
58
58
57
57
56
56
55
55
55
54
54
54
53
53
53
52
52
52
52
52
52
53
53
53
53
54
53
53
53
53
53
53
53
52
53
52
51
52
51
51
51
50
50
50
49
48
48
48
47
47
46
47
46
46
46
46
46
45
45
45
45
45
45
46
46
45
45
45
46
46
46
45
46
46
46
46
46
45
45
45
45
45
45
45
44
44
44
44
44
44
43
42
42
42
42
42
42
41
41
40
40
40
40
39
39
39
39
38
38
38
39
38
38
38
38
37
38
38
38
37
38
38
38
38
38
39
40
41
41
43
44
46
48
50
52
55
57
60
62
67
69
72
73
76
78
80
83
84
84
84
84
83
81
52
55
58
62
67
71
73
76
79
81
82
83
84
86
87
86
85
83
82
79
71
61
54
48
39
22
1
1
1
1
1
1
1
1
1
1
1
1
1
1
1
1
1
1
1
1
1
1
1
1
1
1
1
1
1
1
1
1
1
1
1
1
1
1
1
1
1
1
1
1
1
1
1
1
1
1
1
1
1
1
1
1
1
1
1
1
1
1
1
1
1
1
1
1
1
1
