# Vetor de dados - syn_f003768-3-Pre--front--vetorlinha.txt
# Total de elementos: 768
# Formato: um valor por linha
#==================================================

1
1
1
1
1
1
1
1
1
1
1
1
1
1
1
1
1
1
1
1
1
1
1
1
1
1
1
1
1
1
1
1
1
1
1
1
1
1
1
1
1
1
1
1
1
1
1
1
1
1
1
1
1
1
1
1
1
1
1
1
1
1
1
1
1
1
1
1
1
1
1
1
1
1
1
1
1
1
1
1
1
1
1
1
1
1
1
1
1
1
1
1
1
1
1
1
1
1
1
1
1
1
1
1
1
1
1
8
20
25
28
32
36
38
40
42
44
46
48
49
50
51
53
53
55
56
57
57
58
59
59
60
61
61
61
61
61
61
61
61
61
61
61
61
60
59
59
63
66
68
68
68
68
68
68
67
66
66
65
64
64
63
62
61
59
58
57
52
48
47
46
46
46
45
44
44
44
44
44
44
44
44
44
44
44
44
44
44
44
44
44
44
44
45
46
47
47
49
52
55
57
59
61
63
67
69
72
77
82
122
130
139
158
172
272
282
293
306
406
420
436
445
453
461
470
479
491
501
511
530
547
550
553
558
563
567
573
565
574
577
577
577
576
575
510
484
476
470
462
453
403
306
223
212
204
186
161
157
155
153
151
149
149
148
147
147
146
146
145
144
143
142
142
140
138
137
136
134
133
132
131
131
130
129
127
127
125
125
123
123
122
121
120
119
118
117
116
114
112
112
110
108
108
106
106
105
104
103
103
103
103
102
102
103
102
103
103
103
103
103
103
103
103
103
103
103
103
102
102
102
101
101
101
100
100
100
99
98
98
98
97
97
97
98
98
100
100
100
101
102
103
103
104
104
106
106
106
108
108
109
111
111
113
114
115
117
117
119
120
121
121
123
123
123
124
125
125
125
126
126
126
127
127
127
127
127
126
126
126
126
126
126
127
127
127
128
128
128
129
129
130
130
131
131
132
133
133
134
135
136
136
137
138
138
140
140
140
142
142
142
143
144
144
144
144
145
146
146
146
146
148
148
148
148
148
148
148
147
148
148
148
148
148
148
148
148
148
148
148
147
147
147
147
147
147
147
146
146
146
146
145
145
145
145
144
144
143
143
143
142
142
141
141
141
140
140
139
139
138
138
137
136
136
136
135
135
134
133
133
133
133
132
132
131
131
131
131
130
129
128
127
127
126
125
125
123
123
123
121
121
120
119
119
117
117
117
115
115
115
114
113
113
112
112
111
111
111
110
111
110
110
110
110
110
110
110
110
110
110
110
110
109
109
109
109
109
109
109
109
109
109
109
109
109
109
110
110
111
111
111
112
113
113
114
114
115
115
116
117
117
117
118
119
119
119
119
121
121
121
121
121
121
121
121
121
121
121
122
122
121
121
121
121
121
121
121
121
121
121
119
119
119
119
119
117
117
117
117
116
116
115
115
115
114
114
113
113
112
111
111
110
110
109
109
108
108
107
107
106
106
105
105
104
104
103
103
102
102
101
101
100
100
99
99
99
98
97
97
97
97
96
95
95
95
95
95
94
94
94
94
94
94
94
94
94
94
94
94
94
95
95
95
95
95
95
95
95
95
96
96
97
97
97
97
99
99
99
99
100
101
102
103
104
105
105
107
107
109
109
110
110
112
112
112
112
114
114
114
114
113
113
113
113
112
109
108
106
100
99
94
89
45
40
1
1
1
1
1
1
1
1
1
1
1
1
1
1
1
1
1
1
1
1
1
1
1
1
1
1
1
1
1
1
1
1
1
1
1
1
1
1
1
1
1
1
1
1
1
