# Vetor de dados - syn_f001872-2-Pre--left--vetorlinha.txt
# Total de elementos: 768
# Formato: um valor por linha
#==================================================

1
1
1
1
1
1
1
1
1
1
1
1
1
1
1
1
1
1
1
1
1
1
1
1
1
1
1
1
1
1
1
1
1
1
1
1
1
1
1
1
1
1
1
1
1
1
1
1
1
1
1
1
1
1
1
1
1
1
1
1
1
1
1
1
1
1
1
1
1
1
1
1
1
1
1
1
1
1
1
1
1
1
1
1
1
1
1
1
1
1
1
1
1
1
1
1
1
1
1
1
1
1
1
1
1
1
1
1
1
1
1
20
28
34
38
43
47
49
52
54
56
58
60
62
64
66
68
68
69
70
71
73
73
74
75
76
76
76
77
77
77
77
77
77
77
77
77
78
78
78
79
79
79
79
80
80
81
81
82
83
83
83
84
83
82
82
80
79
75
73
72
72
71
70
69
68
68
67
67
67
67
66
67
67
67
67
67
67
68
69
68
67
66
65
65
62
60
58
56
54
54
53
53
53
52
53
53
54
54
54
55
56
56
57
64
196
222
226
233
239
249
260
277
303
304
305
304
304
303
301
300
298
291
289
289
286
268
266
256
226
223
219
216
214
210
206
202
198
194
189
181
173
167
161
133
125
121
116
111
108
109
110
111
112
113
114
114
115
115
116
116
116
117
117
118
118
118
118
118
117
117
117
117
116
116
117
117
117
117
116
116
116
116
116
115
114
114
113
113
113
112
112
110
110
109
109
108
108
108
108
107
107
108
108
107
107
107
107
107
107
107
107
106
106
106
105
105
106
105
105
105
105
105
105
104
105
105
105
106
106
105
106
106
106
105
105
105
104
104
104
103
103
102
101
100
101
100
101
100
101
100
101
101
101
102
103
103
105
105
106
107
108
108
109
110
110
112
112
112
114
114
114
114
115
116
116
116
116
116
116
116
117
117
117
117
117
117
117
117
117
118
118
118
117
117
117
117
116
116
115
115
114
114
114
113
113
111
111
110
110
109
108
107
106
105
104
101
99
97
97
96
95
95
94
94
93
93
92
91
90
90
89
88
87
87
87
87
86
86
85
85
84
84
84
83
83
83
82
82
82
82
82
82
82
82
82
82
81
81
81
81
81
81
81
81
80
80
80
80
80
79
79
79
79
79
78
78
78
78
78
78
76
76
76
76
76
75
75
75
75
74
74
74
74
73
73
72
71
71
71
71
70
70
69
69
68
68
67
66
66
65
65
64
63
63
62
62
61
61
60
60
60
58
58
58
57
57
56
56
56
56
56
57
57
58
57
58
58
59
59
59
59
59
58
59
58
59
58
58
58
58
58
58
57
57
57
57
57
56
56
56
56
55
55
54
55
54
54
53
53
53
53
53
53
53
53
54
54
54
55
55
55
55
54
55
55
55
55
56
56
56
56
55
55
55
55
55
55
55
54
54
54
54
54
53
53
53
53
52
52
51
51
51
50
50
49
49
49
48
47
47
46
46
46
44
44
44
43
43
42
41
41
41
41
40
40
39
39
39
38
38
39
39
39
39
39
39
40
41
42
42
43
44
46
47
49
51
53
56
58
61
64
70
73
76
77
79
81
83
84
86
87
87
87
87
86
87
87
87
87
68
61
64
66
69
73
76
80
82
84
85
86
87
87
88
88
87
86
85
82
76
67
62
58
52
48
42
38
23
1
1
1
1
1
1
1
1
1
1
1
1
1
1
1
1
1
1
1
1
1
1
1
1
1
1
1
1
1
1
1
1
1
1
1
1
1
1
1
1
1
1
1
1
1
1
1
1
1
