# Vetor de dados - syn_f003448-0-Pre--left--vetorlinha.txt
# Total de elementos: 768
# Formato: um valor por linha
#==================================================

1
1
1
1
1
1
1
1
1
1
1
1
1
1
1
1
1
1
1
1
1
1
1
1
1
1
1
1
1
1
1
1
1
1
1
1
1
1
1
1
1
1
1
1
1
1
1
1
1
1
1
1
1
1
1
1
1
1
1
1
1
1
1
1
1
1
1
1
1
1
1
1
1
1
1
1
1
1
1
1
1
1
1
1
1
1
1
1
1
1
1
1
1
1
1
1
1
1
1
1
1
1
1
1
1
1
1
1
1
1
1
1
1
1
1
1
1
1
1
1
1
1
1
1
1
1
1
1
1
1
1
16
24
31
36
40
44
46
49
51
53
55
57
59
60
63
63
65
66
67
68
68
69
69
71
71
71
71
72
72
72
72
72
72
72
72
73
73
74
74
75
75
76
76
77
77
78
78
78
77
76
76
73
71
69
68
67
66
66
65
63
63
63
61
61
59
59
58
58
58
58
57
56
55
56
54
52
49
45
44
42
43
42
42
43
42
42
43
42
43
43
43
43
43
44
44
49
54
62
159
166
174
185
212
218
223
231
239
245
258
267
283
283
284
284
283
282
279
277
269
268
267
248
202
196
189
183
176
167
158
148
131
101
92
86
83
84
85
85
86
86
87
87
88
88
88
89
89
89
89
89
89
89
89
89
88
87
87
86
86
85
85
84
84
82
82
81
81
80
79
79
79
79
79
79
79
80
79
79
79
79
79
79
79
79
79
79
79
79
80
80
79
79
79
79
79
80
80
80
79
79
79
79
79
79
79
78
78
78
77
77
77
76
76
76
75
75
76
76
77
77
77
78
79
79
80
80
82
82
84
84
85
86
87
87
88
88
90
91
91
92
93
94
95
95
96
97
97
98
98
99
99
100
100
101
101
101
102
102
103
103
103
104
104
103
104
104
104
105
104
104
105
105
104
104
104
104
104
103
103
103
102
101
100
100
99
99
98
98
98
99
99
98
98
98
98
97
97
98
97
97
96
96
95
95
96
95
95
94
94
93
92
92
90
90
90
89
89
88
88
86
86
85
85
85
84
84
83
83
82
82
82
80
80
79
79
79
78
77
77
77
76
75
75
75
75
74
73
73
73
72
72
72
72
71
71
71
70
70
70
69
69
69
69
68
68
68
67
67
67
66
66
66
65
65
65
64
63
63
63
63
62
62
61
61
61
60
59
59
58
58
58
57
57
57
56
56
56
55
55
55
55
55
55
55
56
55
56
56
56
56
56
56
56
55
54
55
54
54
54
53
53
53
52
52
52
51
51
50
50
49
49
48
49
48
48
48
47
47
47
47
47
47
47
47
47
47
47
47
46
46
47
47
47
47
47
47
47
46
46
46
46
46
46
46
45
45
45
45
45
45
45
44
44
44
44
43
43
43
42
42
42
42
41
41
41
41
41
40
40
39
39
39
39
39
39
38
37
37
37
37
37
37
36
36
36
35
35
35
35
35
35
35
36
37
38
38
41
43
44
47
50
52
57
63
67
69
69
71
73
75
77
78
80
81
81
81
81
82
81
39
40
42
43
45
46
49
52
55
59
62
66
70
72
75
78
81
82
84
85
86
85
84
82
80
72
64
59
52
47
43
40
1
1
1
1
1
1
1
1
1
1
1
1
1
1
1
1
1
1
1
1
1
1
1
1
1
1
1
1
1
1
1
1
1
1
1
1
1
1
1
1
1
1
1
1
1
1
1
1
1
1
1
1
1
1
1
1
1
1
1
1
1
1
1
1
1
1
