# Vetor de dados - syn_f000017-2-Pre--front--vetorlinha.txt
# Total de elementos: 768
# Formato: um valor por linha
#==================================================

1
1
1
1
1
1
1
1
1
1
1
1
1
1
1
1
1
1
1
1
1
1
1
1
1
1
1
1
1
1
1
1
1
1
1
1
1
1
1
1
1
1
1
1
1
1
1
1
1
1
1
1
1
1
1
1
1
1
1
1
1
1
1
1
1
1
1
1
1
1
1
1
1
1
1
1
1
1
1
1
1
1
1
1
1
1
1
1
1
1
1
1
1
1
1
1
1
1
1
1
1
1
1
1
1
1
1
1
1
1
1
1
1
1
19
25
29
33
37
39
41
43
45
47
49
50
51
52
54
54
56
57
58
58
59
60
60
61
62
62
62
62
63
63
62
62
62
62
62
62
62
62
62
67
69
70
70
69
69
69
69
69
67
67
67
66
65
65
63
62
61
59
57
54
53
53
52
52
52
51
50
49
48
47
46
44
44
44
44
44
44
44
44
44
44
44
44
43
43
43
43
45
47
51
54
57
59
61
65
72
239
276
303
316
443
487
494
500
509
517
525
530
532
527
557
560
561
561
560
559
557
493
475
465
463
461
457
452
444
432
343
332
315
301
289
280
271
247
232
218
200
173
160
153
148
144
141
140
139
137
136
136
134
134
133
132
132
131
130
128
127
126
125
123
122
121
120
118
118
117
115
115
113
113
112
111
110
110
108
108
106
106
104
104
103
102
101
100
99
98
98
96
96
95
95
95
95
96
96
95
95
95
95
95
95
95
94
94
94
93
92
92
91
91
90
89
89
87
87
86
85
85
85
85
85
85
86
86
86
87
88
88
88
90
90
90
90
92
92
93
95
96
98
99
101
103
104
105
107
108
109
110
111
112
113
114
114
114
116
116
117
117
118
118
118
119
120
120
120
120
121
121
122
122
123
123
123
123
125
125
125
126
127
127
128
129
130
130
130
132
132
133
134
134
136
136
136
138
138
138
140
140
140
141
141
142
142
142
143
144
144
144
145
145
146
146
145
145
145
145
145
145
145
144
143
143
143
143
143
143
143
141
141
141
141
141
139
139
139
139
139
137
137
137
137
136
135
135
135
133
133
133
133
131
131
131
131
129
129
129
129
129
128
127
127
127
127
127
125
125
125
125
124
124
123
123
123
123
123
123
122
121
121
121
121
121
121
120
119
119
119
119
118
118
117
117
116
116
116
115
114
114
114
114
113
112
112
112
112
112
111
110
110
110
110
110
110
110
109
110
109
109
109
108
108
108
108
108
108
108
108
108
108
108
108
108
108
109
109
109
109
109
109
109
110
110
110
110
111
111
111
112
112
112
113
114
114
114
114
114
115
115
115
115
115
115
115
116
116
116
116
115
116
115
115
115
115
115
115
115
115
115
114
114
114
113
113
113
112
112
112
112
111
111
110
110
110
110
108
108
108
108
106
106
106
106
105
104
104
104
104
103
102
102
102
101
100
100
100
100
99
98
98
98
98
97
96
96
96
96
96
95
94
94
94
94
94
94
93
93
93
93
92
92
92
92
92
92
93
93
93
93
93
93
93
93
93
93
94
94
94
94
94
94
95
96
96
97
97
98
99
99
99
100
101
103
103
105
105
107
107
109
110
111
111
111
113
113
113
112
112
112
110
110
110
109
108
105
103
103
101
97
94
47
1
1
1
1
1
1
1
1
1
1
1
1
1
1
1
1
1
1
1
1
1
1
1
1
1
1
1
1
1
1
1
1
1
1
1
1
1
1
1
1
1
1
1
1
1
1
1
1
1
1
1
1
1
1
