# Vetor de dados - syn_f003885-0-Pre--front--vetorcoluna.txt
# Total de elementos: 1024
# Formato: um valor por linha
#==================================================

1
1
1
1
1
1
1
1
1
1
1
1
1
1
1
1
1
1
1
1
1
1
1
1
1
1
1
1
1
1
1
1
1
1
1
1
1
1
1
1
1
1
1
1
1
1
1
1
1
1
1
1
1
1
1
1
1
1
1
1
1
1
1
1
1
1
1
1
1
1
1
1
1
1
1
1
1
1
1
1
1
1
1
1
1
1
1
1
1
1
1
1
1
1
1
1
1
1
1
1
1
1
1
1
1
1
1
1
1
1
1
1
1
1
1
1
1
1
1
1
1
1
1
1
1
1
1
1
1
1
1
1
1
1
1
1
1
1
1
1
1
1
1
1
1
1
1
1
1
1
1
1
1
1
1
1
1
1
1
1
1
1
1
1
1
1
1
1
1
1
1
1
1
1
1
1
1
1
1
1
1
1
1
1
1
1
1
1
1
1
1
1
1
1
1
1
1
1
1
1
1
1
1
1
1
1
1
1
1
1
1
1
1
1
1
1
1
1
1
1
1
1
1
1
1
1
1
1
1
1
1
1
1
1
1
1
1
1
1
27
27
27
27
27
27
27
27
27
27
27
27
27
27
27
27
27
27
27
28
28
28
28
28
28
28
28
29
29
29
29
29
29
29
30
30
1
1
1
1
1
1
1
1
1
1
1
1
1
1
1
1
1
1
1
30
30
30
30
30
30
30
30
30
30
30
30
30
30
30
30
30
30
30
30
30
30
30
30
30
30
30
30
30
30
30
30
30
30
30
30
30
30
31
31
31
31
31
31
31
31
31
31
31
31
31
31
32
32
32
32
33
33
33
33
34
34
34
34
34
34
33
33
33
33
33
33
33
33
32
32
32
32
32
32
32
31
30
30
30
30
30
30
30
30
30
30
29
29
29
29
29
29
30
30
30
30
29
29
29
29
29
29
29
29
30
30
30
30
30
31
31
31
31
32
32
32
32
32
33
33
34
34
34
35
35
35
35
36
36
36
36
37
37
39
39
39
40
40
41
41
42
43
44
45
47
48
50
51
52
53
54
55
57
59
61
63
65
65
278
287
302
390
396
402
408
413
417
491
491
494
494
494
493
495
496
496
496
495
494
494
494
494
496
496
497
497
498
497
497
574
573
496
492
487
481
476
470
463
446
438
433
430
426
422
419
412
376
369
363
358
352
345
347
350
354
358
363
368
374
380
410
416
419
422
426
430
457
465
470
473
477
482
487
492
491
493
493
493
492
492
491
490
490
488
487
488
489
489
489
489
489
487
487
487
488
487
486
421
416
411
406
401
396
390
382
294
285
67
63
62
61
60
58
57
56
55
54
53
51
50
49
48
46
44
43
42
42
41
40
38
38
37
37
37
36
36
35
34
34
34
34
33
32
32
32
32
32
32
32
31
31
31
31
31
31
30
30
30
30
30
30
29
29
29
29
29
29
29
28
28
28
29
29
29
29
29
29
28
28
28
28
28
29
29
30
30
30
30
30
31
31
31
31
31
31
31
32
32
32
32
33
33
34
34
34
34
34
34
33
33
33
33
33
33
32
32
32
32
32
31
31
31
31
31
30
29
29
29
29
29
28
28
28
28
28
26
26
26
26
26
26
26
26
26
26
26
26
26
26
26
26
26
26
26
26
26
26
26
26
26
26
26
26
26
26
26
26
26
26
26
26
26
26
26
26
26
26
26
26
26
26
26
26
26
26
26
26
25
25
25
25
25
24
24
24
24
24
24
23
23
23
23
23
23
23
23
23
22
22
22
22
22
22
22
22
22
22
22
22
21
21
22
22
22
22
22
1
1
1
1
1
1
1
1
1
1
1
1
1
1
1
1
1
1
1
1
1
1
1
1
1
1
1
1
1
1
1
1
1
1
1
1
1
1
1
1
1
1
1
1
1
1
1
1
1
1
1
1
1
1
1
1
1
1
1
1
1
1
1
1
1
1
1
1
1
1
1
1
1
1
1
1
1
1
1
1
1
1
1
1
1
1
1
1
1
1
1
1
1
1
1
1
1
1
1
1
1
1
1
1
1
1
1
1
1
1
1
1
1
1
1
1
1
1
1
1
1
1
1
1
1
1
1
1
1
1
1
1
1
1
1
1
1
1
1
1
1
1
1
1
1
1
1
1
1
1
1
1
1
1
1
1
1
1
1
1
1
1
1
1
1
1
1
1
1
1
1
1
1
1
1
1
1
1
1
1
1
1
1
1
1
1
1
1
1
1
1
1
1
1
1
1
1
1
1
1
1
1
1
1
1
1
1
1
1
1
1
1
1
1
1
1
1
1
1
1
1
1
1
1
1
1
1
1
1
1
1
1
1
1
1
1
1
1
