# Vetor de dados - syn_f004431-3-Pre--front--vetorcoluna.txt
# Total de elementos: 1024
# Formato: um valor por linha
#==================================================

1
1
1
1
1
1
1
1
1
1
1
1
1
1
1
1
1
1
1
1
1
1
1
1
1
1
1
1
1
1
1
1
1
1
1
1
1
1
1
1
1
1
1
1
1
1
1
1
1
1
1
1
1
1
1
1
1
1
1
1
1
1
1
1
1
1
1
1
1
1
1
1
1
1
1
1
1
1
1
1
1
1
1
1
1
1
1
1
1
1
1
1
1
1
1
1
1
1
1
1
1
1
1
1
1
1
1
1
1
1
1
1
1
1
1
1
1
1
1
1
1
1
1
1
1
1
1
1
1
1
1
1
1
1
1
1
1
1
1
1
1
1
1
1
1
1
1
1
1
1
1
1
1
1
1
1
1
1
1
1
1
1
1
1
1
1
1
1
1
1
1
1
1
1
1
1
1
1
1
1
1
1
1
1
1
1
1
1
1
1
1
1
1
1
1
1
1
1
1
1
1
1
1
1
1
1
1
1
1
1
1
1
1
1
1
1
1
1
1
1
1
1
1
1
1
1
1
1
1
1
1
1
1
1
1
1
1
1
1
1
1
21
21
21
21
21
21
21
21
21
21
26
28
28
29
29
29
29
29
29
29
28
28
28
27
27
27
27
26
26
26
26
26
26
26
26
26
26
25
25
25
25
24
24
23
23
22
21
21
20
19
19
19
19
18
18
18
18
18
18
18
18
18
19
19
19
19
19
19
19
20
21
21
21
21
22
22
22
22
23
23
23
24
24
25
25
25
26
26
26
26
28
28
28
28
28
28
29
29
30
30
30
30
31
31
31
31
31
31
31
32
33
33
33
33
32
33
33
33
32
34
34
34
33
33
33
33
32
32
32
32
32
32
31
31
31
30
30
30
30
30
30
30
30
30
29
29
29
30
30
29
29
29
29
29
29
30
30
30
30
30
30
30
30
30
30
31
31
31
31
31
31
31
31
31
31
31
31
32
32
32
32
32
32
33
33
33
33
34
34
34
35
35
36
36
36
37
37
37
38
39
39
40
40
41
41
43
44
47
49
53
55
57
58
60
62
64
67
69
70
72
74
293
384
386
389
392
396
399
402
405
474
475
476
476
475
475
476
476
476
476
475
476
476
476
478
480
480
482
561
561
563
562
491
487
483
480
477
472
466
424
420
418
414
411
403
384
359
349
342
336
330
325
313
305
321
326
332
337
342
348
355
385
403
408
410
414
418
463
469
472
476
480
484
410
477
477
478
478
477
476
476
475
474
473
472
473
473
474
473
473
472
472
472
471
470
471
402
399
395
391
387
384
381
378
374
294
288
68
65
62
58
56
55
54
52
49
47
45
44
43
42
41
40
39
38
38
37
37
36
35
34
34
34
34
33
33
32
32
32
31
31
31
31
31
31
32
32
31
31
31
31
31
31
31
31
31
30
30
30
30
30
30
30
30
30
30
29
29
29
29
29
29
29
29
28
28
28
28
28
29
29
29
30
30
30
30
30
30
31
31
32
32
32
32
33
33
33
33
34
34
34
34
34
33
33
33
33
33
33
33
33
32
32
32
32
31
31
31
31
31
31
31
31
30
30
30
29
29
29
29
29
28
27
27
27
27
27
26
25
25
25
25
25
24
23
23
23
23
23
22
22
22
22
21
20
20
20
20
20
20
20
19
19
19
20
18
17
17
17
17
17
17
17
17
17
17
17
17
18
19
20
19
19
19
20
20
20
19
19
19
19
20
20
18
18
18
18
18
18
19
19
20
20
19
19
19
19
19
19
19
19
19
18
17
10
10
10
10
9
9
9
8
8
8
8
8
8
8
8
8
8
8
8
8
8
1
1
1
1
1
1
1
1
1
1
1
1
1
1
1
1
1
1
1
1
1
1
1
1
1
1
1
1
1
1
1
1
1
1
1
1
1
1
1
1
1
1
1
1
1
1
1
1
1
1
1
1
1
1
1
1
1
1
1
1
1
1
1
1
1
1
1
1
1
1
1
1
1
1
1
1
1
1
1
1
1
1
1
1
1
1
1
1
1
1
1
1
1
1
1
1
1
1
1
1
1
1
1
1
1
1
1
1
1
1
1
1
1
1
1
1
1
1
1
1
1
1
1
1
1
1
1
1
1
1
1
1
1
1
1
1
1
1
1
1
1
1
1
1
1
1
1
1
1
1
1
1
1
1
1
1
1
1
1
1
1
1
1
1
1
1
1
1
1
1
1
1
1
1
1
1
1
1
1
1
1
1
1
1
1
1
1
1
1
1
1
1
1
1
1
1
1
1
1
1
1
1
1
1
1
1
1
1
1
1
1
1
1
1
1
1
1
1
1
1
1
1
1
1
1
1
1
1
