# Vetor de dados - syn_f003798-1-Pre--left--vetorlinha.txt
# Total de elementos: 768
# Formato: um valor por linha
#==================================================

1
1
1
1
1
1
1
1
1
1
1
1
1
1
1
1
1
1
1
1
1
1
1
1
1
1
1
1
1
1
1
1
1
1
1
1
1
1
1
1
1
1
1
1
1
1
1
1
1
1
1
1
1
1
1
1
1
1
1
1
1
1
1
1
1
1
1
1
1
1
1
1
1
1
1
1
1
1
1
1
1
1
1
1
1
1
1
1
1
1
1
1
1
1
1
1
1
1
1
1
1
1
1
1
1
1
1
1
1
1
1
1
1
1
1
1
1
1
1
1
1
1
1
1
1
1
20
28
33
37
41
45
48
51
53
55
57
59
61
62
64
64
66
67
68
69
70
70
71
72
72
72
72
73
73
74
74
74
74
74
74
74
74
73
73
73
73
73
73
74
74
75
75
75
75
75
75
74
73
71
68
66
65
64
64
63
61
62
61
61
61
60
60
60
60
60
60
60
60
60
59
58
58
57
55
51
47
47
46
46
46
45
46
46
46
46
46
46
47
47
47
48
49
50
51
52
53
53
55
56
56
60
67
76
87
99
142
148
153
160
165
170
176
180
185
192
198
206
216
219
223
228
232
238
244
248
255
261
268
274
282
283
283
282
281
278
275
266
98
91
89
90
90
91
91
92
92
91
92
92
92
92
92
91
91
92
92
92
90
90
90
90
89
88
88
88
86
86
86
86
86
84
84
84
85
85
85
85
85
85
85
85
85
85
85
85
85
85
85
84
84
84
85
85
84
84
84
84
84
85
85
84
84
84
84
84
84
84
85
84
84
84
84
84
84
84
83
83
83
83
82
82
82
82
82
81
81
81
81
80
81
82
82
82
84
84
85
86
87
89
89
89
90
90
91
91
91
92
93
93
94
94
94
95
95
96
97
96
96
96
97
97
97
98
98
97
97
97
98
97
97
97
97
96
96
97
96
96
96
96
95
95
95
95
94
94
94
94
93
93
92
92
91
90
89
89
89
89
89
88
88
88
88
87
87
87
86
86
86
86
86
86
86
86
86
85
85
85
84
84
84
83
83
82
82
81
81
80
80
79
79
78
77
77
77
76
76
76
75
75
74
74
74
73
73
72
72
72
71
70
70
70
69
69
68
68
67
67
67
67
66
65
65
65
64
64
64
64
63
63
63
63
62
62
62
62
62
61
61
61
59
59
59
59
58
58
58
58
56
56
56
55
55
53
53
53
53
52
52
52
51
51
51
51
50
50
50
50
50
48
49
49
49
49
48
48
48
49
48
48
49
48
48
49
48
48
49
48
48
48
48
48
48
48
47
47
47
47
46
46
46
46
46
45
45
44
44
44
43
43
43
43
43
44
44
43
43
44
44
44
44
44
44
45
45
45
45
45
45
45
45
45
44
44
44
44
44
44
44
44
43
43
43
42
42
42
41
41
41
40
40
39
39
39
38
37
37
37
36
36
35
35
34
34
34
34
35
35
34
35
35
35
36
35
35
36
37
38
38
39
42
44
46
48
50
53
55
60
65
66
68
70
71
73
75
78
82
83
83
82
82
82
82
82
79
42
43
46
48
50
53
56
59
63
66
71
74
77
80
84
86
88
90
90
89
89
87
85
85
84
80
71
61
56
51
43
39
31
1
1
1
1
1
1
1
1
1
1
1
1
1
1
1
1
1
1
1
1
1
1
1
1
1
1
1
1
1
1
1
1
1
1
1
1
1
1
1
1
1
1
1
1
1
1
1
1
1
1
1
1
1
1
1
1
1
1
1
1
