# Vetor de dados - syn_f002837-0-Pre--left--vetorlinha.txt
# Total de elementos: 768
# Formato: um valor por linha
#==================================================

1
1
1
1
1
1
1
1
1
1
1
1
1
1
1
1
1
1
1
1
1
1
1
1
1
1
1
1
1
1
1
1
1
1
1
1
1
1
1
1
1
1
1
1
1
1
1
1
1
1
1
1
1
1
1
1
1
1
1
1
1
1
1
1
1
1
1
1
1
1
1
1
1
1
1
1
1
1
1
1
1
1
1
1
1
1
1
1
1
1
1
1
1
1
1
1
1
1
1
1
1
1
1
1
1
1
1
1
1
1
1
1
1
1
1
1
1
1
1
1
1
1
13
23
30
35
39
43
46
49
51
53
55
57
59
60
62
64
65
66
67
68
68
69
71
71
71
72
73
73
73
73
73
74
74
74
75
75
76
76
76
77
77
78
79
78
79
80
80
80
80
78
78
75
74
72
70
70
69
68
67
67
66
64
64
64
63
63
61
61
61
60
60
60
60
59
60
60
58
57
56
52
46
45
44
44
43
43
43
43
44
43
44
43
44
44
45
46
47
51
159
168
176
222
229
240
248
264
283
285
285
285
284
284
281
279
276
271
271
268
251
242
205
201
197
192
187
180
172
166
159
151
135
120
111
106
101
96
91
87
89
90
91
92
94
94
95
95
95
95
96
96
97
97
97
98
98
98
98
98
98
97
98
98
97
97
97
96
96
96
95
94
94
93
92
90
89
88
86
86
85
85
85
86
86
87
86
87
87
88
88
88
88
89
89
90
90
90
90
91
91
91
91
91
91
92
92
91
92
92
92
92
92
91
91
91
91
90
90
90
90
90
89
88
88
87
87
88
88
88
89
89
90
92
92
93
93
93
95
95
96
96
97
98
98
99
100
100
101
101
101
102
102
102
103
103
103
103
103
104
103
103
103
102
103
102
102
102
101
101
100
101
100
100
99
99
98
98
97
97
96
96
96
95
95
94
93
92
92
93
93
93
92
92
93
93
92
92
92
91
91
91
91
90
90
90
89
90
90
89
89
89
88
88
88
87
87
87
86
86
85
85
84
83
83
82
82
81
81
81
80
80
80
79
78
78
77
77
76
76
76
74
74
73
73
72
71
71
70
70
69
69
69
68
67
67
67
66
66
66
66
65
65
65
63
63
63
63
62
62
62
61
61
61
60
60
60
60
59
59
59
59
58
58
58
57
57
57
56
56
55
55
55
54
54
54
54
53
53
53
53
52
52
52
52
53
53
52
52
52
53
53
52
53
53
52
53
53
52
52
52
52
51
51
50
50
50
50
49
50
50
49
49
49
49
49
48
47
46
47
46
46
45
45
44
44
44
44
43
43
43
43
43
43
43
42
42
43
43
43
43
43
43
42
43
43
43
43
43
43
42
42
42
42
42
42
42
41
41
41
41
41
41
41
41
40
39
39
39
39
39
39
39
38
38
37
37
37
37
37
37
37
36
36
35
35
35
35
35
35
35
35
35
34
34
34
34
34
35
35
35
36
36
36
36
36
37
38
39
39
40
42
45
47
49
52
54
57
60
62
66
71
76
78
81
83
84
86
87
88
87
87
87
87
86
86
80
48
49
51
54
56
59
64
67
71
75
79
81
85
87
90
91
93
95
94
94
93
91
89
87
85
76
59
52
46
40
39
1
1
1
1
1
1
1
1
1
1
1
1
1
1
1
1
1
1
1
1
1
1
1
1
1
1
1
1
1
1
1
1
1
1
1
1
1
1
1
1
1
1
1
1
1
1
1
1
1
1
1
1
1
1
1
1
1
1
1
1
