# Vetor de dados - syn_f003462-3-Pre--left--vetorlinha.txt
# Total de elementos: 768
# Formato: um valor por linha
#==================================================

1
1
1
1
1
1
1
1
1
1
1
1
1
1
1
1
1
1
1
1
1
1
1
1
1
1
1
1
1
1
1
1
1
1
1
1
1
1
1
1
1
1
1
1
1
1
1
1
1
1
1
1
1
1
1
1
1
1
1
1
1
1
1
1
1
1
1
1
1
1
1
1
1
1
1
1
1
1
1
1
1
1
1
1
1
1
1
1
1
1
1
1
1
1
1
1
1
1
1
1
1
1
1
1
1
1
1
1
1
1
1
1
6
22
31
35
40
44
48
51
54
56
58
60
62
64
66
68
69
71
71
72
74
74
76
76
77
77
79
79
79
79
80
80
80
80
80
80
81
81
81
81
81
81
82
81
82
82
83
83
83
84
85
84
85
85
85
85
84
83
82
79
77
75
74
74
73
72
72
71
70
70
70
70
68
68
68
68
68
68
68
68
69
68
67
66
65
62
59
55
53
53
52
52
52
51
52
52
51
52
51
51
52
51
52
52
53
53
54
54
55
55
55
56
56
93
103
153
159
166
170
175
180
187
196
207
214
221
225
228
232
238
245
251
255
266
274
281
293
294
294
294
292
292
289
287
277
276
257
196
188
182
172
110
100
91
91
92
93
93
94
94
94
95
95
95
96
95
95
95
95
95
95
95
95
95
95
95
94
94
94
94
94
93
92
91
91
90
89
88
88
86
86
84
83
81
81
80
80
80
80
80
80
80
80
79
79
78
78
78
77
77
76
76
75
76
75
75
75
75
74
74
74
73
73
73
73
72
72
71
71
71
70
70
70
70
69
69
69
69
69
70
70
70
70
70
72
73
74
74
75
76
77
78
79
81
81
82
83
85
86
86
87
88
88
89
89
90
91
91
91
92
92
92
93
93
93
93
94
94
94
95
95
95
95
96
96
96
96
96
96
96
96
97
95
95
95
95
95
95
94
94
94
94
93
92
92
92
90
90
90
91
90
90
89
89
88
88
88
88
87
86
86
85
85
84
83
82
81
81
80
79
78
78
78
78
78
78
77
77
77
77
77
77
78
77
77
77
77
77
77
78
78
78
78
77
77
77
78
78
78
78
77
77
77
77
77
77
76
76
76
76
76
76
75
75
75
74
74
74
74
74
73
72
72
72
72
72
71
71
71
70
70
69
69
69
68
68
67
67
66
66
66
64
64
64
63
63
62
61
61
61
60
60
59
58
58
57
57
57
56
56
56
56
55
55
55
55
54
54
54
55
54
54
54
53
54
54
54
54
54
54
54
53
54
53
53
53
52
53
52
52
52
51
51
51
51
50
51
50
50
49
49
50
49
49
49
49
49
49
49
50
50
51
51
51
52
51
51
51
51
52
52
52
52
53
52
52
52
52
52
53
52
52
51
51
51
51
51
51
51
50
50
50
50
50
50
49
48
48
48
48
47
46
46
46
46
45
45
44
44
43
43
43
42
41
41
40
40
40
39
38
38
38
38
37
38
38
38
38
37
37
38
38
38
39
38
38
39
40
41
41
41
42
44
46
47
49
51
53
55
58
60
66
71
72
72
75
78
79
82
85
87
87
87
87
88
87
81
50
53
56
59
63
67
70
75
78
81
83
86
89
91
92
91
90
90
88
88
86
81
66
56
50
42
39
35
1
1
1
1
1
1
1
1
1
1
1
1
1
1
1
1
1
1
1
1
1
1
1
1
1
1
1
1
1
1
1
1
1
1
1
1
1
1
1
1
1
1
1
1
1
1
1
1
1
1
1
