# Vetor de dados - syn_f003358-0-Pre--front--vetorcoluna.txt
# Total de elementos: 1024
# Formato: um valor por linha
#==================================================

1
1
1
1
1
1
1
1
1
1
1
1
1
1
1
1
1
1
1
1
1
1
1
1
1
1
1
1
1
1
1
1
1
1
1
1
1
1
1
1
1
1
1
1
1
1
1
1
1
1
1
1
1
1
1
1
1
1
1
1
1
1
1
1
1
1
1
1
1
1
1
1
1
1
1
1
1
1
1
1
1
1
1
1
1
1
1
1
1
1
1
1
1
1
1
1
1
1
1
1
1
1
1
1
1
1
1
1
1
1
1
1
1
1
1
1
1
1
1
1
1
1
1
1
1
1
1
1
1
1
1
1
1
1
1
1
1
1
1
1
1
1
1
1
1
1
1
1
1
1
1
1
1
1
1
1
1
1
1
1
1
1
1
1
1
1
1
1
1
1
1
1
1
1
1
1
1
1
1
1
1
1
1
1
1
1
1
1
1
1
1
1
1
1
1
1
1
1
1
1
1
1
1
1
1
1
1
1
1
1
1
1
1
1
1
1
1
1
1
1
1
1
1
1
1
1
12
12
12
13
13
13
13
13
13
13
13
13
12
12
12
12
12
12
12
12
12
12
20
20
20
20
20
20
20
20
20
20
20
20
18
18
18
18
17
18
18
18
18
20
19
19
20
20
20
19
20
20
19
19
20
18
17
17
17
17
17
17
16
16
16
16
16
17
17
17
17
17
17
17
18
18
18
19
19
19
19
19
21
21
21
21
21
21
21
22
22
23
23
24
24
24
24
25
25
26
26
27
27
27
27
28
28
28
28
29
29
29
29
30
30
30
30
31
31
31
31
32
31
31
31
31
31
31
32
32
32
32
32
32
32
33
32
32
32
32
32
32
32
32
32
32
32
32
32
32
32
32
32
32
32
32
32
32
32
32
32
32
32
32
32
32
32
32
32
32
32
32
32
32
33
33
33
33
33
32
32
32
33
33
33
33
33
34
34
34
34
35
35
35
36
36
35
35
36
36
36
36
37
37
37
38
38
39
39
39
40
40
41
42
43
44
45
47
48
49
51
53
54
55
56
57
59
60
61
63
271
281
292
312
317
367
375
382
388
396
402
408
488
489
489
490
491
491
490
490
490
492
492
493
493
494
493
493
491
488
468
433
498
492
488
485
482
477
473
469
462
430
422
418
414
411
408
404
391
372
358
350
342
332
336
342
347
353
360
367
377
390
403
408
411
413
416
422
454
465
471
474
478
482
486
491
496
426
432
488
491
492
492
492
491
491
490
489
489
490
490
490
490
488
487
487
487
487
408
403
397
390
385
379
372
316
311
299
285
59
58
57
55
54
53
52
51
50
48
45
44
43
41
41
40
39
39
39
38
37
37
36
36
36
36
36
35
34
34
34
34
34
34
33
33
33
34
34
34
34
34
34
34
34
34
33
33
32
32
32
32
32
32
32
32
32
32
32
32
32
32
32
32
32
32
32
32
32
32
32
32
32
33
33
33
33
33
33
33
33
33
33
33
33
33
34
34
34
33
33
33
33
33
33
32
32
32
32
32
32
31
31
31
31
31
30
30
30
30
30
30
30
30
30
30
29
28
28
28
28
28
28
28
27
27
27
27
27
27
26
25
25
25
25
25
24
24
23
23
23
23
22
22
21
21
21
21
21
20
19
19
18
18
18
18
17
17
17
17
16
16
16
16
14
14
14
14
14
14
14
14
16
14
15
16
17
17
18
18
18
18
19
20
18
18
18
18
18
18
18
18
18
18
18
18
18
18
19
19
20
20
19
19
19
19
19
19
19
18
18
16
10
10
10
10
10
9
9
9
9
9
9
9
9
9
9
9
9
9
9
9
1
1
1
1
1
1
1
1
1
1
1
1
1
1
1
1
1
1
1
1
1
1
1
1
1
1
1
1
1
1
1
1
1
1
1
1
1
1
1
1
1
1
1
1
1
1
1
1
1
1
1
1
1
1
1
1
1
1
1
1
1
1
1
1
1
1
1
1
1
1
1
1
1
1
1
1
1
1
1
1
1
1
1
1
1
1
1
1
1
1
1
1
1
1
1
1
1
1
1
1
1
1
1
1
1
1
1
1
1
1
1
1
1
1
1
1
1
1
1
1
1
1
1
1
1
1
1
1
1
1
1
1
1
1
1
1
1
1
1
1
1
1
1
1
1
1
1
1
1
1
1
1
1
1
1
1
1
1
1
1
1
1
1
1
1
1
1
1
1
1
1
1
1
1
1
1
1
1
1
1
1
1
1
1
1
1
1
1
1
1
1
1
1
1
1
1
1
1
1
1
1
1
1
1
1
1
1
1
1
1
1
1
1
1
1
1
1
1
1
1
1
1
1
1
1
1
1
