# Vetor de dados - syn_f002668-2-Pre--front--vetorlinha.txt
# Total de elementos: 768
# Formato: um valor por linha
#==================================================

1
1
1
1
1
1
1
1
1
1
1
1
1
1
1
1
1
1
1
1
1
1
1
1
1
1
1
1
1
1
1
1
1
1
1
1
1
1
1
1
1
1
1
1
1
1
1
1
1
1
1
1
1
1
1
1
1
1
1
1
1
1
1
1
1
1
1
1
1
1
1
1
1
1
1
1
1
1
1
1
1
1
1
1
1
1
1
1
1
1
1
1
1
1
1
1
1
1
1
1
1
1
1
1
1
1
1
1
1
1
1
1
1
1
1
1
1
1
1
1
1
1
1
1
1
1
1
1
1
1
1
1
1
1
1
1
1
1
1
1
1
1
8
20
26
29
33
37
39
41
43
46
48
49
50
52
52
54
56
56
58
58
58
60
60
61
62
62
62
62
62
62
62
62
62
62
62
62
62
62
66
69
70
71
70
69
69
69
69
68
67
67
67
65
65
63
63
61
61
58
54
54
54
52
52
52
52
50
50
48
47
46
46
46
46
45
45
45
46
46
47
48
49
53
57
60
227
425
445
516
521
531
543
575
574
571
564
556
550
546
543
532
526
529
529
528
480
476
474
469
410
403
396
389
380
370
355
342
325
314
298
285
264
253
245
235
227
219
210
198
182
171
165
161
157
155
154
152
152
151
150
149
149
148
147
146
145
144
143
141
141
139
139
139
138
137
137
136
136
136
134
134
134
133
133
133
132
132
131
130
130
130
129
128
127
126
125
124
123
122
121
119
116
115
115
115
115
115
115
114
114
114
113
113
112
112
112
112
110
110
110
109
109
108
108
107
107
107
107
108
108
108
109
109
111
112
112
113
114
115
116
116
118
118
119
120
121
122
123
125
125
127
127
129
129
130
131
131
132
132
133
133
133
133
133
134
134
134
133
132
132
132
132
132
132
131
131
131
131
131
131
131
131
131
130
130
129
129
128
128
128
128
129
129
129
129
130
130
130
130
130
132
132
132
132
132
132
132
132
132
134
134
134
134
134
134
134
134
134
134
134
134
134
134
134
134
134
133
133
133
133
133
133
133
133
133
133
133
132
132
131
131
131
131
131
131
131
130
130
129
129
129
129
128
128
126
126
126
124
124
124
122
122
122
120
120
119
118
118
116
116
115
114
114
112
112
111
110
110
109
108
108
107
106
106
105
104
104
104
104
103
102
102
101
101
101
100
100
100
100
100
100
100
100
101
101
101
101
101
100
100
100
100
100
100
100
101
101
102
102
102
103
104
104
105
106
106
106
108
108
108
109
110
110
111
112
112
112
113
113
113
113
114
115
115
115
115
115
115
115
115
115
115
115
115
114
114
114
113
113
113
112
112
111
111
110
110
109
109
108
108
107
107
106
105
105
105
103
103
103
102
101
101
100
100
99
99
98
97
97
96
96
95
94
94
94
93
92
92
92
90
90
90
90
90
88
88
88
87
87
87
87
87
87
87
87
87
89
89
89
91
91
91
93
93
91
91
91
91
91
91
90
90
91
91
92
93
93
94
95
96
98
98
100
101
103
103
105
105
107
108
109
110
112
111
112
112
112
112
111
109
107
104
102
100
99
94
41
1
1
1
1
1
1
1
1
1
1
1
1
1
1
1
1
1
1
1
1
1
1
1
1
1
1
1
1
1
1
1
1
1
1
1
1
1
1
1
1
1
1
1
1
1
1
1
1
1
1
1
1
1
1
1
1
1
1
1
1
1
1
1
1
1
1
1
1
1
1
1
1
1
1
1
1
1
1
1
1
