# Vetor de dados - syn_f001149-0-Pre--front--vetorlinha.txt
# Total de elementos: 768
# Formato: um valor por linha
#==================================================

1
1
1
1
1
1
1
1
1
1
1
1
1
1
1
1
1
1
1
1
1
1
1
1
1
1
1
1
1
1
1
1
1
1
1
1
1
1
1
1
1
1
1
1
1
1
1
1
1
1
1
1
1
1
1
1
1
1
1
1
1
1
1
1
1
1
1
1
1
1
1
1
1
1
1
1
1
1
1
1
1
1
1
1
1
1
1
1
1
1
1
1
1
1
1
1
1
1
1
1
1
1
1
1
1
1
1
1
1
1
1
1
1
1
1
1
1
1
9
22
26
30
34
37
40
42
44
46
48
50
51
52
54
54
56
57
58
59
60
60
61
62
62
63
63
64
64
64
64
64
64
64
64
63
63
63
63
65
69
72
72
72
72
72
71
71
71
70
69
69
69
68
67
66
65
64
63
61
60
56
55
54
53
53
53
51
51
51
50
50
49
49
49
48
48
48
48
48
48
48
49
50
50
51
52
52
53
55
57
59
62
66
69
73
77
86
261
279
304
322
331
339
349
359
372
399
424
433
471
479
487
491
494
490
485
488
497
505
511
515
518
521
451
450
449
448
445
443
447
450
452
455
445
438
434
430
424
417
359
358
356
354
208
158
154
151
148
146
145
143
142
141
139
137
137
135
134
133
132
131
131
130
129
129
129
129
129
128
128
128
128
128
128
128
128
128
128
128
128
127
127
127
127
127
126
126
125
124
124
122
122
122
122
121
121
121
121
121
121
121
121
121
121
121
120
120
120
120
120
120
120
120
121
121
121
122
122
122
122
123
123
124
125
125
126
127
128
129
130
130
131
132
133
133
135
135
136
137
137
138
139
139
140
141
142
143
144
144
145
146
146
148
148
148
150
150
150
150
151
151
152
152
153
153
153
153
153
153
153
153
153
153
153
153
153
153
153
153
153
153
153
154
155
155
155
155
155
155
155
155
155
155
155
155
157
157
157
157
157
157
157
157
157
157
157
157
157
157
157
157
157
157
156
156
156
156
156
156
155
155
154
154
154
153
153
153
153
152
152
151
151
151
151
151
151
149
149
149
149
149
148
147
147
147
147
147
147
145
145
145
145
145
144
143
143
143
143
142
141
141
141
140
139
139
139
138
137
137
137
136
135
135
134
134
132
132
132
132
130
130
129
128
128
126
126
126
126
124
124
124
124
124
123
122
122
122
122
122
122
121
121
120
120
120
120
120
120
120
119
119
119
118
118
118
118
118
118
117
117
117
116
116
116
116
116
116
116
116
116
116
116
116
116
116
116
116
118
118
118
118
118
118
118
119
120
120
120
120
120
120
120
120
120
120
120
120
120
120
120
120
120
120
120
120
120
119
119
118
118
118
118
117
117
117
117
117
116
116
116
115
115
115
115
114
114
113
113
113
112
112
112
111
111
111
110
110
110
109
109
108
108
108
108
107
106
106
106
106
105
105
104
104
104
104
103
102
102
102
102
101
101
100
100
100
100
99
98
99
99
99
98
98
98
98
97
97
97
98
98
98
98
98
99
99
99
99
99
99
99
99
99
99
99
101
101
101
103
103
105
105
106
107
108
109
110
111
112
113
114
115
116
117
117
118
118
118
118
118
117
117
116
115
114
113
111
108
105
103
52
51
48
47
1
1
1
1
1
1
1
1
1
1
1
1
1
1
1
1
1
1
1
1
1
1
1
1
1
1
1
1
1
1
1
1
1
1
1
1
1
1
1
1
1
1
1
1
1
1
1
1
1
1
1
1
1
1
1
1
