# Vetor de dados - syn_f001149-0-Pre--left--vetorlinha.txt
# Total de elementos: 768
# Formato: um valor por linha
#==================================================

1
1
1
1
1
1
1
1
1
1
1
1
1
1
1
1
1
1
1
1
1
1
1
1
1
1
1
1
1
1
1
1
1
1
1
1
1
1
1
1
1
1
1
1
1
1
1
1
1
1
1
1
1
1
1
1
1
1
1
1
1
1
1
1
1
1
1
1
1
1
1
1
1
1
1
1
1
1
1
1
1
1
1
1
1
1
1
1
1
1
1
1
1
1
1
1
1
1
1
1
1
1
1
1
1
1
1
1
1
1
1
1
1
1
1
1
1
1
18
26
33
37
41
44
47
50
52
54
56
58
60
62
64
65
66
67
68
69
70
71
71
72
73
73
73
73
74
74
74
74
74
74
74
74
74
74
74
74
75
74
75
75
76
76
77
78
79
78
78
77
76
74
73
72
71
70
69
69
69
67
66
66
66
65
65
63
63
62
62
62
62
62
62
62
60
60
60
59
58
57
55
54
52
50
50
48
48
48
48
48
48
48
49
48
49
49
49
50
50
51
51
53
176
207
220
227
238
251
266
294
295
295
295
295
295
292
291
289
282
281
280
277
261
258
215
211
207
203
199
194
188
181
174
167
161
156
152
149
146
142
127
123
120
116
112
108
103
99
100
101
101
102
103
104
104
105
105
105
105
105
105
106
106
106
106
106
106
106
106
105
105
106
106
106
106
106
105
105
105
104
103
103
103
102
101
101
99
100
100
100
100
101
100
101
101
101
101
102
101
101
102
101
102
101
100
101
100
100
100
100
99
99
100
100
100
99
99
100
100
99
99
99
99
98
98
98
98
99
99
99
99
99
99
100
100
101
101
102
102
102
103
103
104
104
104
105
105
106
107
107
109
109
110
110
111
112
112
113
113
114
114
114
115
115
116
117
117
118
118
118
118
119
118
118
119
119
119
119
120
120
120
120
120
119
120
120
120
120
120
119
119
119
118
118
117
116
116
115
114
113
113
112
110
110
109
107
106
104
102
102
101
101
101
100
100
99
99
98
98
97
96
96
95
95
94
93
92
91
90
90
89
89
89
88
88
87
87
86
86
85
85
85
84
84
84
84
82
82
82
82
81
81
81
81
81
79
79
79
79
78
78
78
78
78
77
77
77
77
76
76
76
75
75
75
75
74
74
74
73
72
72
71
71
72
71
70
70
70
69
69
68
68
68
67
67
66
66
66
64
64
63
62
62
62
61
61
60
60
59
59
58
58
57
57
57
56
56
56
55
55
55
55
55
55
54
55
55
54
55
54
54
54
54
53
53
53
53
52
52
51
52
52
51
51
51
50
50
50
49
49
48
48
48
47
47
47
47
48
48
48
48
48
48
48
48
48
48
48
49
49
49
49
49
49
49
48
48
48
48
48
48
48
48
47
47
47
47
47
47
47
47
46
46
46
45
45
45
45
44
44
44
44
43
43
43
43
42
42
41
41
41
40
40
40
40
39
39
38
38
38
38
38
37
37
37
36
36
36
37
37
38
39
39
40
41
42
45
47
49
52
55
57
60
63
66
70
74
75
77
80
81
83
83
83
84
87
87
87
87
87
88
42
43
44
46
48
49
52
55
57
62
66
70
73
77
79
81
84
86
87
88
90
90
91
90
89
86
81
71
66
61
55
50
43
39
24
1
1
1
1
1
1
1
1
1
1
1
1
1
1
1
1
1
1
1
1
1
1
1
1
1
1
1
1
1
1
1
1
1
1
1
1
1
1
1
1
1
1
1
1
1
1
1
1
1
1
1
1
