# Vetor de dados - syn_f001121-2-Pre--front--vetorcoluna.txt
# Total de elementos: 1024
# Formato: um valor por linha
#==================================================

1
1
1
1
1
1
1
1
1
1
1
1
1
1
1
1
1
1
1
1
1
1
1
1
1
1
1
1
1
1
1
1
1
1
1
1
1
1
1
1
1
1
1
1
1
1
1
1
1
1
1
1
1
1
1
1
1
1
1
1
1
1
1
1
1
1
1
1
1
1
1
1
1
1
1
1
1
1
1
1
1
1
1
1
1
1
1
1
1
1
1
1
1
1
1
1
1
1
1
1
1
1
1
1
1
1
1
1
1
1
1
1
1
1
1
1
1
1
1
1
1
1
1
1
1
1
1
1
1
1
1
1
1
1
1
1
1
1
1
1
1
1
1
1
1
1
1
1
1
1
1
1
1
1
1
1
1
1
1
1
1
1
1
1
1
1
1
1
1
1
1
1
1
1
1
1
1
1
1
1
1
1
1
1
1
1
1
1
1
1
1
1
1
1
1
1
1
1
1
1
1
1
1
1
1
1
1
1
1
1
1
1
1
1
1
1
1
1
1
1
1
1
1
1
1
1
1
1
1
1
1
1
1
1
1
1
1
1
1
1
1
12
13
13
14
14
14
14
14
14
14
14
14
14
14
14
14
14
14
16
16
16
21
22
22
22
23
22
22
22
22
22
22
21
21
21
21
21
21
21
21
21
21
21
20
20
20
20
19
19
18
20
18
18
17
17
17
17
17
17
18
18
18
18
18
18
18
19
19
19
20
21
21
21
21
21
21
21
23
23
23
23
23
23
23
24
24
25
25
25
26
26
26
26
27
27
27
28
29
29
29
29
29
29
29
29
30
30
30
30
30
30
30
30
30
30
30
31
32
32
32
32
32
32
31
31
32
32
32
32
32
32
31
31
31
31
31
31
30
30
30
30
30
29
29
29
29
29
29
29
29
29
29
29
29
29
29
29
29
29
30
30
30
30
30
29
29
29
30
30
30
30
30
30
30
30
30
31
31
31
31
31
31
31
31
31
31
31
31
31
32
32
32
32
32
33
33
33
33
34
35
35
35
36
37
38
41
44
48
50
51
52
54
55
56
57
58
60
62
65
71
78
80
81
270
274
366
370
374
377
380
384
389
458
458
458
459
459
460
460
459
459
459
460
460
462
462
463
463
462
462
459
458
500
467
463
460
457
454
451
447
442
408
405
402
400
395
390
355
347
341
335
325
300
300
323
332
337
341
347
357
389
394
397
400
403
443
447
452
456
461
466
469
471
473
476
533
462
462
462
461
461
460
459
457
456
457
458
458
458
458
457
456
456
456
389
385
381
376
373
370
367
364
361
269
265
77
72
67
63
60
57
55
54
53
52
49
48
47
45
41
37
35
34
33
32
32
32
31
30
30
30
30
30
29
29
29
29
29
29
29
29
29
29
29
29
29
29
29
29
29
29
29
29
29
28
28
28
28
28
28
28
28
28
28
28
27
27
27
27
27
27
27
27
27
27
28
28
28
28
29
29
29
29
29
29
29
30
31
31
31
31
31
31
32
32
32
32
32
31
31
31
31
31
31
31
31
31
31
31
30
30
29
29
29
29
29
29
29
28
28
28
28
28
27
27
27
26
26
26
26
26
26
26
25
25
25
25
24
24
23
23
23
23
23
23
22
21
21
21
21
20
20
20
20
18
18
18
18
17
17
17
17
17
16
15
15
16
16
16
16
16
17
18
18
18
20
20
20
20
20
20
20
20
20
20
20
20
20
21
21
21
22
22
22
22
22
23
23
22
22
22
21
16
16
16
16
16
14
14
14
14
16
16
16
16
16
16
16
14
14
13
13
1
1
1
1
1
1
1
1
1
1
1
1
1
1
1
1
1
1
1
1
1
1
1
1
1
1
1
1
1
1
1
1
1
1
1
1
1
1
1
1
1
1
1
1
1
1
1
1
1
1
1
1
1
1
1
1
1
1
1
1
1
1
1
1
1
1
1
1
1
1
1
1
1
1
1
1
1
1
1
1
1
1
1
1
1
1
1
1
1
1
1
1
1
1
1
1
1
1
1
1
1
1
1
1
1
1
1
1
1
1
1
1
1
1
1
1
1
1
1
1
1
1
1
1
1
1
1
1
1
1
1
1
1
1
1
1
1
1
1
1
1
1
1
1
1
1
1
1
1
1
1
1
1
1
1
1
1
1
1
1
1
1
1
1
1
1
1
1
1
1
1
1
1
1
1
1
1
1
1
1
1
1
1
1
1
1
1
1
1
1
1
1
1
1
1
1
1
1
1
1
1
1
1
1
1
1
1
1
1
1
1
1
1
1
1
1
1
1
1
1
1
1
1
1
1
1
1
1
1
1
1
1
1
1
1
1
1
1
1
1
1
