# Vetor de dados - syn_f001172-0-Pre--front--vetorcoluna.txt
# Total de elementos: 1024
# Formato: um valor por linha
#==================================================

1
1
1
1
1
1
1
1
1
1
1
1
1
1
1
1
1
1
1
1
1
1
1
1
1
1
1
1
1
1
1
1
1
1
1
1
1
1
1
1
1
1
1
1
1
1
1
1
1
1
1
1
1
1
1
1
1
1
1
1
1
1
1
1
1
1
1
1
1
1
1
1
1
1
1
1
1
1
1
1
1
1
1
1
1
1
1
1
1
1
1
1
1
1
1
1
1
1
1
1
1
1
1
1
1
1
1
1
1
1
1
1
1
1
1
1
1
1
1
1
1
1
1
1
1
1
1
1
1
1
1
1
1
1
1
1
1
1
1
1
1
1
1
1
1
1
1
1
1
1
1
1
1
1
1
1
1
1
1
1
1
1
1
1
1
1
1
1
1
1
1
1
1
1
1
1
1
1
1
1
1
1
1
1
1
1
1
1
1
1
1
1
1
1
1
1
1
1
1
1
1
1
1
1
1
1
1
1
1
1
1
1
1
1
1
1
1
1
1
1
1
1
1
1
1
1
1
1
1
1
1
1
1
1
1
1
1
1
1
1
1
1
1
1
1
1
1
1
1
1
1
25
25
25
25
25
25
25
25
25
25
25
25
25
25
25
25
25
25
25
26
26
26
26
26
26
26
26
27
27
27
27
27
27
28
28
28
28
28
28
28
28
28
28
28
28
28
28
28
28
28
28
28
28
28
28
27
27
27
27
27
27
27
27
27
27
27
27
27
27
27
27
27
27
27
28
28
28
28
28
28
28
28
28
28
28
29
29
29
29
29
30
30
30
31
31
32
32
32
31
31
31
32
32
32
32
33
33
33
33
34
34
34
34
34
35
35
35
34
34
34
34
34
34
34
33
33
33
34
33
33
33
33
33
32
32
32
32
32
32
32
31
32
32
32
32
32
32
33
33
33
33
33
34
34
34
34
34
34
34
34
35
35
35
35
35
36
36
36
36
36
36
36
36
36
36
36
36
36
36
36
36
38
38
38
38
38
39
39
39
40
40
41
42
43
45
47
48
49
51
52
53
54
56
57
60
252
255
257
262
265
268
272
277
376
382
388
394
400
405
475
475
475
476
476
478
479
479
479
479
478
477
478
479
480
480
480
481
552
552
552
481
476
473
469
466
462
458
453
448
417
410
407
402
397
384
371
359
352
346
342
336
314
303
328
333
338
343
349
354
362
371
390
397
401
406
441
449
452
456
459
462
463
395
399
476
478
478
479
479
479
477
477
477
476
474
475
476
476
476
476
476
475
476
475
474
473
403
397
391
386
380
374
273
268
264
261
258
255
57
55
53
52
50
49
47
44
43
42
41
41
41
40
40
40
40
39
39
38
38
38
38
38
38
37
37
36
36
36
36
36
36
36
36
36
35
35
35
35
35
35
34
34
34
34
34
34
34
34
33
33
33
33
32
32
32
31
31
31
31
31
31
31
32
32
32
32
32
32
32
32
32
32
33
33
32
32
32
33
33
33
33
33
33
33
34
34
34
34
34
33
33
34
34
34
33
33
33
33
33
32
32
32
32
32
32
31
31
31
31
31
30
30
30
30
30
28
28
28
28
28
28
27
27
27
26
26
26
26
26
25
25
25
24
24
24
24
23
23
23
23
23
23
23
22
22
22
22
21
20
20
20
19
19
20
20
20
19
19
19
19
19
19
19
19
19
19
19
19
19
18
19
19
20
21
19
19
20
20
20
21
19
19
19
19
19
19
19
19
20
18
18
18
19
19
19
20
20
20
19
19
20
20
20
18
17
1
1
1
1
1
1
1
1
1
1
1
1
1
1
1
1
1
1
1
1
1
1
1
1
1
1
1
1
1
1
1
1
1
1
1
1
1
1
1
1
1
1
1
1
1
1
1
1
1
1
1
1
1
1
1
1
1
1
1
1
1
1
1
1
1
1
1
1
1
1
1
1
1
1
1
1
1
1
1
1
1
1
1
1
1
1
1
1
1
1
1
1
1
1
1
1
1
1
1
1
1
1
1
1
1
1
1
1
1
1
1
1
1
1
1
1
1
1
1
1
1
1
1
1
1
1
1
1
1
1
1
1
1
1
1
1
1
1
1
1
1
1
1
1
1
1
1
1
1
1
1
1
1
1
1
1
1
1
1
1
1
1
1
1
1
1
1
1
1
1
1
1
1
1
1
1
1
1
1
1
1
1
1
1
1
1
1
1
1
1
1
1
1
1
1
1
1
1
1
1
1
1
1
1
1
1
1
1
1
1
1
1
1
1
1
1
1
1
1
1
1
1
1
1
1
1
1
1
1
1
1
1
1
1
1
1
1
1
1
1
1
1
1
1
1
1
1
1
