# Vetor de dados - syn_f004327-0-Pre--left--vetorlinha.txt
# Total de elementos: 768
# Formato: um valor por linha
#==================================================

1
1
1
1
1
1
1
1
1
1
1
1
1
1
1
1
1
1
1
1
1
1
1
1
1
1
1
1
1
1
1
1
1
1
1
1
1
1
1
1
1
1
1
1
1
1
1
1
1
1
1
1
1
1
1
1
1
1
1
1
1
1
1
1
1
1
1
1
1
1
1
1
1
1
1
1
1
1
1
1
1
1
1
1
1
1
1
1
1
1
1
1
1
1
1
1
1
1
1
1
1
1
1
1
1
1
1
1
1
1
1
1
1
1
1
1
1
1
1
1
1
1
1
1
20
28
35
39
43
46
49
52
54
56
59
61
62
64
66
67
69
69
71
71
73
73
74
75
76
76
76
76
77
77
78
78
78
79
79
79
79
80
80
81
81
81
82
82
83
84
83
84
84
84
83
82
80
78
77
75
74
74
73
72
71
70
69
69
69
68
67
65
65
65
65
64
64
64
64
64
63
62
61
61
59
56
52
50
49
49
48
48
48
48
47
47
47
47
46
47
47
47
47
47
48
48
48
49
49
50
50
50
51
53
56
59
62
65
68
71
75
78
84
90
97
108
146
151
156
160
165
170
175
179
185
189
196
203
208
213
218
222
225
228
232
236
241
245
249
253
260
266
270
275
284
285
284
284
282
280
277
89
89
90
90
91
91
92
92
93
93
94
94
93
93
94
94
94
94
94
93
93
93
93
93
93
91
91
90
90
89
89
87
86
85
85
84
84
85
85
85
85
85
85
86
86
86
86
87
87
87
86
87
86
86
85
86
86
86
85
85
86
86
86
86
86
87
87
87
86
86
86
87
86
86
87
86
86
87
87
86
87
87
87
87
87
87
88
89
89
90
90
90
90
90
90
91
91
91
91
92
92
92
93
93
93
93
93
94
94
93
94
94
95
94
95
95
95
95
95
96
95
96
96
96
96
96
96
96
96
96
95
95
95
95
95
94
94
94
94
94
93
93
92
91
91
90
89
89
88
87
87
86
85
86
86
86
86
85
85
85
85
85
84
84
84
83
83
83
83
83
82
82
82
82
81
80
79
79
78
77
77
76
75
74
74
73
71
71
71
70
70
69
69
69
69
67
67
67
67
67
67
65
65
65
65
65
64
64
64
64
63
63
63
63
63
62
62
62
62
61
61
61
61
60
60
60
60
59
59
59
58
57
57
57
56
56
56
56
55
55
55
54
53
53
52
52
52
51
51
51
51
50
50
50
50
49
49
49
49
49
49
48
49
49
49
50
50
51
51
51
50
51
51
50
51
50
50
49
50
49
48
48
48
48
47
48
47
46
46
45
45
44
44
43
42
42
41
41
41
41
41
40
41
41
41
41
40
41
41
41
41
41
41
41
40
40
40
40
41
40
40
40
40
40
40
40
40
40
40
40
40
39
39
39
39
39
39
39
38
38
38
38
38
38
37
37
37
37
37
36
36
36
36
36
36
36
35
35
35
35
35
35
35
35
35
34
34
34
34
34
34
35
35
37
39
41
43
45
47
49
51
53
54
57
59
63
68
71
72
75
76
78
78
79
79
79
78
78
72
65
49
51
53
57
59
62
65
68
72
74
77
78
81
82
85
85
85
84
82
80
78
71
54
47
42
34
32
1
1
1
1
1
1
1
1
1
1
1
1
1
1
1
1
1
1
1
1
1
1
1
1
1
1
1
1
1
1
1
1
1
1
1
1
1
1
1
1
1
1
1
1
1
1
1
1
1
1
1
1
1
1
1
1
1
1
1
1
