# Vetor de dados - syn_f000567-1-Pre--left--vetorlinha.txt
# Total de elementos: 768
# Formato: um valor por linha
#==================================================

1
1
1
1
1
1
1
1
1
1
1
1
1
1
1
1
1
1
1
1
1
1
1
1
1
1
1
1
1
1
1
1
1
1
1
1
1
1
1
1
1
1
1
1
1
1
1
1
1
1
1
1
1
1
1
1
1
1
1
1
1
1
1
1
1
1
1
1
1
1
1
1
1
1
1
1
1
1
1
1
1
1
1
1
1
1
1
1
1
1
1
1
1
1
1
1
1
1
1
1
1
1
1
1
1
1
1
1
1
1
1
1
1
1
1
1
1
1
1
1
1
1
1
18
26
33
37
42
46
49
52
54
56
58
60
62
64
66
68
69
70
71
73
73
75
75
76
76
77
78
78
78
79
79
79
79
79
79
79
79
79
80
80
80
80
81
81
82
83
83
83
84
85
84
84
83
83
81
80
77
74
74
73
72
71
71
69
68
68
68
67
66
66
66
66
66
66
67
67
67
67
67
66
66
65
64
63
61
60
58
57
55
55
54
55
54
55
55
56
56
57
58
58
58
59
60
61
64
71
77
82
86
90
94
100
104
108
115
157
165
172
176
180
184
189
194
200
208
216
223
227
231
233
236
239
244
248
253
258
262
267
275
281
286
292
303
304
304
303
302
301
298
295
285
284
207
203
198
192
184
167
158
145
119
119
119
119
119
120
120
120
120
121
121
121
121
121
121
120
120
120
120
120
120
120
119
119
119
118
117
116
115
115
114
115
115
115
115
116
116
116
116
116
117
117
116
117
117
117
117
117
117
117
117
117
117
117
117
116
117
117
117
117
116
116
116
116
117
117
116
116
116
116
115
115
115
115
114
114
113
113
113
113
112
112
112
112
112
114
115
115
117
118
119
120
121
123
123
125
125
126
128
128
129
130
130
131
132
133
133
134
134
134
134
134
134
135
135
134
134
134
134
134
134
133
133
133
133
133
132
132
132
132
131
131
130
131
130
130
129
129
128
128
127
126
126
125
124
124
122
121
120
119
118
117
117
117
116
116
117
116
116
115
115
114
114
113
113
112
112
111
110
110
109
108
107
106
105
104
101
98
97
96
95
95
94
94
93
92
92
92
91
92
91
91
90
90
90
90
90
89
89
88
88
87
87
87
86
86
86
86
85
85
85
83
83
83
82
82
82
81
81
81
81
80
80
78
78
78
77
77
76
76
76
75
75
73
73
72
72
71
71
70
69
69
68
68
67
65
65
64
64
63
63
61
61
61
60
60
60
60
59
59
60
60
59
60
60
60
60
60
60
60
60
60
59
59
58
57
58
57
56
57
56
57
56
56
55
55
54
54
53
53
53
53
52
51
51
51
51
51
51
51
51
51
51
52
52
52
52
53
52
52
52
52
52
52
53
53
52
52
52
52
52
52
51
51
51
51
50
50
50
50
50
48
48
48
48
48
47
47
47
46
45
45
45
44
44
43
43
42
42
42
42
42
41
41
41
41
41
41
41
41
42
42
42
42
43
43
44
45
45
47
48
49
51
53
56
57
60
65
69
72
74
76
77
80
81
81
82
83
85
87
87
87
87
86
87
76
49
51
52
55
57
60
63
66
69
72
74
77
80
82
84
87
89
88
87
86
84
80
76
70
63
58
54
48
44
36
26
1
1
1
1
1
1
1
1
1
1
1
1
1
1
1
1
1
1
1
1
1
1
1
1
1
1
1
1
1
1
1
1
1
1
1
1
1
1
1
1
1
1
1
1
1
1
1
1
1
1
1
1
1
1
1
1
1
1
