# Vetor de dados - syn_f003409-1-Pre--front--vetorcoluna.txt
# Total de elementos: 1024
# Formato: um valor por linha
#==================================================

1
1
1
1
1
1
1
1
1
1
1
1
1
1
1
1
1
1
1
1
1
1
1
1
1
1
1
1
1
1
1
1
1
1
1
1
1
1
1
1
1
1
1
1
1
1
1
1
1
1
1
1
1
1
1
1
1
1
1
1
1
1
1
1
1
1
1
1
1
1
1
1
1
1
1
1
1
1
1
1
1
1
1
1
1
1
1
1
1
1
1
1
1
1
1
1
1
1
1
1
1
1
1
1
1
1
1
1
1
1
1
1
1
1
1
1
1
1
1
1
1
1
1
1
1
1
1
1
1
1
1
1
1
1
1
1
1
1
1
1
1
1
1
1
1
1
1
1
1
1
1
1
1
1
1
1
1
1
1
1
1
1
1
1
1
1
1
1
1
1
1
1
1
1
1
1
1
1
1
1
1
1
1
1
1
1
1
1
1
1
1
1
1
1
1
1
1
1
1
1
1
1
1
1
1
1
1
1
1
1
1
1
1
1
1
1
1
1
1
1
1
1
1
1
1
1
1
8
8
8
8
8
8
8
8
8
9
9
9
9
9
9
9
9
9
9
9
9
9
17
18
18
20
20
18
19
19
19
18
18
18
18
18
18
18
18
18
18
18
20
20
19
19
21
21
20
20
19
21
20
19
19
20
19
18
18
18
18
18
18
18
20
20
20
20
20
21
21
22
22
22
23
23
23
23
23
24
25
25
25
25
25
26
26
26
27
27
27
28
28
28
28
28
28
29
30
30
30
30
30
30
30
31
31
31
32
32
32
32
32
32
33
33
33
33
33
33
33
34
34
34
34
34
34
35
35
35
35
35
35
35
35
35
35
35
35
35
36
35
35
35
35
35
34
34
35
35
35
35
35
34
34
34
34
34
35
35
35
35
35
35
35
35
35
35
36
36
36
36
36
36
36
36
36
36
36
36
36
36
37
37
37
37
36
36
36
36
36
36
37
37
37
37
37
37
37
38
38
38
39
39
39
39
40
41
41
42
42
43
43
45
46
48
50
52
54
56
57
59
60
62
64
66
67
70
267
271
276
281
285
290
376
380
385
390
394
399
403
406
409
467
469
470
470
470
470
471
471
471
471
471
471
471
473
473
475
475
476
545
546
546
482
477
473
469
466
463
458
455
413
411
408
407
405
402
396
362
357
351
345
338
338
343
348
351
356
361
368
377
399
402
405
407
409
411
414
452
456
459
462
465
469
475
478
545
474
475
475
475
475
473
473
471
470
470
471
471
472
472
470
470
470
468
466
466
467
405
402
398
394
390
386
381
377
291
283
278
272
267
71
68
65
63
60
57
55
54
52
50
48
47
45
44
43
42
42
41
40
40
39
39
39
39
38
37
37
37
37
37
36
35
35
36
35
36
36
36
36
36
36
35
35
35
35
35
34
34
34
34
34
34
34
34
34
34
34
34
34
34
34
34
34
34
34
34
34
34
34
34
34
34
34
35
35
35
35
35
35
35
35
35
35
35
35
35
35
35
35
36
36
35
35
35
35
35
34
34
34
35
35
34
34
34
34
34
34
33
33
33
33
33
33
33
33
33
33
33
33
33
32
31
31
31
31
31
31
31
31
30
29
29
29
29
29
28
28
28
28
28
27
26
26
26
26
26
26
25
25
24
24
24
24
24
24
23
22
22
22
22
22
21
21
21
19
19
20
20
20
20
19
19
20
20
19
20
21
19
20
21
21
21
19
20
20
20
18
18
18
18
18
19
19
18
18
18
19
19
20
18
19
19
18
18
18
18
17
10
10
10
9
9
9
9
8
8
8
8
8
8
8
8
8
8
8
8
8
8
1
1
1
1
1
1
1
1
1
1
1
1
1
1
1
1
1
1
1
1
1
1
1
1
1
1
1
1
1
1
1
1
1
1
1
1
1
1
1
1
1
1
1
1
1
1
1
1
1
1
1
1
1
1
1
1
1
1
1
1
1
1
1
1
1
1
1
1
1
1
1
1
1
1
1
1
1
1
1
1
1
1
1
1
1
1
1
1
1
1
1
1
1
1
1
1
1
1
1
1
1
1
1
1
1
1
1
1
1
1
1
1
1
1
1
1
1
1
1
1
1
1
1
1
1
1
1
1
1
1
1
1
1
1
1
1
1
1
1
1
1
1
1
1
1
1
1
1
1
1
1
1
1
1
1
1
1
1
1
1
1
1
1
1
1
1
1
1
1
1
1
1
1
1
1
1
1
1
1
1
1
1
1
1
1
1
1
1
1
1
1
1
1
1
1
1
1
1
1
1
1
1
1
1
1
1
1
1
1
1
1
1
1
1
1
1
1
1
1
1
1
1
1
1
1
1
1
