# Vetor de dados - syn_f004844-2-Pre--front--vetorcoluna.txt
# Total de elementos: 1024
# Formato: um valor por linha
#==================================================

1
1
1
1
1
1
1
1
1
1
1
1
1
1
1
1
1
1
1
1
1
1
1
1
1
1
1
1
1
1
1
1
1
1
1
1
1
1
1
1
1
1
1
1
1
1
1
1
1
1
1
1
1
1
1
1
1
1
1
1
1
1
1
1
1
1
1
1
1
1
1
1
1
1
1
1
1
1
1
1
1
1
1
1
1
1
1
1
1
1
1
1
1
1
1
1
1
1
1
1
1
1
1
1
1
1
1
1
1
1
1
1
1
1
1
1
1
1
1
1
1
1
1
1
1
1
1
1
1
1
1
1
1
1
1
1
1
1
1
1
1
1
1
1
1
1
1
1
1
1
1
1
1
1
1
1
1
1
1
1
1
1
1
1
1
1
1
1
1
1
1
1
1
1
1
1
1
1
1
1
1
1
1
1
1
1
1
1
1
1
1
1
1
1
1
1
1
1
1
1
1
1
1
1
1
1
1
1
1
1
1
1
1
1
1
1
1
1
1
1
1
1
1
1
1
1
1
1
1
1
1
1
1
1
1
1
1
1
1
25
25
25
25
25
25
25
25
25
25
25
25
25
26
26
26
26
26
26
26
26
27
27
27
27
27
27
28
28
28
28
28
28
29
29
29
29
30
30
30
30
30
30
30
31
31
31
30
31
30
30
30
31
31
31
31
31
31
31
31
31
31
31
31
31
31
31
31
31
32
32
32
32
32
32
32
32
33
33
33
33
33
33
33
34
34
34
34
34
34
34
34
34
34
34
34
34
34
34
34
34
34
34
34
34
34
35
35
34
34
35
35
35
35
35
35
35
35
35
34
34
34
34
34
33
33
33
33
33
32
31
31
31
31
31
31
31
31
31
31
31
31
31
31
31
31
31
31
31
31
31
31
31
31
31
31
31
31
32
32
32
32
32
32
32
32
32
32
32
32
32
33
33
33
33
33
33
33
33
33
33
34
34
34
34
35
35
36
37
37
37
37
38
40
40
41
41
42
43
44
46
49
51
53
56
57
59
60
61
62
63
64
65
66
67
69
71
74
285
288
292
295
299
302
397
401
404
408
413
417
422
499
499
499
500
500
501
503
502
502
501
501
501
503
503
504
504
504
503
502
571
549
506
502
498
493
488
483
476
467
434
430
425
421
415
408
371
364
358
353
348
344
336
325
327
335
340
344
347
352
357
362
371
387
412
415
419
422
426
470
477
481
486
491
495
427
431
504
504
504
503
503
501
501
500
499
499
500
501
500
500
499
498
498
497
496
495
422
417
413
408
404
400
398
395
295
292
289
286
283
69
66
64
62
61
60
59
58
57
55
53
52
50
48
46
45
44
43
42
41
41
40
39
38
38
38
37
37
36
35
35
35
34
34
34
33
33
33
33
33
32
32
32
32
32
32
32
31
31
31
30
30
30
30
30
29
29
29
29
29
29
29
29
29
29
28
28
28
28
28
28
28
28
28
28
29
29
29
29
30
30
30
30
31
31
31
32
32
32
32
32
33
33
33
33
33
33
33
34
34
34
34
34
34
34
34
34
34
34
34
35
34
34
34
34
34
34
34
33
33
33
33
33
32
32
32
32
32
31
31
31
31
31
30
30
30
29
29
29
29
28
28
28
27
27
26
26
26
26
26
25
24
24
24
24
23
23
22
22
22
22
20
20
20
20
20
20
20
18
18
17
17
17
17
17
17
17
17
17
18
18
19
20
21
19
20
21
19
20
20
20
19
19
19
20
20
18
18
19
19
20
18
19
19
20
20
19
19
19
20
20
19
19
18
18
17
10
10
10
10
9
9
9
9
9
9
8
8
8
8
8
9
9
9
9
8
8
8
8
1
1
1
1
1
1
1
1
1
1
1
1
1
1
1
1
1
1
1
1
1
1
1
1
1
1
1
1
1
1
1
1
1
1
1
1
1
1
1
1
1
1
1
1
1
1
1
1
1
1
1
1
1
1
1
1
1
1
1
1
1
1
1
1
1
1
1
1
1
1
1
1
1
1
1
1
1
1
1
1
1
1
1
1
1
1
1
1
1
1
1
1
1
1
1
1
1
1
1
1
1
1
1
1
1
1
1
1
1
1
1
1
1
1
1
1
1
1
1
1
1
1
1
1
1
1
1
1
1
1
1
1
1
1
1
1
1
1
1
1
1
1
1
1
1
1
1
1
1
1
1
1
1
1
1
1
1
1
1
1
1
1
1
1
1
1
1
1
1
1
1
1
1
1
1
1
1
1
1
1
1
1
1
1
1
1
1
1
1
1
1
1
1
1
1
1
1
1
1
1
1
1
1
1
1
1
1
1
1
1
1
1
1
1
1
1
