# Vetor de dados - syn_f001595-3-Pre--front--vetorcoluna.txt
# Total de elementos: 1024
# Formato: um valor por linha
#==================================================

1
1
1
1
1
1
1
1
1
1
1
1
1
1
1
1
1
1
1
1
1
1
1
1
1
1
1
1
1
1
1
1
1
1
1
1
1
1
1
1
1
1
1
1
1
1
1
1
1
1
1
1
1
1
1
1
1
1
1
1
1
1
1
1
1
1
1
1
1
1
1
1
1
1
1
1
1
1
1
1
1
1
1
1
1
1
1
1
1
1
1
1
1
1
1
1
1
1
1
1
1
1
1
1
1
1
1
1
1
1
1
1
1
1
1
1
1
1
1
1
1
1
1
1
1
1
1
1
1
1
1
1
1
1
1
1
1
1
1
1
1
1
1
1
1
1
1
1
1
1
1
1
1
1
1
1
1
1
1
1
1
1
1
1
1
1
1
1
1
1
1
1
1
1
1
1
1
1
1
1
1
1
1
1
1
1
1
1
1
1
1
1
1
1
1
1
1
1
1
1
1
1
1
1
1
1
1
1
1
1
1
1
1
1
1
1
1
1
1
1
1
1
1
1
1
1
1
1
1
1
1
1
1
1
1
1
13
13
13
13
13
13
16
17
18
18
19
19
19
19
19
19
18
20
19
19
18
18
18
18
18
20
20
20
20
19
21
21
21
21
20
21
21
21
20
21
21
20
19
20
19
19
20
20
20
20
20
20
20
20
20
21
21
21
22
22
22
22
23
23
23
24
25
25
25
26
26
26
27
27
27
28
28
29
29
29
29
30
31
31
31
31
31
32
33
33
33
33
33
34
34
34
34
35
35
35
35
35
35
36
36
36
36
36
36
36
36
36
36
37
37
37
37
37
37
38
38
38
38
38
37
37
37
37
37
37
37
36
36
37
37
37
37
37
37
37
37
37
38
38
38
38
38
38
38
38
38
38
39
39
39
40
40
40
41
41
41
41
41
41
41
41
41
41
41
42
42
42
42
42
42
42
42
42
42
42
42
42
42
41
41
41
41
42
42
42
42
42
43
44
44
44
44
45
45
46
47
48
48
50
54
59
63
66
67
70
71
73
74
75
76
77
294
297
300
305
388
392
395
398
401
405
409
413
417
487
488
488
486
487
489
489
489
488
489
490
490
491
491
491
492
491
490
487
484
465
457
454
438
432
498
493
489
484
479
475
470
464
440
433
429
425
421
418
412
399
391
369
361
356
355
359
365
378
392
396
403
415
419
422
425
429
433
436
448
464
471
477
482
487
491
496
500
506
512
535
536
573
497
498
498
497
497
495
495
493
492
493
492
493
493
491
490
489
490
490
490
487
487
416
411
406
402
399
395
391
386
382
299
293
289
77
75
73
70
67
64
62
61
59
57
55
53
51
49
47
46
46
45
44
44
43
43
42
42
41
41
41
41
41
40
39
39
39
39
39
40
40
40
40
40
40
40
40
40
39
38
38
38
38
38
38
38
38
38
38
38
38
37
37
37
37
37
37
37
37
37
38
37
37
37
37
37
37
37
37
37
37
37
37
36
37
37
37
38
38
38
38
38
38
38
38
38
38
38
37
37
37
37
37
37
37
37
37
37
37
37
35
35
35
35
35
35
35
35
35
35
35
35
34
34
33
33
33
33
33
33
32
32
32
32
31
30
30
30
30
30
29
28
28
28
28
28
28
28
26
26
26
26
26
26
25
25
24
24
24
23
23
23
23
23
22
22
22
21
21
21
20
20
21
21
20
21
21
21
22
22
21
22
22
22
21
22
22
21
21
21
21
19
19
20
20
20
19
19
19
20
21
21
20
20
21
21
21
19
19
19
19
19
18
12
12
12
12
12
9
9
9
9
9
9
9
8
8
8
8
8
8
8
8
8
8
8
2
1
1
1
1
1
1
1
1
1
1
1
1
1
1
1
1
1
1
1
1
1
1
1
1
1
1
1
1
1
1
1
1
1
1
1
1
1
1
1
1
1
1
1
1
1
1
1
1
1
1
1
1
1
1
1
1
1
1
1
1
1
1
1
1
1
1
1
1
1
1
1
1
1
1
1
1
1
1
1
1
1
1
1
1
1
1
1
1
1
1
1
1
1
1
1
1
1
1
1
1
1
1
1
1
1
1
1
1
1
1
1
1
1
1
1
1
1
1
1
1
1
1
1
1
1
1
1
1
1
1
1
1
1
1
1
1
1
1
1
1
1
1
1
1
1
1
1
1
1
1
1
1
1
1
1
1
1
1
1
1
1
1
1
1
1
1
1
1
1
1
1
1
1
1
1
1
1
1
1
1
1
1
1
1
1
1
1
1
1
1
1
1
1
1
1
1
1
1
1
1
1
1
1
1
1
1
1
1
1
1
1
1
1
1
1
1
1
1
1
1
