# Vetor de dados - syn_f000960-2-Pre--front--vetorcoluna.txt
# Total de elementos: 1024
# Formato: um valor por linha
#==================================================

1
1
1
1
1
1
1
1
1
1
1
1
1
1
1
1
1
1
1
1
1
1
1
1
1
1
1
1
1
1
1
1
1
1
1
1
1
1
1
1
1
1
1
1
1
1
1
1
1
1
1
1
1
1
1
1
1
1
1
1
1
1
1
1
1
1
1
1
1
1
1
1
1
1
1
1
1
1
1
1
1
1
1
1
1
1
1
1
1
1
1
1
1
1
1
1
1
1
1
1
1
1
1
1
1
1
1
1
1
1
1
1
1
1
1
1
1
1
1
1
1
1
1
1
1
1
1
1
1
1
1
1
1
1
1
1
1
1
1
1
1
1
1
1
1
1
1
1
1
1
1
1
1
1
1
1
1
1
1
1
1
1
1
1
1
1
1
1
1
1
1
1
1
1
1
1
1
1
1
1
1
1
1
1
1
1
1
1
1
1
1
1
1
1
1
1
1
1
1
1
1
1
1
1
1
1
1
1
1
1
1
1
1
1
1
1
1
1
1
1
1
1
1
1
1
1
1
1
1
1
1
1
1
1
1
22
22
22
22
22
22
22
22
22
23
23
23
23
23
23
23
23
23
23
23
24
24
24
24
24
25
25
25
25
25
25
25
26
26
26
26
26
26
26
27
1
27
27
27
27
27
27
27
27
27
27
27
27
27
27
27
27
27
27
27
27
27
27
28
28
28
28
28
28
28
28
28
28
28
29
29
29
29
29
29
29
29
29
30
30
31
31
31
31
31
31
31
32
32
32
32
33
33
33
33
33
34
34
34
34
34
34
34
34
35
35
35
35
35
35
35
35
35
34
34
34
34
34
33
33
33
33
32
32
32
32
31
31
31
31
32
32
31
31
31
31
31
31
32
32
32
32
32
32
33
33
34
34
34
35
35
35
35
35
35
35
36
36
36
36
36
36
36
36
36
36
36
36
36
36
36
37
37
37
37
37
37
37
37
38
38
38
39
39
40
40
40
40
40
40
42
42
42
42
43
43
44
45
46
48
51
54
55
57
58
60
62
63
65
67
69
71
74
287
289
291
293
296
298
300
303
306
403
408
412
416
421
426
497
498
499
499
500
501
502
503
503
502
501
501
503
505
505
506
507
507
508
508
433
503
499
494
488
483
479
473
433
429
425
421
417
411
403
398
389
382
375
370
365
359
352
343
345
351
356
360
364
369
374
382
387
392
397
403
412
417
421
423
426
470
475
479
484
490
496
425
432
507
506
506
505
505
503
502
500
501
502
501
501
502
500
499
498
499
498
497
496
428
423
419
415
410
405
400
299
296
293
291
288
285
282
78
75
72
69
67
64
62
60
58
56
53
51
49
47
46
45
44
42
42
41
41
41
40
39
38
38
38
38
37
36
36
36
36
35
35
35
35
35
35
35
35
35
35
35
35
35
35
35
35
34
34
34
33
33
33
33
33
33
33
33
32
32
32
32
32
32
32
32
31
31
31
31
31
31
31
31
31
31
31
31
31
31
32
32
32
32
32
32
33
33
33
33
33
34
35
35
35
35
34
35
35
35
35
35
35
35
35
35
35
35
35
34
34
34
34
34
34
34
34
33
33
33
33
32
32
32
32
32
31
31
30
30
30
29
29
29
29
29
28
27
27
27
27
27
26
26
26
26
26
25
24
24
24
24
24
24
24
24
24
23
23
23
23
23
23
23
23
23
23
22
22
22
22
22
21
21
21
21
21
21
20
20
20
20
20
20
20
19
19
20
20
20
20
20
19
19
19
19
19
19
19
20
20
20
19
19
19
20
20
21
21
21
21
21
20
20
20
18
1
1
1
1
1
1
1
1
1
1
1
1
1
1
1
1
1
1
1
1
1
1
1
1
1
1
1
1
1
1
1
1
1
1
1
1
1
1
1
1
1
1
1
1
1
1
1
1
1
1
1
1
1
1
1
1
1
1
1
1
1
1
1
1
1
1
1
1
1
1
1
1
1
1
1
1
1
1
1
1
1
1
1
1
1
1
1
1
1
1
1
1
1
1
1
1
1
1
1
1
1
1
1
1
1
1
1
1
1
1
1
1
1
1
1
1
1
1
1
1
1
1
1
1
1
1
1
1
1
1
1
1
1
1
1
1
1
1
1
1
1
1
1
1
1
1
1
1
1
1
1
1
1
1
1
1
1
1
1
1
1
1
1
1
1
1
1
1
1
1
1
1
1
1
1
1
1
1
1
1
1
1
1
1
1
1
1
1
1
1
1
1
1
1
1
1
1
1
1
1
1
1
1
1
1
1
1
1
1
1
1
1
1
1
1
1
1
1
1
1
1
1
1
1
1
1
1
1
1
1
1
1
1
1
1
