# Vetor de dados - syn_f002390-0-Pre--front--vetorlinha.txt
# Total de elementos: 768
# Formato: um valor por linha
#==================================================

1
1
1
1
1
1
1
1
1
1
1
1
1
1
1
1
1
1
1
1
1
1
1
1
1
1
1
1
1
1
1
1
1
1
1
1
1
1
1
1
1
1
1
1
1
1
1
1
1
1
1
1
1
1
1
1
1
1
1
1
1
1
1
1
1
1
1
1
1
1
1
1
1
1
1
1
1
1
1
1
1
1
1
1
1
1
1
1
1
1
1
1
1
1
1
1
1
1
1
1
1
1
1
1
1
1
1
1
1
1
1
1
1
1
1
1
1
1
1
1
1
1
1
18
24
28
32
36
38
40
42
44
46
47
49
50
51
52
53
55
55
57
57
57
59
59
59
60
61
61
61
61
61
61
61
61
61
61
60
59
60
64
67
68
68
68
68
68
68
67
66
66
66
65
64
63
63
61
60
59
57
55
51
51
51
50
49
49
49
47
47
46
46
46
46
46
46
46
46
45
45
45
45
45
44
44
44
44
45
46
47
50
52
56
59
63
73
79
89
102
111
259
293
311
322
411
427
466
472
476
482
491
511
515
514
505
504
512
519
524
539
546
490
484
476
469
464
456
445
422
420
418
413
407
395
281
270
259
219
199
171
163
157
153
149
147
145
144
142
141
139
137
136
134
133
131
129
126
124
123
121
119
117
117
116
115
114
114
113
113
112
111
111
111
111
111
110
110
110
110
110
108
108
108
108
107
106
105
103
103
101
101
101
100
99
99
99
98
98
98
98
98
98
98
97
96
96
96
96
96
95
95
95
94
94
94
94
94
94
94
95
95
95
95
96
96
96
97
98
98
100
100
100
102
102
104
104
105
106
107
107
107
108
109
110
110
110
112
112
113
114
114
115
116
116
116
117
118
118
118
120
120
120
120
120
121
122
122
122
122
122
122
122
122
122
122
122
122
122
122
122
122
122
122
122
122
124
124
124
124
124
124
126
126
126
126
127
127
128
128
128
129
129
130
130
130
130
130
130
130
131
131
131
131
131
132
132
131
130
130
130
130
130
130
130
129
129
128
128
128
128
127
127
127
126
126
125
125
125
125
125
123
123
123
123
123
122
121
121
121
121
120
119
119
119
118
117
117
117
115
115
114
113
113
112
111
110
110
109
108
107
107
106
106
105
105
104
104
104
104
103
102
102
102
101
101
101
101
101
100
100
99
99
99
99
99
99
99
99
99
99
99
99
99
99
99
99
99
99
99
99
99
99
99
99
99
99
99
99
99
99
99
99
99
99
99
100
101
101
101
101
101
102
103
103
103
103
104
105
105
105
105
105
106
106
107
107
107
107
107
107
107
107
107
107
107
107
107
107
107
107
107
106
106
106
106
105
105
105
105
105
105
104
104
103
103
103
103
103
103
101
101
101
101
101
101
101
99
99
99
99
99
99
99
97
97
97
97
97
97
96
95
95
95
95
95
95
94
93
93
93
93
92
92
91
91
91
90
90
90
90
89
89
88
88
88
88
88
88
87
86
86
86
86
87
87
87
88
88
88
88
88
88
87
87
87
87
87
89
89
90
90
91
91
93
93
94
95
96
97
98
99
100
101
101
101
102
102
103
104
103
103
104
103
103
103
103
102
101
99
98
94
91
90
84
41
36
1
1
1
1
1
1
1
1
1
1
1
1
1
1
1
1
1
1
1
1
1
1
1
1
1
1
1
1
1
1
1
1
1
1
1
1
1
1
1
1
1
1
1
1
1
1
1
1
1
1
1
1
1
1
1
1
1
1
1
1
1
