# Vetor de dados - syn_f000409-3-Pre--front--vetorlinha.txt
# Total de elementos: 768
# Formato: um valor por linha
#==================================================

1
1
1
1
1
1
1
1
1
1
1
1
1
1
1
1
1
1
1
1
1
1
1
1
1
1
1
1
1
1
1
1
1
1
1
1
1
1
1
1
1
1
1
1
1
1
1
1
1
1
1
1
1
1
1
1
1
1
1
1
1
1
1
1
1
1
1
1
1
1
1
1
1
1
1
1
1
1
1
1
1
1
1
1
1
1
1
1
1
1
1
1
1
1
1
1
1
1
1
1
1
1
1
1
1
1
1
1
1
1
1
1
1
1
1
1
1
1
1
1
1
1
1
1
1
1
1
1
1
1
1
18
25
28
32
36
38
40
43
45
47
49
49
51
52
53
54
55
56
57
58
58
59
60
60
60
61
61
61
61
61
61
61
61
61
60
60
60
62
67
68
69
69
68
68
67
67
66
66
65
65
64
63
62
61
59
59
58
53
52
51
51
51
51
49
49
49
47
46
44
43
43
43
42
42
43
43
42
42
44
44
44
45
46
48
52
56
60
64
68
72
77
238
278
295
310
322
336
356
372
390
414
476
484
488
492
495
498
502
500
492
498
505
509
512
515
518
462
463
463
463
469
470
477
471
462
451
422
413
403
374
370
361
356
352
159
154
150
148
145
142
142
140
139
138
137
137
135
135
134
132
131
130
128
127
126
126
124
124
124
123
122
122
121
120
119
119
117
117
115
115
113
113
111
111
109
108
108
106
105
103
103
101
100
98
98
98
98
98
98
99
98
98
98
98
98
98
98
98
98
98
98
98
97
97
96
96
96
96
96
94
94
94
94
93
92
92
91
91
91
91
91
91
92
93
94
95
97
99
101
102
104
106
108
109
111
112
113
115
116
117
119
119
121
121
122
123
123
124
125
125
125
125
127
127
127
128
128
128
128
130
130
130
131
131
133
133
133
134
135
136
136
136
137
138
138
139
140
140
141
141
143
143
143
145
145
145
145
145
146
147
147
147
147
148
149
149
149
149
149
149
149
149
149
150
150
149
149
150
149
150
150
150
150
150
149
150
149
148
148
148
148
148
147
147
147
146
146
146
146
145
145
144
144
143
143
142
142
142
141
141
140
139
138
137
137
136
136
135
134
134
133
132
132
131
130
130
129
128
128
127
126
126
124
124
123
122
122
120
120
119
119
118
117
117
117
116
115
115
115
115
114
114
114
113
113
113
113
113
113
113
111
111
111
111
111
111
110
110
110
110
110
109
110
110
110
110
110
112
112
112
113
114
114
115
116
116
116
117
118
118
118
119
120
120
120
121
121
122
122
122
122
123
123
123
123
123
123
123
123
124
124
124
124
123
123
123
123
123
123
123
123
123
123
121
121
121
121
121
120
119
119
119
118
117
117
117
116
115
115
115
114
113
113
111
111
111
110
109
109
108
107
107
106
105
105
105
103
103
103
101
101
101
101
99
99
99
97
97
97
96
95
95
95
93
93
93
92
91
91
91
91
90
90
90
90
90
90
90
91
91
92
92
93
93
93
93
93
93
93
93
93
94
94
95
96
96
97
98
98
99
100
101
102
104
105
106
108
109
109
110
111
112
113
114
114
115
114
114
114
114
113
113
113
112
110
107
106
103
97
40
1
1
1
1
1
1
1
1
1
1
1
1
1
1
1
1
1
1
1
1
1
1
1
1
1
1
1
1
1
1
1
1
1
1
1
1
1
1
1
1
1
1
1
1
1
1
1
1
1
1
1
1
1
1
1
1
1
1
1
1
1
1
1
1
1
1
1
