# Vetor de dados - syn_f000218-2-Pre--front--vetorlinha.txt
# Total de elementos: 768
# Formato: um valor por linha
#==================================================

1
1
1
1
1
1
1
1
1
1
1
1
1
1
1
1
1
1
1
1
1
1
1
1
1
1
1
1
1
1
1
1
1
1
1
1
1
1
1
1
1
1
1
1
1
1
1
1
1
1
1
1
1
1
1
1
1
1
1
1
1
1
1
1
1
1
1
1
1
1
1
1
1
1
1
1
1
1
1
1
1
1
1
1
1
1
1
1
1
1
1
1
1
1
1
1
1
1
1
1
1
1
1
1
1
1
1
1
1
1
1
1
1
1
1
1
1
1
1
8
21
25
29
33
36
38
40
42
44
46
47
49
50
51
53
53
55
55
57
57
57
58
59
59
60
60
60
60
60
60
60
60
60
60
60
59
59
59
62
66
67
67
67
67
67
67
66
65
65
65
63
63
63
61
59
59
57
56
50
49
48
47
47
47
46
45
44
43
43
43
43
42
42
42
42
42
42
42
42
42
41
41
42
42
42
43
45
47
51
55
57
61
68
99
109
133
143
150
157
163
361
372
384
396
413
445
456
462
470
479
491
505
517
549
578
578
578
577
577
575
571
539
528
532
534
534
534
532
361
347
264
202
176
160
152
147
143
140
139
138
137
137
135
135
135
133
133
133
131
131
129
129
127
126
125
124
124
123
122
122
122
121
120
119
117
117
115
114
113
112
110
109
108
106
105
104
103
102
101
100
99
99
99
98
98
98
96
96
96
94
94
94
94
93
93
92
92
91
91
91
91
89
89
89
88
88
88
87
87
86
85
85
85
85
85
85
85
85
85
85
86
86
86
86
88
88
90
90
92
92
94
96
96
98
99
100
102
104
105
106
107
108
109
110
111
112
113
113
114
115
115
115
116
117
117
117
117
117
117
117
118
118
118
118
118
118
118
119
119
120
120
120
120
120
120
121
122
122
122
122
124
124
124
124
126
126
126
127
127
128
128
129
130
130
130
130
130
130
130
132
132
132
132
132
132
133
133
133
133
133
133
133
133
133
133
133
133
133
133
133
133
133
133
133
133
133
133
133
132
131
131
131
131
131
131
131
131
131
131
130
130
130
130
130
129
129
128
128
128
127
126
126
126
126
124
124
124
123
123
122
122
121
121
120
120
119
119
118
118
117
116
116
115
114
114
113
112
112
111
111
110
109
109
107
107
107
107
105
105
105
105
104
104
104
104
104
103
103
103
103
102
102
102
102
102
102
103
103
102
102
102
102
102
101
101
101
101
101
101
101
101
101
102
102
102
102
102
103
103
104
104
104
104
105
105
105
105
106
107
107
107
108
108
108
109
109
110
110
110
110
110
110
110
110
111
111
112
112
112
110
110
110
110
110
110
110
110
110
110
110
110
108
108
108
108
108
108
108
106
106
106
106
106
106
104
104
104
104
104
103
102
102
102
102
102
101
100
100
100
99
98
98
98
98
97
97
96
96
96
95
95
94
94
94
93
93
92
92
92
91
91
90
90
89
89
89
89
89
89
88
87
87
87
87
87
87
88
88
88
89
89
89
89
89
89
89
89
90
90
90
90
90
91
92
92
92
93
94
94
94
96
96
98
98
100
101
102
103
104
105
105
107
107
107
108
109
109
108
108
107
107
107
106
105
104
102
99
94
45
43
42
1
1
1
1
1
1
1
1
1
1
1
1
1
1
1
1
1
1
1
1
1
1
1
1
1
1
1
1
1
1
1
1
1
1
1
1
1
1
1
1
1
1
1
1
1
1
1
1
1
1
1
1
1
1
1
1
1
