# Vetor de dados - syn_f003205-3-Pre--front--vetorcoluna.txt
# Total de elementos: 1024
# Formato: um valor por linha
#==================================================

1
1
1
1
1
1
1
1
1
1
1
1
1
1
1
1
1
1
1
1
1
1
1
1
1
1
1
1
1
1
1
1
1
1
1
1
1
1
1
1
1
1
1
1
1
1
1
1
1
1
1
1
1
1
1
1
1
1
1
1
1
1
1
1
1
1
1
1
1
1
1
1
1
1
1
1
1
1
1
1
1
1
1
1
1
1
1
1
1
1
1
1
1
1
1
1
1
1
1
1
1
1
1
1
1
1
1
1
1
1
1
1
1
1
1
1
1
1
1
1
1
1
1
1
1
1
1
1
1
1
1
1
1
1
1
1
1
1
1
1
1
1
1
1
1
1
1
1
1
1
1
1
1
1
1
1
1
1
1
1
1
1
1
1
1
1
1
1
1
1
1
1
1
1
1
1
1
1
1
1
1
1
1
1
1
1
1
1
1
1
1
1
1
1
1
1
1
1
1
1
1
1
1
1
1
1
1
1
1
1
1
1
1
1
1
1
1
1
1
1
1
1
1
1
1
1
1
1
1
1
1
1
1
1
1
1
1
1
1
1
1
1
27
27
27
27
27
26
27
27
27
27
27
27
27
27
27
27
27
27
27
27
27
28
28
28
28
28
28
29
29
29
29
29
29
30
30
30
30
30
31
31
31
31
31
31
31
31
31
31
31
31
31
31
31
31
31
31
31
31
31
31
31
31
31
31
31
31
31
31
31
31
31
31
31
31
31
31
31
31
33
33
33
33
34
34
34
34
34
35
35
35
35
35
35
35
36
36
36
36
36
36
36
36
36
36
36
37
37
37
37
37
37
38
37
37
37
37
37
36
36
36
36
36
36
35
35
35
35
35
34
34
34
34
34
34
33
33
34
34
34
34
34
34
35
35
35
35
36
36
36
36
36
37
37
37
37
37
37
37
37
37
37
37
37
38
38
38
38
38
38
39
39
39
39
39
39
40
40
40
40
41
41
41
41
42
42
42
43
44
45
45
46
46
47
48
48
49
51
53
56
61
63
65
66
67
69
71
73
74
76
77
79
283
285
287
288
290
292
294
296
389
392
395
399
403
405
410
414
417
484
485
487
486
487
487
488
489
490
489
489
489
489
491
492
493
495
496
496
497
567
568
484
480
476
472
468
463
426
422
420
418
416
413
410
404
393
383
374
366
360
353
348
351
356
361
366
373
382
390
406
412
416
418
420
423
426
465
470
474
477
480
484
568
568
568
567
496
495
495
494
492
492
492
493
493
492
492
491
489
490
490
490
489
488
420
416
411
407
403
400
396
393
390
299
297
295
293
291
289
287
285
76
75
72
68
64
62
61
59
57
55
53
51
49
49
48
47
47
47
46
45
44
44
44
43
43
42
42
41
41
41
41
40
40
40
40
40
39
39
39
39
39
39
39
39
39
39
39
39
39
38
38
38
38
38
37
37
37
37
37
37
36
36
36
36
36
36
36
36
35
35
35
35
35
35
35
35
35
35
35
36
36
36
36
36
36
36
36
36
36
37
37
37
37
37
37
37
37
37
38
38
37
37
37
37
37
37
37
37
37
37
37
37
37
37
36
36
36
36
36
36
36
36
35
35
35
35
35
33
33
33
33
33
32
32
32
31
30
30
30
30
29
29
28
28
28
28
27
27
27
26
26
26
26
25
25
25
24
24
24
24
24
23
23
23
22
22
22
22
22
21
21
21
21
21
21
21
21
22
22
21
22
22
21
21
22
21
21
21
21
19
19
19
20
20
19
19
19
19
20
19
19
20
20
21
19
19
19
19
19
18
17
12
12
9
9
9
9
9
9
8
8
8
8
8
9
9
9
9
9
8
8
8
8
1
1
1
1
1
1
1
1
1
1
1
1
1
1
1
1
1
1
1
1
1
1
1
1
1
1
1
1
1
1
1
1
1
1
1
1
1
1
1
1
1
1
1
1
1
1
1
1
1
1
1
1
1
1
1
1
1
1
1
1
1
1
1
1
1
1
1
1
1
1
1
1
1
1
1
1
1
1
1
1
1
1
1
1
1
1
1
1
1
1
1
1
1
1
1
1
1
1
1
1
1
1
1
1
1
1
1
1
1
1
1
1
1
1
1
1
1
1
1
1
1
1
1
1
1
1
1
1
1
1
1
1
1
1
1
1
1
1
1
1
1
1
1
1
1
1
1
1
1
1
1
1
1
1
1
1
1
1
1
1
1
1
1
1
1
1
1
1
1
1
1
1
1
1
1
1
1
1
1
1
1
1
1
1
1
1
1
1
1
1
1
1
1
1
1
1
1
1
1
1
1
1
1
1
1
1
1
1
1
1
1
1
1
1
1
1
1
1
1
