# Vetor de dados - syn_f001500-3-Pre--front--vetorlinha.txt
# Total de elementos: 768
# Formato: um valor por linha
#==================================================

1
1
1
1
1
1
1
1
1
1
1
1
1
1
1
1
1
1
1
1
1
1
1
1
1
1
1
1
1
1
1
1
1
1
1
1
1
1
1
1
1
1
1
1
1
1
1
1
1
1
1
1
1
1
1
1
1
1
1
1
1
1
1
1
1
1
1
1
1
1
1
1
1
1
1
1
1
1
1
1
1
1
1
1
1
1
1
1
1
1
1
1
1
1
1
1
1
1
1
1
1
1
1
1
13
23
27
31
35
38
40
42
44
46
48
50
51
52
53
55
55
57
58
59
59
60
61
61
62
63
63
63
63
64
64
64
64
64
63
63
63
63
63
62
65
69
71
71
72
72
71
71
70
70
69
69
68
68
67
66
64
64
62
62
58
56
52
51
51
51
50
49
48
47
47
46
46
46
46
46
46
46
45
45
45
45
45
45
45
46
47
47
48
50
51
53
55
58
62
64
67
71
73
77
81
126
160
170
179
187
194
205
222
239
253
266
283
333
360
377
389
398
406
414
423
432
444
457
470
482
489
493
499
505
511
518
526
534
542
553
568
580
597
607
608
607
607
606
604
580
560
561
562
473
448
162
160
158
156
156
155
154
153
153
153
152
151
151
150
150
149
147
147
146
145
144
144
142
142
141
140
140
139
138
138
137
136
135
135
133
133
133
131
131
131
130
129
128
128
126
126
124
124
123
123
122
122
122
122
122
122
122
122
122
122
122
122
122
122
122
122
122
122
122
122
122
122
122
121
121
121
121
121
120
120
120
120
121
122
122
122
122
122
122
122
122
122
121
121
119
119
119
117
117
117
118
118
118
118
120
120
122
123
124
125
127
129
129
131
133
134
134
135
136
137
138
138
139
139
139
140
140
140
140
140
140
140
141
141
141
141
141
141
141
141
141
141
141
141
141
140
141
141
142
142
142
143
143
143
144
145
145
145
146
147
147
148
149
149
149
150
151
151
151
151
152
153
153
153
153
154
155
155
155
155
156
157
156
156
155
155
155
155
155
155
155
155
155
155
154
154
154
154
154
153
153
153
152
152
152
152
151
151
151
150
150
150
150
149
149
148
148
148
148
146
146
146
146
146
144
144
144
144
143
142
142
142
142
141
140
140
140
139
138
138
136
136
136
134
134
134
132
132
132
130
130
129
128
128
127
126
126
126
125
125
124
123
123
123
122
122
121
121
121
120
120
120
120
119
119
119
119
119
119
119
118
118
118
118
118
117
117
117
117
116
116
116
116
116
116
116
116
116
116
116
116
116
116
117
117
118
118
119
120
120
121
121
121
122
123
123
124
125
125
125
126
126
127
127
128
128
128
129
129
129
129
130
130
130
130
130
130
130
130
130
130
129
129
128
128
128
128
128
128
126
126
126
126
124
124
124
124
123
122
122
122
120
120
120
118
118
118
116
116
116
115
114
114
113
112
112
112
110
110
110
108
108
108
108
106
106
106
104
104
104
104
102
102
102
102
100
100
100
100
99
98
98
98
98
98
98
98
98
98
98
98
99
99
99
99
99
99
99
99
99
99
99
99
99
99
99
99
100
100
100
100
101
102
102
103
104
105
106
107
108
109
111
111
113
114
115
117
117
119
119
121
121
121
122
122
122
122
121
120
117
116
116
112
107
104
99
48
46
45
1
1
1
1
1
1
1
1
1
1
1
1
1
1
1
1
1
1
1
1
1
1
1
1
1
1
1
1
1
1
1
1
1
1
1
1
1
1
1
1
1
1
1
1
