# Vetor de dados - syn_f003749-1-Pre--left--vetorlinha.txt
# Total de elementos: 768
# Formato: um valor por linha
#==================================================

1
1
1
1
1
1
1
1
1
1
1
1
1
1
1
1
1
1
1
1
1
1
1
1
1
1
1
1
1
1
1
1
1
1
1
1
1
1
1
1
1
1
1
1
1
1
1
1
1
1
1
1
1
1
1
1
1
1
1
1
1
1
1
1
1
1
1
1
1
1
1
1
1
1
1
1
1
1
1
1
1
1
1
1
1
1
1
1
1
1
1
1
1
1
1
1
1
1
1
1
1
1
1
1
1
1
1
1
1
1
1
1
1
1
1
1
1
1
1
1
1
1
1
1
1
1
1
1
1
1
1
1
1
1
1
1
1
1
1
1
1
1
1
8
22
29
34
39
43
46
48
51
53
55
57
58
60
62
63
64
64
66
67
68
68
69
70
70
70
70
70
70
70
71
71
72
72
72
72
72
72
72
73
74
74
75
76
77
76
77
77
75
75
73
72
71
69
69
69
68
67
66
65
64
63
63
62
61
60
59
59
59
58
58
58
58
57
56
56
54
50
47
45
45
44
44
43
44
43
44
43
44
45
44
45
45
46
47
48
48
48
50
158
168
179
194
201
210
221
237
248
261
261
260
261
259
257
256
252
247
246
229
226
183
176
169
161
153
145
137
130
95
91
87
83
78
77
78
78
80
80
80
81
81
81
81
82
82
81
81
81
82
82
81
81
81
81
81
80
80
80
79
79
79
78
78
77
76
76
75
74
73
73
73
73
72
73
72
73
74
74
73
73
74
74
74
73
73
73
73
73
74
73
73
73
73
72
72
72
72
73
73
72
72
72
72
71
71
71
71
70
70
70
69
70
70
70
71
70
71
71
72
72
73
74
75
76
76
77
77
79
79
80
80
81
81
82
83
83
84
85
85
86
86
86
86
87
87
87
87
87
87
88
88
88
88
88
88
88
88
89
89
88
88
88
88
88
87
87
87
87
86
85
84
84
84
83
83
82
80
80
79
77
76
76
76
76
75
76
75
75
75
74
75
75
74
74
73
73
74
73
73
72
71
70
70
69
68
68
67
66
66
65
65
65
64
64
64
64
64
64
64
63
62
62
62
62
62
62
62
62
61
61
61
61
61
61
61
60
60
60
60
60
60
59
59
59
59
59
59
59
58
58
58
58
58
57
57
57
57
55
55
55
54
54
54
54
53
53
53
52
52
52
52
51
51
51
50
50
50
49
49
49
49
49
48
49
49
49
48
49
49
50
50
50
50
51
50
51
50
50
51
50
51
50
50
50
49
50
49
49
48
48
48
47
46
47
46
46
45
45
45
46
46
45
45
45
45
45
45
45
45
45
45
45
45
45
45
45
45
45
44
44
44
44
44
44
44
44
44
44
43
43
43
43
43
43
42
41
41
41
41
41
41
39
39
39
39
39
39
38
37
37
37
37
36
36
36
35
35
35
34
34
34
34
34
34
33
33
33
33
33
33
33
34
34
35
36
37
39
40
43
45
48
51
53
55
58
60
62
66
67
70
73
74
75
77
78
79
80
80
80
80
73
62
66
70
76
79
80
82
84
85
86
86
85
84
82
80
78
75
63
54
48
41
32
28
1
1
1
1
1
1
1
1
1
1
1
1
1
1
1
1
1
1
1
1
1
1
1
1
1
1
1
1
1
1
1
1
1
1
1
1
1
1
1
1
1
1
1
1
1
1
1
1
1
1
1
1
1
1
1
1
1
1
1
1
1
1
1
1
1
1
1
1
1
1
1
1
1
1
1
1
1
1
1
1
1
