# Vetor de dados - syn_f003745-1-Pre--left--vetorlinha.txt
# Total de elementos: 768
# Formato: um valor por linha
#==================================================

1
1
1
1
1
1
1
1
1
1
1
1
1
1
1
1
1
1
1
1
1
1
1
1
1
1
1
1
1
1
1
1
1
1
1
1
1
1
1
1
1
1
1
1
1
1
1
1
1
1
1
1
1
1
1
1
1
1
1
1
1
1
1
1
1
1
1
1
1
1
1
1
1
1
1
1
1
1
1
1
1
1
1
1
1
1
1
1
1
1
1
1
1
1
1
1
1
1
1
1
1
1
1
1
1
1
1
1
1
1
1
1
1
1
1
1
1
20
27
33
38
42
46
48
51
53
55
57
59
61
62
65
65
67
67
69
70
70
71
71
73
73
73
73
74
74
74
74
74
76
76
76
76
77
76
77
78
79
79
80
81
82
82
82
83
84
82
81
81
79
76
74
72
72
70
69
68
68
66
65
65
65
63
62
62
62
62
62
62
62
62
61
60
59
57
55
51
48
48
47
48
47
48
48
48
48
49
49
50
49
50
51
51
52
53
53
53
54
54
58
63
156
165
173
178
185
198
218
227
231
235
241
249
257
262
275
283
297
297
297
296
296
294
291
288
282
280
262
198
192
185
178
171
160
100
92
86
87
87
88
89
89
90
90
91
90
91
92
92
93
93
93
94
94
93
94
94
94
94
93
93
93
92
92
91
90
90
89
87
86
86
85
83
83
83
81
81
80
81
81
81
81
82
82
81
81
81
80
81
81
80
80
80
79
79
78
78
77
77
77
77
76
76
76
76
75
75
75
75
75
75
75
75
76
76
76
76
76
76
78
78
78
79
80
80
81
81
82
83
83
84
84
85
85
85
86
86
87
87
88
89
89
89
90
91
91
92
92
93
93
93
94
94
94
95
94
94
95
94
94
94
94
94
93
93
93
92
93
92
92
91
91
90
90
89
88
88
87
87
87
87
87
86
85
85
85
86
85
85
84
84
84
84
84
84
83
82
83
82
82
81
80
80
80
79
79
78
77
76
76
75
76
75
75
75
75
75
74
74
74
74
74
74
74
74
73
73
73
73
73
73
73
73
72
72
71
71
71
71
71
71
71
70
70
69
69
69
69
69
68
68
68
68
68
67
67
67
67
67
66
66
66
66
66
65
65
64
64
63
63
63
63
63
62
62
62
61
60
60
60
60
60
59
59
59
57
57
57
57
56
56
56
56
55
55
55
55
54
54
54
54
54
53
53
53
53
53
53
52
52
52
53
53
53
53
53
54
54
54
55
54
54
54
54
54
53
54
53
53
53
52
52
52
51
51
51
51
51
50
50
50
49
48
48
48
48
47
47
47
47
48
48
48
47
46
46
46
46
47
47
47
47
47
47
47
48
48
47
47
47
47
47
47
47
47
47
47
47
46
46
46
46
46
46
46
46
45
44
44
44
44
44
43
42
42
42
42
41
41
40
40
40
39
38
38
38
38
38
37
37
37
37
37
37
36
36
36
36
36
36
35
35
35
35
35
35
35
35
35
35
35
36
36
37
39
40
41
43
46
48
49
51
54
56
57
59
61
63
64
69
72
75
77
80
82
84
85
85
85
86
85
85
85
85
84
69
63
66
70
73
76
79
84
87
89
91
93
94
94
93
92
91
91
90
88
85
60
50
44
43
39
38
1
1
1
1
1
1
1
1
1
1
1
1
1
1
1
1
1
1
1
1
1
1
1
1
1
1
1
1
1
1
1
1
1
1
1
1
1
1
1
1
1
1
1
1
1
1
1
1
1
1
1
1
1
1
1
1
