# Vetor de dados - syn_f003795-1-Pre--front--vetorlinha.txt
# Total de elementos: 768
# Formato: um valor por linha
#==================================================

1
1
1
1
1
1
1
1
1
1
1
1
1
1
1
1
1
1
1
1
1
1
1
1
1
1
1
1
1
1
1
1
1
1
1
1
1
1
1
1
1
1
1
1
1
1
1
1
1
1
1
1
1
1
1
1
1
1
1
1
1
1
1
1
1
1
1
1
1
1
1
1
1
1
1
1
1
1
1
1
1
1
1
1
1
1
1
1
1
1
1
1
1
1
1
1
1
1
1
1
1
1
1
1
1
1
1
1
1
1
1
1
1
1
1
1
1
1
1
1
1
1
1
1
1
1
1
1
1
1
1
1
1
1
1
1
1
1
1
1
1
5
18
24
28
32
36
38
40
42
44
46
47
49
50
51
53
53
55
55
57
57
57
59
59
59
59
59
60
60
60
60
60
60
59
59
59
59
61
65
67
68
68
68
68
67
66
66
66
65
64
64
64
62
61
60
60
56
54
52
51
51
51
49
49
49
48
47
46
45
45
45
45
44
44
44
44
44
44
44
44
47
56
63
69
75
82
88
128
272
283
295
311
322
381
391
403
414
425
436
448
465
483
500
505
507
511
514
517
518
504
507
514
525
532
540
540
473
466
458
450
424
419
414
410
405
304
292
273
231
210
192
147
146
144
144
142
141
141
140
139
138
137
136
136
134
134
133
133
133
133
132
132
132
132
132
132
133
133
133
133
133
133
133
133
133
132
132
132
130
130
129
128
127
125
124
122
122
121
119
117
116
116
117
118
118
118
118
118
118
118
118
118
118
119
119
119
119
120
120
120
120
120
120
121
121
121
122
122
122
122
122
122
122
121
121
120
121
122
122
123
124
125
126
127
128
129
130
131
132
133
134
134
135
136
136
137
138
138
138
139
139
139
139
140
140
139
140
141
141
141
141
141
139
139
139
139
139
139
139
139
139
138
139
138
138
138
138
138
138
138
138
138
139
139
139
139
139
139
139
139
139
139
139
139
139
139
139
137
137
137
137
137
137
137
137
137
135
135
135
135
135
135
133
133
133
133
133
133
133
132
131
131
131
131
131
131
129
129
129
129
129
129
129
129
128
128
128
127
127
127
127
127
126
126
126
125
124
124
124
124
123
122
122
121
120
120
120
118
118
118
116
116
116
116
114
114
114
114
113
112
112
112
112
112
110
110
110
110
110
110
108
108
108
108
108
108
108
108
108
107
107
107
107
107
107
107
107
107
107
107
106
106
106
106
106
106
105
105
105
105
105
105
105
105
105
105
105
106
107
107
107
107
108
109
109
109
109
109
109
110
111
111
111
111
111
111
111
111
111
111
111
111
111
111
111
111
111
111
110
110
110
110
110
109
109
109
108
108
108
107
107
107
106
106
106
105
104
104
104
103
102
102
102
102
101
100
100
100
100
99
98
98
98
98
97
96
96
96
95
94
94
94
93
93
93
92
92
91
91
90
90
90
90
90
90
90
89
89
89
89
91
91
91
92
92
92
92
92
92
92
93
93
93
93
93
94
95
95
95
96
96
98
99
100
101
103
103
105
106
107
108
109
109
110
111
110
110
110
110
109
107
104
103
100
95
43
39
36
1
1
1
1
1
1
1
1
1
1
1
1
1
1
1
1
1
1
1
1
1
1
1
1
1
1
1
1
1
1
1
1
1
1
1
1
1
1
1
1
1
1
1
1
1
1
1
1
1
1
1
1
1
1
1
1
1
1
1
1
1
1
1
1
1
1
1
1
1
1
1
1
1
1
1
1
1
1
1
