# Vetor de dados - syn_f000946-3-Pre--front--vetorlinha.txt
# Total de elementos: 768
# Formato: um valor por linha
#==================================================

1
1
1
1
1
1
1
1
1
1
1
1
1
1
1
1
1
1
1
1
1
1
1
1
1
1
1
1
1
1
1
1
1
1
1
1
1
1
1
1
1
1
1
1
1
1
1
1
1
1
1
1
1
1
1
1
1
1
1
1
1
1
1
1
1
1
1
1
1
1
1
1
1
1
1
1
1
1
1
1
1
1
1
1
1
1
1
1
1
1
1
1
1
1
1
1
1
1
1
1
1
1
1
1
1
1
1
1
1
1
1
1
1
1
1
1
1
1
1
1
1
1
16
24
27
31
35
39
40
41
43
45
47
49
51
52
53
54
55
56
58
58
59
60
60
61
61
62
63
63
63
63
63
63
63
63
63
63
63
62
62
62
67
70
71
71
72
70
70
70
70
69
68
68
68
67
66
66
64
63
62
62
60
54
53
53
52
51
51
51
49
49
49
47
47
46
46
46
46
47
47
46
46
46
46
46
46
46
47
47
50
53
56
60
63
67
71
76
82
125
167
178
288
301
328
354
371
385
424
445
461
473
496
514
518
523
529
536
542
545
545
534
535
543
548
553
566
574
587
516
511
506
499
494
486
473
446
442
406
397
373
262
212
171
168
165
162
160
159
157
157
156
155
155
154
154
152
152
151
151
149
148
148
146
145
143
143
141
141
140
139
138
138
136
136
134
133
132
131
129
129
128
126
126
124
122
121
121
119
117
117
115
115
113
113
111
111
110
109
109
109
108
108
108
108
108
108
108
109
109
109
110
110
110
110
109
109
109
109
109
109
109
109
109
109
108
108
108
108
107
107
107
107
107
107
107
108
108
108
110
110
112
112
114
114
116
116
118
119
120
121
122
123
124
125
125
126
127
128
129
129
129
130
131
131
131
131
131
132
132
132
132
132
132
132
132
132
132
132
133
133
133
134
135
135
135
135
136
137
137
137
139
139
141
141
141
143
143
143
144
145
145
146
147
147
147
147
148
148
149
149
149
150
150
150
150
150
150
150
150
150
150
150
150
150
150
150
150
150
150
149
149
149
149
149
148
148
148
148
147
147
147
147
147
146
146
146
145
145
144
144
143
143
142
142
141
141
140
139
139
138
137
137
136
135
135
135
134
133
133
133
133
131
131
131
131
129
129
129
129
127
127
126
125
125
124
123
123
122
121
120
120
119
118
118
116
116
116
115
114
114
114
113
113
113
113
113
113
112
112
112
112
112
112
111
111
111
111
111
110
110
110
110
111
111
112
112
113
113
113
114
115
115
115
117
117
118
119
119
119
120
121
121
122
122
123
123
123
124
124
125
125
125
125
125
126
126
126
126
126
126
126
126
125
125
125
125
125
125
124
124
124
124
124
123
122
122
121
121
121
120
120
119
119
118
118
117
116
116
115
115
114
113
113
112
111
111
111
109
109
109
108
107
107
106
106
105
105
104
104
103
103
102
102
102
101
100
100
100
98
98
98
98
97
96
96
96
96
96
96
96
95
96
96
96
97
97
97
98
99
99
99
99
99
99
99
99
99
99
98
98
99
100
100
100
102
102
102
104
105
106
107
109
111
111
113
115
116
118
118
120
121
122
124
124
124
124
122
122
121
119
117
115
113
111
108
103
49
46
1
1
1
1
1
1
1
1
1
1
1
1
1
1
1
1
1
1
1
1
1
1
1
1
1
1
1
1
1
1
1
1
1
1
1
1
1
1
1
1
1
1
1
1
1
1
1
1
1
1
1
1
1
1
1
1
1
1
1
