# Vetor de dados - syn_f003921-0-Pre--front--vetorcoluna.txt
# Total de elementos: 1024
# Formato: um valor por linha
#==================================================

1
1
1
1
1
1
1
1
1
1
1
1
1
1
1
1
1
1
1
1
1
1
1
1
1
1
1
1
1
1
1
1
1
1
1
1
1
1
1
1
1
1
1
1
1
1
1
1
1
1
1
1
1
1
1
1
1
1
1
1
1
1
1
1
1
1
1
1
1
1
1
1
1
1
1
1
1
1
1
1
1
1
1
1
1
1
1
1
1
1
1
1
1
1
1
1
1
1
1
1
1
1
1
1
1
1
1
1
1
1
1
1
1
1
1
1
1
1
1
1
1
1
1
1
1
1
1
1
1
1
1
1
1
1
1
1
1
1
1
1
1
1
1
1
1
1
1
1
1
1
1
1
1
1
1
1
1
1
1
1
1
1
1
1
1
1
1
1
1
1
1
1
1
1
1
1
1
1
1
1
1
1
1
1
1
1
1
1
1
1
1
1
1
1
1
1
1
1
1
1
1
1
1
1
1
1
1
1
1
1
1
1
1
1
1
1
1
1
1
1
1
1
1
1
5
6
8
8
8
8
8
8
8
8
8
9
9
9
9
9
9
10
10
10
10
10
10
12
17
18
18
18
18
18
20
20
19
19
19
18
20
19
18
18
18
18
19
19
19
19
20
20
19
19
21
20
20
19
19
20
19
18
17
18
17
16
16
16
16
15
16
16
16
16
16
17
17
18
18
18
18
18
18
18
18
19
19
20
20
21
21
21
21
21
22
22
23
23
23
23
24
24
24
24
24
24
26
26
26
26
26
27
27
27
27
28
28
29
29
29
30
30
30
30
30
31
31
31
31
31
31
31
32
32
32
32
32
33
33
33
33
33
33
33
33
33
33
33
32
32
32
32
32
32
32
32
32
32
31
31
31
31
31
31
31
32
32
31
31
31
31
31
31
31
31
31
31
31
31
32
32
33
33
33
33
33
33
33
33
33
33
33
33
33
34
34
34
34
34
34
34
35
35
35
35
35
36
36
36
36
37
37
37
37
38
39
39
39
39
39
40
41
41
41
42
43
44
45
47
49
50
51
52
291
295
299
304
316
394
400
406
411
416
421
427
489
491
492
492
492
492
493
493
493
493
493
492
491
492
493
495
495
495
496
495
494
494
452
505
502
498
493
489
485
481
477
472
464
433
430
426
424
421
417
412
376
368
361
346
338
352
363
367
373
381
389
406
415
418
422
425
427
431
435
467
474
480
485
490
496
501
507
510
433
455
492
494
495
496
495
495
494
493
493
493
493
494
495
495
495
493
493
493
493
492
492
424
419
415
411
406
402
396
390
315
308
301
56
55
54
53
52
50
49
48
47
46
44
43
42
42
41
41
41
40
39
39
39
38
38
38
38
38
37
36
36
36
36
36
36
36
35
35
35
35
35
35
35
35
34
34
34
34
34
34
34
34
34
33
32
32
32
32
32
32
32
31
31
31
31
31
31
32
32
32
32
32
32
32
32
32
32
32
32
32
32
32
32
32
32
32
33
33
33
33
32
32
32
32
32
32
32
32
32
32
32
33
33
32
32
32
32
31
31
31
30
30
30
30
30
30
30
30
30
30
29
28
28
28
28
27
27
27
27
27
27
25
25
25
25
25
25
25
25
25
25
25
24
24
24
24
24
24
24
24
24
24
24
24
24
24
24
24
24
24
24
24
24
24
24
24
24
24
24
25
25
25
25
25
25
25
25
24
24
24
24
23
23
23
23
23
22
22
22
22
22
22
21
21
21
21
21
21
21
21
21
20
20
20
20
20
20
20
20
20
20
20
20
1
1
1
1
1
1
1
1
1
1
1
1
1
1
1
1
1
1
1
1
1
1
1
1
1
1
1
1
1
1
1
1
1
1
1
1
1
1
1
1
1
1
1
1
1
1
1
1
1
1
1
1
1
1
1
1
1
1
1
1
1
1
1
1
1
1
1
1
1
1
1
1
1
1
1
1
1
1
1
1
1
1
1
1
1
1
1
1
1
1
1
1
1
1
1
1
1
1
1
1
1
1
1
1
1
1
1
1
1
1
1
1
1
1
1
1
1
1
1
1
1
1
1
1
1
1
1
1
1
1
1
1
1
1
1
1
1
1
1
1
1
1
1
1
1
1
1
1
1
1
1
1
1
1
1
1
1
1
1
1
1
1
1
1
1
1
1
1
1
1
1
1
1
1
1
1
1
1
1
1
1
1
1
1
1
1
1
1
1
1
1
1
1
1
1
1
1
1
1
1
1
1
1
1
1
1
1
1
1
1
1
1
1
1
1
1
1
1
1
1
1
1
1
1
1
1
1
1
1
1
1
1
1
1
1
1
1
1
1
1
1
1
1
1
1
1
