# Vetor de dados - syn_f003207-2-Pre--front--vetorcoluna.txt
# Total de elementos: 1024
# Formato: um valor por linha
#==================================================

1
1
1
1
1
1
1
1
1
1
1
1
1
1
1
1
1
1
1
1
1
1
1
1
1
1
1
1
1
1
1
1
1
1
1
1
1
1
1
1
1
1
1
1
1
1
1
1
1
1
1
1
1
1
1
1
1
1
1
1
1
1
1
1
1
1
1
1
1
1
1
1
1
1
1
1
1
1
1
1
1
1
1
1
1
1
1
1
1
1
1
1
1
1
1
1
1
1
1
1
1
1
1
1
1
1
1
1
1
1
1
1
1
1
1
1
1
1
1
1
1
1
1
1
1
1
1
1
1
1
1
1
1
1
1
1
1
1
1
1
1
1
1
1
1
1
1
1
1
1
1
1
1
1
1
1
1
1
1
1
1
1
1
1
1
1
1
1
1
1
1
1
1
1
1
1
1
1
1
1
1
1
1
1
1
1
1
1
1
1
1
1
1
1
1
1
1
1
1
1
1
1
1
1
1
1
1
1
1
1
1
1
1
1
1
1
1
1
1
1
1
1
1
1
1
1
1
1
1
1
1
1
1
1
1
1
1
1
1
1
1
1
1
1
1
1
1
1
1
1
1
1
1
1
1
1
20
20
20
20
20
20
20
20
20
20
20
20
20
20
20
20
20
20
20
21
21
21
21
21
21
21
22
22
22
22
22
22
22
22
22
22
22
23
23
23
23
23
23
23
23
23
23
24
24
24
24
24
24
24
24
24
24
24
24
24
25
25
25
25
25
25
25
25
25
25
26
26
27
27
27
27
28
28
28
28
28
29
29
29
29
29
30
31
31
31
31
32
32
32
32
32
33
33
33
33
32
32
33
33
33
33
33
32
32
32
32
31
31
31
31
30
30
30
28
28
28
28
27
27
27
27
27
27
27
26
26
27
27
27
27
27
27
27
27
27
28
28
28
28
28
28
28
28
28
28
28
28
27
27
27
28
28
28
28
28
27
27
27
27
28
28
28
28
28
28
28
28
29
29
29
30
30
31
32
32
33
34
35
36
37
39
40
41
43
45
47
49
52
54
55
56
58
60
61
62
63
64
66
68
70
292
296
388
392
397
401
406
411
417
482
484
484
484
486
486
486
485
484
483
483
483
485
486
488
489
489
490
490
490
462
503
500
497
495
492
489
426
423
418
412
397
392
381
370
363
357
353
348
342
338
343
349
355
360
364
368
376
383
389
395
410
415
418
422
488
492
495
500
503
506
508
510
512
572
573
493
492
491
490
489
488
486
486
487
489
489
490
490
488
488
487
486
485
419
415
410
406
402
397
394
390
305
298
68
65
62
60
59
58
57
56
55
53
51
50
48
46
44
43
42
41
39
38
37
37
35
35
34
33
32
32
32
31
30
30
30
30
29
29
29
29
29
29
29
30
30
29
29
29
29
29
29
29
30
30
29
29
29
29
29
29
29
28
28
28
28
28
28
28
28
28
28
28
28
28
28
29
29
29
29
29
29
29
29
29
30
30
31
31
31
31
32
32
32
32
32
32
33
33
33
33
33
33
33
33
32
32
32
32
32
32
32
32
32
32
32
32
32
32
32
32
32
31
31
31
31
31
31
31
29
29
29
29
29
28
28
27
27
27
27
26
26
25
25
25
24
24
24
24
24
23
23
22
22
22
21
21
21
21
21
20
20
20
20
20
20
20
20
20
20
20
20
20
20
19
19
20
19
19
20
20
19
19
20
20
18
18
18
18
18
18
17
17
17
17
18
18
18
18
18
18
18
18
18
17
17
17
16
1
1
1
1
1
1
1
1
1
1
1
1
1
1
1
1
1
1
1
1
1
1
1
1
1
1
1
1
1
1
1
1
1
1
1
1
1
1
1
1
1
1
1
1
1
1
1
1
1
1
1
1
1
1
1
1
1
1
1
1
1
1
1
1
1
1
1
1
1
1
1
1
1
1
1
1
1
1
1
1
1
1
1
1
1
1
1
1
1
1
1
1
1
1
1
1
1
1
1
1
1
1
1
1
1
1
1
1
1
1
1
1
1
1
1
1
1
1
1
1
1
1
1
1
1
1
1
1
1
1
1
1
1
1
1
1
1
1
1
1
1
1
1
1
1
1
1
1
1
1
1
1
1
1
1
1
1
1
1
1
1
1
1
1
1
1
1
1
1
1
1
1
1
1
1
1
1
1
1
1
1
1
1
1
1
1
1
1
1
1
1
1
1
1
1
1
1
1
1
1
1
1
1
1
1
1
1
1
1
1
1
1
1
1
1
1
1
1
1
1
1
1
1
1
1
1
1
1
1
1
1
1
1
1
1
1
1
1
1
1
1
1
1
1
1
1
1
1
1
1
1
1
1
1
1
