# Vetor de dados - syn_f001404-0-Pre--front--vetorcoluna.txt
# Total de elementos: 1024
# Formato: um valor por linha
#==================================================

1
1
1
1
1
1
1
1
1
1
1
1
1
1
1
1
1
1
1
1
1
1
1
1
1
1
1
1
1
1
1
1
1
1
1
1
1
1
1
1
1
1
1
1
1
1
1
1
1
1
1
1
1
1
1
1
1
1
1
1
1
1
1
1
1
1
1
1
1
1
1
1
1
1
1
1
1
1
1
1
1
1
1
1
1
1
1
1
1
1
1
1
1
1
1
1
1
1
1
1
1
1
1
1
1
1
1
1
1
1
1
1
1
1
1
1
1
1
1
1
1
1
1
1
1
1
1
1
1
1
1
1
1
1
1
1
1
1
1
1
1
1
1
1
1
1
1
1
1
1
1
1
1
1
1
1
1
1
1
1
1
1
1
1
1
1
1
1
1
1
1
1
1
1
1
1
1
1
1
1
1
1
1
1
1
1
1
1
1
1
1
1
1
1
1
1
1
1
1
1
1
1
1
1
1
1
1
1
1
1
1
1
1
1
1
1
1
1
1
1
1
1
1
1
1
1
1
1
1
1
1
1
1
1
1
1
1
1
1
1
1
1
1
1
1
1
1
1
1
1
1
1
1
14
16
17
17
17
17
17
17
17
18
18
18
18
17
17
17
17
17
17
17
18
18
18
18
18
18
20
19
18
18
18
17
17
17
17
17
17
17
17
17
17
17
17
17
17
17
17
17
17
17
17
17
17
17
17
17
17
17
17
17
17
18
20
20
20
20
20
20
20
21
21
21
21
21
22
22
22
22
23
23
24
24
24
25
25
25
25
25
25
26
26
26
26
26
27
27
27
27
28
29
29
29
29
29
30
30
29
29
29
30
30
30
30
30
30
30
29
29
29
29
28
28
27
27
27
26
26
26
26
26
26
26
26
26
26
26
26
26
26
26
27
27
27
27
27
27
28
28
28
28
28
28
28
29
29
29
29
29
29
30
30
31
31
31
31
31
32
32
33
33
33
33
33
33
34
34
34
34
34
35
35
36
36
36
37
38
38
39
39
40
40
41
43
45
47
49
50
52
53
54
55
57
58
261
264
268
272
275
280
284
288
292
378
383
388
393
397
402
475
475
476
475
476
477
478
477
477
476
476
478
478
478
480
481
480
479
553
483
480
478
475
472
468
465
461
456
415
410
405
396
380
363
357
351
346
340
336
331
325
319
320
329
335
339
343
346
351
357
363
371
397
404
407
411
454
457
460
462
465
468
470
473
400
475
476
477
476
476
475
475
474
474
474
474
475
475
473
473
473
472
470
407
402
398
393
388
383
378
294
289
284
280
276
272
267
58
56
54
53
52
50
48
47
45
43
42
41
38
37
36
36
35
35
34
33
33
33
33
32
32
32
32
31
31
31
31
31
31
31
31
31
30
30
30
30
30
29
29
29
29
29
29
29
29
29
29
28
28
28
28
28
28
28
28
27
27
27
27
27
27
27
26
26
26
26
27
27
27
27
27
28
28
28
29
29
29
29
29
29
30
30
31
31
31
31
31
31
31
31
31
30
30
30
30
29
29
29
29
29
28
28
28
28
28
28
28
27
27
27
27
27
26
26
25
25
25
25
25
24
24
23
23
23
22
22
22
22
21
21
20
20
20
20
20
20
20
20
20
20
18
18
18
17
17
17
17
17
17
17
17
17
18
18
18
18
18
18
18
18
18
18
19
20
19
20
21
19
20
19
19
20
20
19
19
19
20
18
18
18
18
18
18
20
20
20
20
21
21
21
21
21
21
21
21
21
20
13
13
13
13
13
13
13
13
13
13
13
13
13
13
13
13
13
13
13
12
1
1
1
1
1
1
1
1
1
1
1
1
1
1
1
1
1
1
1
1
1
1
1
1
1
1
1
1
1
1
1
1
1
1
1
1
1
1
1
1
1
1
1
1
1
1
1
1
1
1
1
1
1
1
1
1
1
1
1
1
1
1
1
1
1
1
1
1
1
1
1
1
1
1
1
1
1
1
1
1
1
1
1
1
1
1
1
1
1
1
1
1
1
1
1
1
1
1
1
1
1
1
1
1
1
1
1
1
1
1
1
1
1
1
1
1
1
1
1
1
1
1
1
1
1
1
1
1
1
1
1
1
1
1
1
1
1
1
1
1
1
1
1
1
1
1
1
1
1
1
1
1
1
1
1
1
1
1
1
1
1
1
1
1
1
1
1
1
1
1
1
1
1
1
1
1
1
1
1
1
1
1
1
1
1
1
1
1
1
1
1
1
1
1
1
1
1
1
1
1
1
1
1
1
1
1
1
1
1
1
1
1
1
1
1
1
1
1
1
1
1
1
1
1
1
1
1
1
1
1
1
1
1
1
1
