# Vetor de dados - syn_f000316-3-Pre--left--vetorlinha.txt
# Total de elementos: 768
# Formato: um valor por linha
#==================================================

1
1
1
1
1
1
1
1
1
1
1
1
1
1
1
1
1
1
1
1
1
1
1
1
1
1
1
1
1
1
1
1
1
1
1
1
1
1
1
1
1
1
1
1
1
1
1
1
1
1
1
1
1
1
1
1
1
1
1
1
1
1
1
1
1
1
1
1
1
1
1
1
1
1
1
1
1
1
1
1
1
1
1
1
1
1
1
1
1
1
1
1
1
1
1
1
1
1
1
1
1
1
1
1
1
1
1
1
1
1
1
1
1
1
1
1
1
1
1
1
1
1
1
1
1
1
1
1
1
1
1
1
1
12
25
31
36
39
44
47
50
52
54
56
58
60
62
63
65
66
67
68
69
70
71
71
73
73
73
74
74
74
74
74
75
75
75
75
75
75
75
74
74
75
75
75
75
76
77
77
77
77
77
77
75
74
73
70
68
67
68
67
67
65
65
65
64
64
64
63
63
64
64
64
63
63
64
62
61
59
47
45
44
44
43
43
42
43
42
42
42
41
42
42
41
41
42
42
42
43
43
44
45
47
50
54
57
67
81
89
95
104
141
146
151
154
158
161
165
168
172
175
179
182
186
190
195
200
204
207
209
212
216
219
224
228
232
236
242
248
253
258
267
268
268
268
267
265
261
73
73
74
74
73
73
73
73
72
72
73
72
72
71
71
71
70
69
69
69
69
67
67
66
65
64
63
61
60
60
60
59
59
58
58
57
57
56
56
55
55
54
53
53
52
51
51
50
49
49
48
48
48
47
46
46
46
45
45
45
45
44
44
44
44
44
44
44
45
45
47
47
47
47
48
49
49
50
50
51
52
52
53
55
56
58
58
59
60
62
63
63
65
66
67
68
69
69
70
72
72
72
73
73
74
74
75
76
76
76
76
77
77
77
77
78
79
79
79
79
79
79
80
80
80
80
80
80
80
81
81
81
82
82
83
83
83
84
84
85
84
84
85
85
85
84
84
85
85
84
84
84
84
84
83
83
82
81
81
80
79
78
77
76
75
76
75
75
75
74
74
74
74
74
73
74
75
75
75
75
74
74
74
74
74
74
74
74
74
74
74
73
73
73
73
73
73
72
71
71
71
71
71
71
70
69
69
69
69
68
68
67
67
67
66
66
66
66
66
65
65
64
64
64
64
62
62
62
62
62
61
61
60
59
59
59
58
58
58
57
57
57
56
56
55
55
54
55
54
54
53
53
53
53
53
53
52
53
53
53
53
53
54
55
54
55
54
54
54
54
54
54
53
53
53
53
52
52
51
51
51
50
49
49
49
48
48
48
48
48
48
48
48
48
47
47
47
47
47
47
48
48
48
48
49
49
49
49
49
49
49
49
49
49
49
49
49
48
48
48
48
48
48
48
48
47
47
47
46
46
46
46
44
44
44
44
44
43
42
42
41
41
41
40
40
39
38
38
38
37
37
37
37
36
37
37
36
37
37
37
38
37
38
38
39
39
39
40
41
42
43
45
47
50
53
55
58
59
60
62
66
69
71
73
76
79
80
82
82
82
83
83
82
76
53
55
58
61
65
70
72
74
78
81
82
84
86
87
87
86
84
82
80
77
66
56
49
43
39
36
1
1
1
1
1
1
1
1
1
1
1
1
1
1
1
1
1
1
1
1
1
1
1
1
1
1
1
1
1
1
1
1
1
1
1
1
1
1
1
1
1
1
1
1
1
1
1
1
1
1
1
1
1
1
1
1
1
1
1
1
1
1
1
1
1
1
1
1
1
