# Vetor de dados - syn_f002848-3-Pre--front--vetorcoluna.txt
# Total de elementos: 1024
# Formato: um valor por linha
#==================================================

1
1
1
1
1
1
1
1
1
1
1
1
1
1
1
1
1
1
1
1
1
1
1
1
1
1
1
1
1
1
1
1
1
1
1
1
1
1
1
1
1
1
1
1
1
1
1
1
1
1
1
1
1
1
1
1
1
1
1
1
1
1
1
1
1
1
1
1
1
1
1
1
1
1
1
1
1
1
1
1
1
1
1
1
1
1
1
1
1
1
1
1
1
1
1
1
1
1
1
1
1
1
1
1
1
1
1
1
1
1
1
1
1
1
1
1
1
1
1
1
1
1
1
1
1
1
1
1
1
1
1
1
1
1
1
1
1
1
1
1
1
1
1
1
1
1
1
1
1
1
1
1
1
1
1
1
1
1
1
1
1
1
1
1
1
1
1
1
1
1
1
1
1
1
1
1
1
1
1
1
1
1
1
1
1
1
1
1
1
1
1
1
1
1
1
1
1
1
1
1
1
1
1
1
1
1
1
1
1
1
1
1
1
1
1
1
1
1
1
1
1
1
1
1
1
1
1
1
1
1
1
1
1
1
1
1
12
12
12
12
12
12
12
12
12
12
15
16
17
18
18
18
18
18
20
19
19
18
18
18
18
19
19
19
19
19
19
20
20
20
20
20
21
21
21
21
21
21
21
21
21
20
21
20
20
20
21
21
21
22
22
22
22
24
24
24
24
25
25
25
26
26
26
27
27
27
28
29
29
29
29
30
30
30
32
32
32
32
32
33
33
33
34
34
35
35
35
35
35
35
35
37
37
37
37
37
37
37
37
38
38
38
38
38
38
38
38
38
39
39
39
39
39
39
39
39
40
40
40
39
39
39
39
39
39
39
39
38
38
38
38
38
38
38
38
38
38
38
38
38
38
38
38
38
39
39
40
40
40
40
40
40
40
41
41
41
42
42
42
42
43
43
43
44
44
44
44
44
44
44
45
45
45
45
46
46
46
46
47
47
47
47
47
47
48
48
48
48
49
49
49
49
50
51
51
51
51
51
52
56
60
64
67
66
63
65
277
280
282
285
287
291
295
381
384
386
389
394
399
404
409
414
476
477
478
477
476
476
476
478
479
479
479
479
479
477
479
480
482
483
484
484
485
484
484
482
459
455
518
499
489
481
474
468
463
459
454
446
437
428
424
420
416
415
412
410
406
379
366
361
356
353
357
364
377
407
412
415
418
422
424
430
441
449
455
461
467
472
478
485
491
496
504
520
527
483
485
485
486
487
486
486
484
484
482
481
479
480
481
480
481
480
479
478
479
478
479
478
477
409
404
399
394
390
387
384
381
378
374
295
291
288
285
282
279
276
275
71
68
67
66
66
67
65
65
63
60
56
53
52
51
51
50
50
50
49
49
48
48
47
47
47
46
46
45
45
45
45
45
45
45
45
44
44
44
44
43
43
43
43
42
41
41
41
41
41
41
41
39
39
39
39
39
39
39
39
39
38
38
37
37
37
37
37
37
37
37
37
37
38
38
38
38
38
38
38
39
39
39
39
39
40
39
39
39
39
38
38
38
38
38
37
38
38
38
38
38
38
38
38
37
37
37
37
37
37
37
36
36
35
35
35
35
34
34
34
34
34
34
33
32
32
32
32
32
31
31
31
30
30
29
29
29
29
28
28
28
28
27
27
26
26
25
25
25
25
24
24
24
23
23
23
22
22
21
21
20
20
21
21
20
21
21
21
21
21
22
21
21
21
21
21
20
20
20
20
20
20
18
19
19
19
19
19
20
20
19
19
19
20
20
20
20
20
19
18
17
12
12
12
12
10
10
10
10
10
10
10
10
10
10
10
10
10
10
10
1
1
1
1
1
1
1
1
1
1
1
1
1
1
1
1
1
1
1
1
1
1
1
1
1
1
1
1
1
1
1
1
1
1
1
1
1
1
1
1
1
1
1
1
1
1
1
1
1
1
1
1
1
1
1
1
1
1
1
1
1
1
1
1
1
1
1
1
1
1
1
1
1
1
1
1
1
1
1
1
1
1
1
1
1
1
1
1
1
1
1
1
1
1
1
1
1
1
1
1
1
1
1
1
1
1
1
1
1
1
1
1
1
1
1
1
1
1
1
1
1
1
1
1
1
1
1
1
1
1
1
1
1
1
1
1
1
1
1
1
1
1
1
1
1
1
1
1
1
1
1
1
1
1
1
1
1
1
1
1
1
1
1
1
1
1
1
1
1
1
1
1
1
1
1
1
1
1
1
1
1
1
1
1
1
1
1
1
1
1
1
1
1
1
1
1
1
1
1
1
1
1
1
1
1
1
1
1
1
1
1
1
1
1
1
1
1
1
1
1
1
1
1
1
1
1
1
1
