# Vetor de dados - syn_f002494-2-Pre--front--vetorlinha.txt
# Total de elementos: 768
# Formato: um valor por linha
#==================================================

1
1
1
1
1
1
1
1
1
1
1
1
1
1
1
1
1
1
1
1
1
1
1
1
1
1
1
1
1
1
1
1
1
1
1
1
1
1
1
1
1
1
1
1
1
1
1
1
1
1
1
1
1
1
1
1
1
1
1
1
1
1
1
1
1
1
1
1
1
1
1
1
1
1
1
1
1
1
1
1
1
1
1
1
1
1
1
1
1
1
1
1
1
1
1
1
1
1
1
1
1
1
1
1
1
1
1
1
1
1
1
1
1
1
1
1
1
1
1
1
1
1
1
1
1
1
1
1
1
1
1
1
1
1
1
1
5
18
24
28
32
36
38
40
42
44
46
48
50
50
52
52
54
56
56
56
58
58
58
60
60
60
60
60
60
60
60
60
60
60
60
59
59
60
65
67
67
67
67
67
67
66
65
65
65
64
63
63
61
60
59
59
55
51
51
51
50
50
49
49
48
47
47
45
45
44
43
42
42
42
42
42
41
41
41
41
41
40
44
49
54
58
64
72
119
170
200
278
292
359
369
380
394
408
420
430
443
453
460
470
479
497
517
523
530
544
557
556
554
537
534
534
532
514
512
443
435
429
421
321
305
251
210
182
152
140
135
132
131
130
130
130
129
128
128
128
127
126
126
124
124
123
122
121
120
119
118
118
116
115
115
113
113
111
111
109
109
108
107
107
105
105
105
103
103
102
101
101
101
100
100
100
100
100
100
100
100
100
100
99
99
99
98
98
98
98
98
98
98
98
98
97
97
96
96
95
95
95
94
93
93
93
92
92
92
92
93
95
96
97
99
99
101
102
102
104
105
107
107
109
109
111
111
113
113
115
115
116
117
118
118
120
120
121
122
122
123
124
124
125
125
126
127
127
127
127
128
128
128
128
128
128
130
130
130
130
131
131
132
132
133
133
133
135
135
135
137
137
137
139
139
139
141
141
141
142
142
142
143
143
143
144
145
145
145
145
145
145
145
145
146
146
147
147
147
147
147
147
147
147
147
147
147
147
147
147
147
145
145
145
145
145
145
145
145
145
144
143
143
143
141
141
141
141
140
139
139
138
137
137
135
135
135
133
133
133
131
131
130
129
128
128
126
126
126
124
124
123
122
121
121
120
119
119
118
117
117
116
115
115
114
113
113
112
111
111
111
110
109
109
109
109
108
107
107
107
107
106
106
105
105
105
105
105
105
104
103
103
103
103
102
102
102
102
103
104
104
104
104
105
106
106
107
107
108
108
109
110
110
110
111
111
112
112
112
113
114
114
114
114
115
116
116
116
116
116
116
116
116
117
118
118
116
116
116
116
116
116
116
116
116
116
116
116
115
114
114
114
114
113
112
112
112
112
111
110
110
109
109
108
108
107
106
106
105
105
104
104
103
102
102
102
100
100
100
99
98
98
98
97
96
96
96
95
94
94
94
93
92
92
92
92
91
90
90
90
90
90
90
90
90
89
90
90
90
90
90
90
91
91
91
91
92
92
92
92
92
93
94
94
95
95
95
97
97
99
99
101
102
102
104
105
106
107
108
108
109
109
109
109
109
109
109
109
109
109
109
107
105
105
102
98
97
47
44
1
1
1
1
1
1
1
1
1
1
1
1
1
1
1
1
1
1
1
1
1
1
1
1
1
1
1
1
1
1
1
1
1
1
1
1
1
1
1
1
1
1
1
1
1
1
1
1
1
1
1
1
1
1
1
1
1
1
1
1
1
1
1
1
1
1
1
1
1
1
1
1
1
