# Vetor de dados - syn_f001225-2-Pre--front--vetorcoluna.txt
# Total de elementos: 1024
# Formato: um valor por linha
#==================================================

1
1
1
1
1
1
1
1
1
1
1
1
1
1
1
1
1
1
1
1
1
1
1
1
1
1
1
1
1
1
1
1
1
1
1
1
1
1
1
1
1
1
1
1
1
1
1
1
1
1
1
1
1
1
1
1
1
1
1
1
1
1
1
1
1
1
1
1
1
1
1
1
1
1
1
1
1
1
1
1
1
1
1
1
1
1
1
1
1
1
1
1
1
1
1
1
1
1
1
1
1
1
1
1
1
1
1
1
1
1
1
1
1
1
1
1
1
1
1
1
1
1
1
1
1
1
1
1
1
1
1
1
1
1
1
1
1
1
1
1
1
1
1
1
1
1
1
1
1
1
1
1
1
1
1
1
1
1
1
1
1
1
1
1
1
1
1
1
1
1
1
1
1
1
1
1
1
1
1
1
1
1
1
1
1
1
1
1
1
1
1
1
1
1
1
1
1
1
1
1
1
1
1
1
1
1
1
1
1
1
1
1
1
1
1
1
1
1
1
1
1
1
1
1
1
1
1
1
20
20
20
20
20
20
20
20
20
21
21
21
21
21
21
21
22
22
22
22
22
23
23
23
24
24
24
24
25
25
25
25
26
26
26
27
27
27
28
28
28
28
28
28
28
28
28
28
28
28
28
28
28
28
28
29
29
29
29
29
29
29
29
29
29
29
29
29
30
30
30
30
30
30
30
31
31
31
31
31
31
31
32
32
32
32
32
32
32
32
32
33
33
33
33
33
33
33
33
33
34
34
34
34
34
34
34
34
35
35
36
36
36
36
36
35
35
36
36
36
36
36
36
36
36
36
35
35
35
35
35
35
34
33
33
33
33
33
33
33
33
33
33
33
33
33
33
33
33
34
34
33
33
33
33
33
34
34
35
35
35
35
35
34
34
35
35
35
35
35
35
36
36
36
36
36
36
36
37
37
37
37
37
37
37
37
38
38
38
38
38
38
38
38
39
39
39
39
39
39
40
40
40
41
42
42
43
44
45
45
47
49
52
55
57
59
60
62
62
63
65
66
68
69
71
287
292
298
302
307
313
326
411
416
421
425
429
434
439
444
514
516
516
515
517
518
518
517
517
517
516
516
518
519
520
521
522
522
523
522
522
487
478
452
520
515
508
500
491
457
446
442
438
435
431
427
381
372
366
360
355
349
343
338
342
350
355
360
367
373
379
390
401
422
428
430
434
437
441
447
497
505
511
517
521
527
550
589
516
518
519
519
519
518
518
516
515
514
514
515
516
516
515
514
513
513
513
512
511
510
438
432
427
422
417
412
407
329
311
304
298
292
286
281
66
64
63
61
60
58
57
55
53
52
50
48
47
46
45
45
44
44
42
42
41
41
41
40
39
39
39
38
38
38
38
37
37
37
37
36
36
36
36
36
36
36
36
36
36
35
35
35
35
35
35
34
34
34
34
34
34
33
33
34
34
34
34
34
33
33
33
33
33
33
32
33
33
33
33
33
33
32
32
33
33
33
33
33
33
33
34
34
34
34
34
34
34
35
35
35
35
35
35
35
35
35
35
35
36
35
35
35
35
35
35
35
35
34
34
34
34
33
33
34
34
34
34
33
33
33
33
33
32
32
32
32
32
32
31
31
31
31
31
29
29
29
29
29
28
28
28
28
27
27
27
27
25
25
25
24
24
24
24
24
23
23
23
23
23
23
22
22
21
21
21
21
21
21
19
19
19
20
20
20
20
20
20
21
20
21
21
21
21
22
21
21
21
21
21
21
21
21
21
19
19
20
18
18
19
19
18
18
19
19
20
19
19
20
20
19
19
19
18
18
17
12
9
9
9
9
9
8
9
9
9
9
8
8
8
8
8
8
8
8
8
8
8
1
1
1
1
1
1
1
1
1
1
1
1
1
1
1
1
1
1
1
1
1
1
1
1
1
1
1
1
1
1
1
1
1
1
1
1
1
1
1
1
1
1
1
1
1
1
1
1
1
1
1
1
1
1
1
1
1
1
1
1
1
1
1
1
1
1
1
1
1
1
1
1
1
1
1
1
1
1
1
1
1
1
1
1
1
1
1
1
1
1
1
1
1
1
1
1
1
1
1
1
1
1
1
1
1
1
1
1
1
1
1
1
1
1
1
1
1
1
1
1
1
1
1
1
1
1
1
1
1
1
1
1
1
1
1
1
1
1
1
1
1
1
1
1
1
1
1
1
1
1
1
1
1
1
1
1
1
1
1
1
1
1
1
1
1
1
1
1
1
1
1
1
1
1
1
1
1
1
1
1
1
1
1
1
1
1
1
1
1
1
1
1
1
1
1
1
1
1
1
1
1
1
1
1
1
1
1
1
1
