# Vetor de dados - syn_f004011-2-Pre--front--vetorlinha.txt
# Total de elementos: 768
# Formato: um valor por linha
#==================================================

1
1
1
1
1
1
1
1
1
1
1
1
1
1
1
1
1
1
1
1
1
1
1
1
1
1
1
1
1
1
1
1
1
1
1
1
1
1
1
1
1
1
1
1
1
1
1
1
1
1
1
1
1
1
1
1
1
1
1
1
1
1
1
1
1
1
1
1
1
1
1
1
1
1
1
1
1
1
1
1
1
1
1
1
1
1
1
1
1
1
1
1
1
1
1
1
1
1
1
1
1
1
1
1
1
1
1
1
1
1
1
1
1
1
1
1
1
1
12
22
26
30
34
36
38
40
42
44
46
48
49
50
51
53
53
55
55
56
57
57
58
59
59
60
60
60
60
60
60
60
60
60
60
60
59
58
59
63
66
67
67
67
67
67
66
65
65
65
63
63
63
61
59
57
57
55
48
47
47
46
46
45
45
44
43
43
42
43
42
43
43
43
43
43
43
43
43
42
41
41
41
41
42
43
43
44
46
47
49
52
55
56
58
103
108
116
256
381
395
410
427
469
480
490
504
520
564
594
593
593
593
592
590
585
569
547
544
548
549
549
549
547
475
397
386
373
362
346
328
288
235
212
197
184
173
166
160
156
152
149
147
145
143
142
141
140
139
137
136
135
133
133
130
127
125
122
120
119
117
117
117
115
115
113
113
111
110
109
108
108
106
106
106
105
105
105
104
104
103
102
102
101
100
99
98
98
96
96
96
96
96
96
95
95
95
95
95
95
95
95
95
95
95
95
95
95
95
94
94
94
93
93
93
91
91
91
90
90
89
88
88
89
89
89
89
91
93
93
95
97
98
99
100
102
103
104
105
107
107
109
110
112
112
114
114
116
116
118
118
118
120
120
121
121
121
122
122
123
123
123
123
123
123
123
123
123
123
123
122
122
122
122
122
123
123
123
124
124
124
125
125
125
125
125
126
126
127
127
128
128
129
129
131
131
131
132
133
134
134
134
135
136
136
136
136
136
138
138
138
138
138
139
140
140
140
140
140
140
140
140
139
139
139
139
139
140
140
140
140
140
140
140
140
140
140
140
140
140
140
140
140
140
140
140
140
139
138
138
138
137
137
137
137
137
135
135
135
135
135
133
133
133
133
133
131
131
131
131
129
129
129
129
127
127
127
127
125
125
125
125
124
123
123
123
122
122
121
121
121
119
119
119
119
117
117
117
117
115
115
115
114
113
113
113
113
112
111
111
111
111
111
111
111
111
111
111
111
111
111
110
110
110
110
110
111
111
111
111
112
112
112
113
113
113
113
114
115
115
115
115
115
117
117
117
117
118
118
119
119
119
120
120
120
120
121
121
121
121
121
121
121
121
121
121
121
120
119
119
119
119
119
119
119
118
117
117
117
117
115
115
115
115
114
114
113
113
113
112
112
111
110
110
110
109
108
108
108
107
106
106
106
106
104
104
104
104
103
102
102
102
101
100
100
100
100
99
98
98
98
98
97
96
96
96
96
95
94
94
94
94
94
94
94
94
94
94
94
95
95
95
96
96
96
96
96
96
96
96
96
96
96
96
96
97
98
98
99
99
100
100
100
102
103
104
105
106
108
109
110
111
112
113
113
114
115
115
116
115
115
114
114
113
113
112
110
108
106
104
103
99
95
91
1
1
1
1
1
1
1
1
1
1
1
1
1
1
1
1
1
1
1
1
1
1
1
1
1
1
1
1
1
1
1
1
1
1
1
1
1
1
1
1
1
1
1
1
1
1
1
1
1
1
1
1
1
1
1
1
