# Vetor de dados - syn_f001989-1-Pre--front--vetorcoluna.txt
# Total de elementos: 1024
# Formato: um valor por linha
#==================================================

1
1
1
1
1
1
1
1
1
1
1
1
1
1
1
1
1
1
1
1
1
1
1
1
1
1
1
1
1
1
1
1
1
1
1
1
1
1
1
1
1
1
1
1
1
1
1
1
1
1
1
1
1
1
1
1
1
1
1
1
1
1
1
1
1
1
1
1
1
1
1
1
1
1
1
1
1
1
1
1
1
1
1
1
1
1
1
1
1
1
1
1
1
1
1
1
1
1
1
1
1
1
1
1
1
1
1
1
1
1
1
1
1
1
1
1
1
1
1
1
1
1
1
1
1
1
1
1
1
1
1
1
1
1
1
1
1
1
1
1
1
1
1
1
1
1
1
1
1
1
1
1
1
1
1
1
1
1
1
1
1
1
1
1
1
1
1
1
1
1
1
1
1
1
1
1
1
1
1
1
1
1
1
1
1
1
1
1
1
1
1
1
1
1
1
1
1
1
1
1
1
1
1
1
1
1
1
1
1
1
1
1
1
1
1
1
1
1
1
1
1
1
1
1
1
1
1
1
1
1
1
1
1
1
1
1
1
1
1
23
23
23
23
23
23
23
23
23
23
23
23
23
23
23
23
23
23
23
23
23
23
24
24
24
24
24
24
24
24
24
24
24
24
25
25
25
1
1
1
1
1
24
24
24
24
24
24
24
24
24
24
24
24
24
24
24
24
24
24
24
24
24
24
24
24
24
24
24
24
24
24
24
24
26
26
26
26
27
27
27
27
28
28
28
28
28
29
29
29
29
29
29
30
30
30
30
31
31
31
31
33
33
33
33
33
34
34
34
34
34
35
34
34
34
34
34
34
34
34
33
33
33
33
32
32
32
32
32
31
31
31
31
31
31
31
31
31
31
31
32
32
32
32
32
33
33
33
33
32
33
33
33
33
33
33
34
34
34
34
34
33
33
34
34
34
34
34
34
34
35
35
35
35
35
35
35
35
35
36
36
36
36
37
37
38
38
38
38
39
39
40
41
42
43
44
45
47
49
50
52
54
55
56
57
58
59
60
61
62
64
64
67
69
73
76
79
81
272
275
278
280
284
287
290
384
388
392
397
401
472
473
475
476
475
475
477
478
478
479
479
479
481
482
482
483
483
483
483
550
549
529
492
489
485
481
478
474
470
465
413
409
404
397
375
366
360
356
349
343
337
330
327
335
341
345
350
356
363
369
381
402
407
411
415
470
473
477
481
484
489
493
558
560
560
560
558
483
482
481
481
479
478
478
479
478
477
476
476
476
476
475
474
474
408
404
399
395
390
386
291
286
283
279
275
271
268
265
77
74
71
68
66
63
61
60
58
57
56
55
53
52
50
48
47
45
45
43
42
42
40
40
40
38
38
38
37
37
36
35
35
35
34
34
34
33
33
33
33
33
32
32
32
32
32
33
32
31
31
31
31
31
31
31
31
31
31
31
31
31
31
31
31
31
31
30
30
30
30
30
30
30
30
30
30
30
30
30
30
30
31
31
31
31
31
32
33
33
33
33
33
34
34
34
34
35
35
35
35
35
35
35
35
34
34
34
34
34
34
34
34
33
33
33
33
33
31
31
31
31
31
31
30
30
30
30
30
29
29
28
28
28
28
27
27
27
27
27
27
26
26
26
26
26
26
26
26
24
24
24
24
24
24
24
23
23
23
23
23
23
23
22
22
21
21
21
21
20
20
20
20
20
20
19
19
20
20
21
21
22
23
23
24
24
25
25
25
25
26
26
26
26
26
26
26
26
26
26
27
27
27
27
28
28
28
29
29
29
29
29
29
29
29
28
27
21
21
21
21
21
21
21
21
22
22
1
1
1
1
1
1
1
1
1
1
1
1
1
1
1
1
1
1
1
1
1
1
1
1
1
1
1
1
1
1
1
1
1
1
1
1
1
1
1
1
1
1
1
1
1
1
1
1
1
1
1
1
1
1
1
1
1
1
1
1
1
1
1
1
1
1
1
1
1
1
1
1
1
1
1
1
1
1
1
1
1
1
1
1
1
1
1
1
1
1
1
1
1
1
1
1
1
1
1
1
1
1
1
1
1
1
1
1
1
1
1
1
1
1
1
1
1
1
1
1
1
1
1
1
1
1
1
1
1
1
1
1
1
1
1
1
1
1
1
1
1
1
1
1
1
1
1
1
1
1
1
1
1
1
1
1
1
1
1
1
1
1
1
1
1
1
1
1
1
1
1
1
1
1
1
1
1
1
1
1
1
1
1
1
1
1
1
1
1
1
1
1
1
1
1
1
1
1
1
1
1
1
1
1
1
1
1
1
1
1
1
1
1
1
1
1
1
1
1
1
1
1
1
1
1
1
1
1
1
1
