# Vetor de dados - syn_f000883-0-Pre--front--vetorlinha.txt
# Total de elementos: 768
# Formato: um valor por linha
#==================================================

1
1
1
1
1
1
1
1
1
1
1
1
1
1
1
1
1
1
1
1
1
1
1
1
1
1
1
1
1
1
1
1
1
1
1
1
1
1
1
1
1
1
1
1
1
1
1
1
1
1
1
1
1
1
1
1
1
1
1
1
1
1
1
1
1
1
1
1
1
1
1
1
1
1
1
1
1
1
1
1
1
1
1
1
1
1
1
1
1
1
1
1
1
1
1
1
1
1
1
1
1
1
1
1
1
5
20
24
28
31
35
37
38
40
42
44
46
47
48
49
51
51
53
53
55
55
55
57
57
57
58
58
59
59
59
59
59
59
59
59
59
58
57
58
60
63
66
66
66
66
66
65
65
64
63
63
63
62
61
60
59
58
57
54
53
51
50
48
48
48
48
47
46
45
44
44
42
42
42
42
42
42
42
42
41
42
41
41
41
41
42
42
42
44
46
49
53
56
59
65
76
292
352
371
376
380
386
390
503
504
504
507
537
547
559
569
595
595
593
528
525
520
514
503
485
483
480
475
471
467
461
377
369
358
323
311
300
288
250
239
230
218
203
191
183
177
172
168
165
162
159
156
154
152
150
148
148
146
144
142
140
138
136
134
131
127
125
124
122
121
120
119
118
117
117
116
116
115
115
114
114
114
114
114
113
113
112
111
111
111
109
109
109
108
108
108
109
109
109
109
109
109
109
109
109
110
109
109
109
109
109
109
108
108
107
107
107
106
106
105
105
105
105
104
104
103
103
103
103
103
102
103
104
105
105
106
107
108
110
111
112
113
114
115
116
117
118
119
121
122
123
124
125
126
127
128
129
129
130
131
131
132
133
133
133
135
135
135
136
137
137
137
138
139
139
139
139
139
141
141
141
141
141
142
143
143
143
144
145
145
146
147
148
148
149
149
150
150
150
151
151
152
152
152
152
153
154
154
154
154
154
154
154
154
154
154
154
154
154
154
154
154
154
154
153
153
153
152
152
152
151
151
151
150
150
149
149
149
148
147
147
147
146
146
145
144
144
144
143
142
142
142
140
140
140
140
138
138
138
137
136
136
135
135
134
133
133
132
131
131
131
130
129
129
129
128
128
127
127
127
126
126
125
125
125
125
123
123
123
123
121
121
121
121
120
120
119
119
118
118
117
117
116
116
116
116
115
114
114
114
114
114
114
114
113
114
113
113
113
113
113
113
113
113
113
113
113
113
112
112
112
112
112
112
111
111
111
111
111
111
111
111
111
111
111
111
111
111
111
111
111
111
111
112
112
112
112
112
113
114
114
114
114
114
116
116
116
116
116
116
116
116
116
116
117
116
116
117
117
117
117
117
117
117
117
117
116
116
116
116
115
115
115
115
115
115
115
115
114
113
113
113
113
113
113
113
113
111
111
111
111
111
111
111
110
109
109
109
109
109
108
108
108
107
107
106
106
106
106
105
104
104
104
104
104
102
102
102
102
102
102
100
100
100
100
98
98
98
98
98
96
96
96
96
95
95
95
94
94
94
94
94
94
94
95
95
95
96
96
96
96
97
97
97
98
98
97
98
98
99
99
100
100
100
102
102
103
104
105
106
108
109
110
111
111
113
114
115
116
116
117
116
117
117
117
118
117
115
114
113
112
112
110
109
108
54
52
52
51
49
47
1
1
1
1
1
1
1
1
1
1
1
1
1
1
1
1
1
1
1
1
1
1
1
1
1
1
1
1
1
1
1
1
1
1
1
1
1
1
1
1
1
1
1
1
1
1
1
