# Vetor de dados - syn_f004271-1-Pre--left--vetorlinha.txt
# Total de elementos: 768
# Formato: um valor por linha
#==================================================

1
1
1
1
1
1
1
1
1
1
1
1
1
1
1
1
1
1
1
1
1
1
1
1
1
1
1
1
1
1
1
1
1
1
1
1
1
1
1
1
1
1
1
1
1
1
1
1
1
1
1
1
1
1
1
1
1
1
1
1
1
1
1
1
1
1
1
1
1
1
1
1
1
1
1
1
1
1
1
1
1
1
1
1
1
1
1
1
1
1
1
1
1
1
1
1
1
1
1
1
1
1
1
1
1
1
1
1
1
1
1
1
1
1
1
1
1
1
1
1
18
26
33
37
41
45
48
51
53
55
57
59
61
63
64
66
68
68
70
70
71
72
72
73
74
75
75
75
75
75
76
76
76
76
76
76
77
77
78
78
79
78
79
80
80
80
81
81
82
81
82
81
81
80
78
76
74
72
71
70
70
70
68
67
67
66
65
65
64
63
62
62
62
62
62
62
62
61
60
60
58
56
53
52
50
50
50
49
50
50
51
50
51
51
52
54
55
55
56
57
58
58
59
61
61
62
62
64
68
73
81
88
156
162
167
173
179
183
187
192
197
203
209
218
226
231
236
241
245
249
254
259
265
270
276
283
289
294
306
308
308
308
307
305
302
300
290
188
102
100
101
101
102
102
104
104
104
104
105
105
105
105
106
106
106
106
106
106
106
106
106
106
106
106
106
105
104
104
104
104
102
102
102
100
99
97
97
97
96
97
96
97
97
96
97
96
96
97
96
96
95
94
95
94
94
93
93
92
92
91
91
90
90
90
89
89
88
87
87
87
87
86
86
86
86
86
86
86
86
88
88
90
91
92
93
94
95
96
97
98
98
99
101
101
102
103
104
104
105
105
105
106
106
107
107
107
108
108
109
109
109
109
109
109
109
109
109
110
109
109
109
108
108
107
107
107
106
105
105
105
104
104
103
102
101
101
100
99
98
97
97
95
94
94
94
93
93
93
92
93
92
92
91
91
90
91
90
90
89
88
87
87
87
86
85
84
84
83
83
82
82
82
83
82
81
81
80
80
80
80
80
80
80
79
79
79
79
78
78
78
78
78
77
77
77
77
76
76
77
77
76
76
76
76
75
75
75
75
74
74
74
74
73
73
72
71
71
71
71
71
70
70
70
70
69
69
69
69
68
68
67
66
66
66
65
65
65
64
64
63
62
62
62
61
61
61
60
60
59
58
58
58
57
57
57
57
57
56
56
56
56
56
55
55
55
55
55
54
55
55
56
55
55
56
55
55
55
55
54
55
55
54
54
54
53
54
53
52
53
52
52
51
50
50
50
50
49
49
48
48
47
47
47
47
47
47
47
47
47
47
48
48
48
48
48
48
48
48
48
48
48
48
48
48
48
48
47
47
47
47
47
47
47
47
46
46
46
46
45
45
45
45
44
44
43
43
43
43
42
42
41
41
41
41
40
40
39
39
39
39
39
37
37
37
37
37
37
37
37
35
35
35
35
35
36
36
36
37
37
36
37
37
38
39
40
41
43
44
46
49
51
53
55
58
60
62
65
68
73
75
77
79
81
83
85
86
88
89
88
89
89
89
88
55
57
60
63
67
70
74
76
80
83
85
86
87
89
91
91
89
88
87
86
84
80
62
54
48
44
39
1
1
1
1
1
1
1
1
1
1
1
1
1
1
1
1
1
1
1
1
1
1
1
1
1
1
1
1
1
1
1
1
1
1
1
1
1
1
1
1
1
1
1
1
1
1
1
1
1
1
1
1
1
1
1
1
1
1
