# Vetor de dados - syn_f000314-0-Pre--front--vetorcoluna.txt
# Total de elementos: 1024
# Formato: um valor por linha
#==================================================

1
1
1
1
1
1
1
1
1
1
1
1
1
1
1
1
1
1
1
1
1
1
1
1
1
1
1
1
1
1
1
1
1
1
1
1
1
1
1
1
1
1
1
1
1
1
1
1
1
1
1
1
1
1
1
1
1
1
1
1
1
1
1
1
1
1
1
1
1
1
1
1
1
1
1
1
1
1
1
1
1
1
1
1
1
1
1
1
1
1
1
1
1
1
1
1
1
1
1
1
1
1
1
1
1
1
1
1
1
1
1
1
1
1
1
1
1
1
1
1
1
1
1
1
1
1
1
1
1
1
1
1
1
1
1
1
1
1
1
1
1
1
1
1
1
1
1
1
1
1
1
1
1
1
1
1
1
1
1
1
1
1
1
1
1
1
1
1
1
1
1
1
1
1
1
1
1
1
1
1
1
1
1
1
1
1
1
1
1
1
1
1
1
1
1
1
1
1
1
1
1
1
1
1
1
1
1
1
1
1
1
1
1
1
1
1
1
1
1
1
1
1
1
1
1
1
1
1
1
1
1
1
19
19
19
19
19
20
20
19
19
19
19
19
20
20
20
20
20
20
20
20
21
21
21
21
21
22
22
22
22
23
23
23
23
23
23
24
24
24
24
24
24
24
24
24
24
24
24
24
24
24
24
25
25
25
25
25
25
25
25
25
25
25
25
25
25
26
26
26
26
26
26
26
26
26
26
26
26
26
27
27
27
27
27
27
28
28
28
28
28
28
28
28
30
30
30
30
30
30
31
31
32
32
32
32
32
32
33
34
34
34
34
34
34
35
35
35
35
35
36
36
36
36
36
36
36
36
35
34
34
34
34
34
34
33
33
33
33
33
33
32
32
32
31
31
31
31
31
31
31
30
30
30
31
31
31
31
31
31
31
31
32
32
32
32
33
33
33
33
33
33
34
34
34
35
35
35
35
35
36
36
36
37
37
38
38
38
38
38
39
39
39
39
41
41
41
41
42
42
42
43
43
44
44
44
45
45
45
46
47
48
50
51
52
54
55
57
58
59
60
61
62
64
66
285
290
294
298
304
313
325
393
400
408
415
423
430
436
514
514
513
516
516
516
516
515
515
514
515
516
517
517
519
518
519
518
517
446
441
434
511
508
503
498
493
487
453
447
441
437
431
407
390
384
378
373
368
364
358
352
347
339
347
352
357
362
365
368
371
375
381
390
432
435
439
443
489
494
498
503
506
511
516
524
445
521
521
522
521
520
520
519
518
517
516
517
516
517
517
515
514
515
514
514
438
434
428
422
415
409
403
396
330
318
308
301
296
292
288
65
64
62
61
60
60
59
58
57
56
55
53
52
51
49
48
47
47
46
46
45
45
43
43
43
42
42
41
40
40
40
40
38
38
38
38
38
37
36
36
36
36
36
35
35
35
35
34
34
34
34
34
34
33
32
32
32
32
32
32
31
31
31
31
31
31
32
32
31
31
31
31
31
31
31
31
32
31
31
31
31
31
32
32
32
33
33
33
34
35
35
35
34
34
35
35
35
35
35
35
36
36
36
36
36
36
36
36
36
36
36
36
36
36
36
36
36
36
35
35
35
35
35
35
35
35
35
34
34
34
34
34
34
34
34
34
33
33
33
33
33
33
33
33
33
32
32
32
32
32
32
32
32
32
32
32
32
32
32
32
32
32
32
31
31
31
31
31
31
32
32
32
31
31
1
1
1
1
1
1
1
1
1
1
1
1
1
30
30
30
30
29
29
29
29
29
28
28
28
28
28
28
28
27
27
27
27
27
27
27
27
27
26
26
26
26
26
26
26
26
26
26
1
1
1
1
1
1
1
1
1
1
1
1
1
1
1
1
1
1
1
1
1
1
1
1
1
1
1
1
1
1
1
1
1
1
1
1
1
1
1
1
1
1
1
1
1
1
1
1
1
1
1
1
1
1
1
1
1
1
1
1
1
1
1
1
1
1
1
1
1
1
1
1
1
1
1
1
1
1
1
1
1
1
1
1
1
1
1
1
1
1
1
1
1
1
1
1
1
1
1
1
1
1
1
1
1
1
1
1
1
1
1
1
1
1
1
1
1
1
1
1
1
1
1
1
1
1
1
1
1
1
1
1
1
1
1
1
1
1
1
1
1
1
1
1
1
1
1
1
1
1
1
1
1
1
1
1
1
1
1
1
1
1
1
1
1
1
1
1
1
1
1
1
1
1
1
1
1
1
1
1
1
1
1
1
1
1
1
1
1
1
1
1
1
1
1
1
1
1
1
1
1
1
1
1
1
1
1
1
1
1
1
1
1
1
1
1
1
1
1
1
1
1
1
1
1
1
1
1
1
1
1
1
