# Vetor de dados - syn_f000647-2-Pre--front--vetorcoluna.txt
# Total de elementos: 1024
# Formato: um valor por linha
#==================================================

1
1
1
1
1
1
1
1
1
1
1
1
1
1
1
1
1
1
1
1
1
1
1
1
1
1
1
1
1
1
1
1
1
1
1
1
1
1
1
1
1
1
1
1
1
1
1
1
1
1
1
1
1
1
1
1
1
1
1
1
1
1
1
1
1
1
1
1
1
1
1
1
1
1
1
1
1
1
1
1
1
1
1
1
1
1
1
1
1
1
1
1
1
1
1
1
1
1
1
1
1
1
1
1
1
1
1
1
1
1
1
1
1
1
1
1
1
1
1
1
1
1
1
1
1
1
1
1
1
1
1
1
1
1
1
1
1
1
1
1
1
1
1
1
1
1
1
1
1
1
1
1
1
1
1
1
1
1
1
1
1
1
1
1
1
1
1
1
1
1
1
1
1
1
1
1
1
1
1
1
1
1
1
1
1
1
1
1
1
1
1
1
1
1
1
1
1
1
1
1
1
1
1
1
1
1
1
1
1
1
1
1
1
1
1
1
1
1
1
1
1
1
1
1
1
1
1
1
1
1
1
1
1
1
1
1
1
1
1
1
1
1
1
1
1
1
1
1
1
1
1
1
29
29
29
29
1
1
1
1
1
1
1
1
1
1
1
30
30
31
31
31
31
31
31
32
32
32
32
1
1
1
1
1
1
1
1
1
1
1
1
35
35
35
35
35
35
35
35
35
35
35
34
35
35
35
35
35
35
35
35
35
35
35
35
35
35
35
35
35
35
35
35
35
35
35
35
35
35
36
36
36
36
36
36
36
36
36
36
36
36
36
36
36
36
36
36
36
36
36
36
36
36
36
36
36
35
35
35
35
36
36
35
35
35
35
34
34
34
34
34
33
33
33
33
33
32
32
32
32
32
32
32
32
33
33
33
33
33
33
33
33
33
33
34
33
33
33
33
33
33
33
33
33
33
33
33
33
33
33
33
33
33
33
33
33
33
33
34
34
33
32
32
32
33
34
34
34
34
35
35
35
36
37
37
38
39
41
43
48
53
57
60
62
64
66
67
67
69
70
72
74
76
283
286
288
291
295
299
302
307
399
403
407
411
415
420
427
498
498
499
499
500
501
502
501
501
501
502
503
505
506
507
507
507
507
505
578
576
547
544
519
511
502
492
447
443
440
437
433
430
426
421
396
377
371
367
362
357
350
340
339
347
354
359
364
369
376
391
401
417
424
428
432
435
439
442
446
490
502
513
523
547
582
584
509
510
510
510
509
509
508
507
505
505
505
506
505
504
503
503
502
502
501
500
423
417
412
406
401
397
307
300
296
292
288
285
282
70
68
64
62
61
59
58
56
54
52
50
47
45
43
42
41
40
38
38
37
37
36
36
35
34
34
34
34
33
33
33
34
34
34
34
33
33
33
33
34
34
34
34
33
33
33
33
33
33
33
33
33
33
33
33
33
33
33
33
32
32
32
32
32
32
32
32
32
32
32
32
32
32
32
32
32
32
33
33
33
33
33
33
33
34
34
34
34
34
34
34
34
34
34
34
34
34
34
34
34
33
33
33
33
33
33
33
33
32
32
32
32
32
32
32
32
31
30
30
30
30
30
30
29
29
29
29
29
29
27
27
27
27
27
26
26
26
26
26
25
24
24
24
24
24
23
23
23
22
22
22
22
22
22
21
20
20
20
20
20
20
18
18
18
18
17
16
16
16
16
16
16
17
17
17
18
19
18
18
19
19
20
18
18
18
18
18
18
18
18
18
18
17
17
18
18
18
19
20
18
18
19
19
19
18
18
18
16
9
9
9
9
9
9
9
8
8
8
8
8
8
8
8
8
8
8
8
8
6
2
1
1
1
1
1
1
1
1
1
1
1
1
1
1
1
1
1
1
1
1
1
1
1
1
1
1
1
1
1
1
1
1
1
1
1
1
1
1
1
1
1
1
1
1
1
1
1
1
1
1
1
1
1
1
1
1
1
1
1
1
1
1
1
1
1
1
1
1
1
1
1
1
1
1
1
1
1
1
1
1
1
1
1
1
1
1
1
1
1
1
1
1
1
1
1
1
1
1
1
1
1
1
1
1
1
1
1
1
1
1
1
1
1
1
1
1
1
1
1
1
1
1
1
1
1
1
1
1
1
1
1
1
1
1
1
1
1
1
1
1
1
1
1
1
1
1
1
1
1
1
1
1
1
1
1
1
1
1
1
1
1
1
1
1
1
1
1
1
1
1
1
1
1
1
1
1
1
1
1
1
1
1
1
1
1
1
1
1
1
1
1
1
1
1
1
1
1
1
1
1
1
1
1
1
1
1
1
1
1
1
1
1
1
1
1
1
1
1
1
1
1
1
1
1
1
1
