# Vetor de dados - syn_f001672-1-Pre--front--vetorcoluna.txt
# Total de elementos: 1024
# Formato: um valor por linha
#==================================================

1
1
1
1
1
1
1
1
1
1
1
1
1
1
1
1
1
1
1
1
1
1
1
1
1
1
1
1
1
1
1
1
1
1
1
1
1
1
1
1
1
1
1
1
1
1
1
1
1
1
1
1
1
1
1
1
1
1
1
1
1
1
1
1
1
1
1
1
1
1
1
1
1
1
1
1
1
1
1
1
1
1
1
1
1
1
1
1
1
1
1
1
1
1
1
1
1
1
1
1
1
1
1
1
1
1
1
1
1
1
1
1
1
1
1
1
1
1
1
1
1
1
1
1
1
1
1
1
1
1
1
1
1
1
1
1
1
1
1
1
1
1
1
1
1
1
1
1
1
1
1
1
1
1
1
1
1
1
1
1
1
1
1
1
1
1
1
1
1
1
1
1
1
1
1
1
1
1
1
1
1
1
1
1
1
1
1
1
1
1
1
1
1
1
1
1
1
1
1
1
1
1
1
1
1
1
1
1
1
1
1
1
1
1
1
1
1
1
1
1
1
1
1
1
1
1
1
1
1
1
1
1
1
1
1
13
13
13
13
13
13
17
18
19
20
20
18
18
20
20
19
19
19
18
18
18
18
20
19
19
19
19
19
19
21
21
21
21
20
21
21
21
21
21
20
21
20
21
21
21
21
21
21
21
21
21
21
22
22
22
23
23
23
24
24
24
24
25
25
25
25
26
27
27
27
27
28
28
28
28
29
29
30
30
30
31
31
31
31
31
31
32
32
32
33
33
34
34
34
34
34
34
35
35
35
35
35
36
36
37
37
36
36
36
36
36
37
37
37
38
38
38
38
39
39
39
39
40
40
40
40
40
40
39
40
40
40
40
40
40
40
40
40
40
40
40
40
40
41
41
41
41
41
41
41
41
41
41
42
42
42
42
42
42
43
43
43
43
43
43
43
44
44
44
44
44
44
44
44
44
46
46
46
46
46
46
46
46
46
46
46
46
46
46
46
46
46
47
47
47
47
47
47
47
47
48
48
48
48
49
50
52
54
56
58
61
64
66
265
268
271
274
278
282
286
291
297
376
380
385
389
394
398
403
479
480
480
479
481
482
482
482
482
482
482
480
480
481
484
485
487
488
488
489
489
489
489
525
503
498
493
488
484
481
478
474
471
466
462
454
434
427
424
421
417
415
411
401
382
374
369
365
364
371
377
384
390
403
411
415
417
420
422
426
434
455
462
467
471
475
478
481
484
488
491
418
446
450
485
486
486
487
486
485
484
483
482
481
481
481
482
483
483
482
481
480
480
480
479
478
403
398
394
390
385
381
377
372
367
288
283
278
272
267
69
66
64
62
60
58
57
56
54
53
51
50
50
50
49
49
49
49
48
48
48
48
48
47
47
46
46
46
46
46
46
46
46
46
46
46
46
46
46
46
44
44
44
44
44
44
44
43
43
43
43
43
43
42
42
42
42
42
41
41
41
41
40
40
40
40
40
39
39
39
39
38
38
38
38
39
39
39
39
38
38
38
38
39
39
39
39
39
38
39
39
39
39
38
38
38
38
37
37
37
37
36
36
36
36
36
36
35
35
35
35
35
35
33
33
33
33
33
33
32
32
32
32
32
32
31
31
31
31
31
30
29
29
29
29
29
29
28
28
28
28
28
26
26
26
26
25
25
25
25
25
24
24
24
24
22
22
22
22
22
21
21
21
19
19
19
19
19
20
18
18
18
18
20
18
19
20
20
20
19
19
20
20
20
20
19
19
19
19
19
19
19
19
18
18
18
18
19
19
19
20
20
20
18
20
20
19
18
17
12
12
12
12
12
12
12
1
1
1
1
1
1
1
1
1
1
1
1
1
1
1
1
1
1
1
1
1
1
1
1
1
1
1
1
1
1
1
1
1
1
1
1
1
1
1
1
1
1
1
1
1
1
1
1
1
1
1
1
1
1
1
1
1
1
1
1
1
1
1
1
1
1
1
1
1
1
1
1
1
1
1
1
1
1
1
1
1
1
1
1
1
1
1
1
1
1
1
1
1
1
1
1
1
1
1
1
1
1
1
1
1
1
1
1
1
1
1
1
1
1
1
1
1
1
1
1
1
1
1
1
1
1
1
1
1
1
1
1
1
1
1
1
1
1
1
1
1
1
1
1
1
1
1
1
1
1
1
1
1
1
1
1
1
1
1
1
1
1
1
1
1
1
1
1
1
1
1
1
1
1
1
1
1
1
1
1
1
1
1
1
1
1
1
1
1
1
1
1
1
1
1
1
1
1
1
1
1
1
1
1
1
1
1
1
1
1
1
1
1
1
1
1
1
1
1
1
1
1
1
1
1
1
1
1
1
1
1
1
1
1
