# Vetor de dados - syn_f002831-1-Pre--front--vetorlinha.txt
# Total de elementos: 768
# Formato: um valor por linha
#==================================================

1
1
1
1
1
1
1
1
1
1
1
1
1
1
1
1
1
1
1
1
1
1
1
1
1
1
1
1
1
1
1
1
1
1
1
1
1
1
1
1
1
1
1
1
1
1
1
1
1
1
1
1
1
1
1
1
1
1
1
1
1
1
1
1
1
1
1
1
1
1
1
1
1
1
1
1
1
1
1
1
1
1
1
1
1
1
1
1
1
1
1
1
1
1
1
1
1
1
1
1
1
1
1
1
1
1
1
1
1
1
1
1
1
1
1
1
1
1
1
1
1
12
23
27
31
34
38
40
42
44
46
48
50
51
53
53
55
57
57
59
59
60
61
61
63
63
63
63
64
64
65
65
65
65
65
65
65
64
64
63
63
63
67
71
72
73
73
72
71
71
71
71
69
69
69
67
67
67
65
63
63
62
60
55
54
54
53
53
52
52
50
50
48
46
46
46
46
46
46
46
46
46
45
44
44
44
44
44
44
44
45
46
50
55
59
64
70
79
147
156
165
173
179
185
193
202
211
226
239
287
305
355
369
379
390
400
410
422
438
455
473
479
485
491
498
505
513
522
536
545
559
574
580
588
588
587
585
563
563
562
345
345
147
146
145
143
142
140
140
138
138
136
134
132
131
129
128
126
124
122
121
120
120
119
118
118
117
117
117
116
116
115
115
114
113
113
113
111
111
110
109
109
108
108
108
106
105
104
102
102
101
100
99
99
98
99
99
99
99
99
99
99
99
101
101
101
101
100
100
99
99
99
99
99
99
99
99
99
99
100
100
101
101
101
101
101
101
102
103
104
104
104
105
105
106
106
107
108
108
108
110
110
110
112
112
113
114
114
115
116
116
117
118
118
119
119
119
119
119
120
120
120
121
121
121
121
121
121
122
123
123
123
123
123
124
125
125
125
126
127
127
127
127
127
127
127
127
128
128
129
129
129
129
131
131
131
131
131
132
132
132
132
133
133
133
133
134
134
134
134
134
134
134
134
134
134
134
134
134
133
133
133
133
133
133
133
133
132
132
132
132
132
132
131
131
131
131
131
130
130
130
129
129
129
128
128
128
127
127
126
126
125
125
124
124
124
123
122
122
122
122
121
120
120
120
119
118
118
118
117
116
116
115
115
115
115
113
113
113
113
111
111
111
111
111
109
109
109
109
109
108
107
107
107
107
107
107
107
107
107
107
107
107
107
107
107
107
107
107
107
107
107
107
107
107
107
107
107
107
107
108
108
108
108
108
108
108
108
108
109
109
109
110
110
111
111
111
111
111
112
112
113
113
113
113
114
114
115
115
115
115
115
115
115
115
115
115
115
115
115
115
115
115
115
115
115
115
115
114
114
114
114
113
113
113
113
112
112
111
111
111
111
110
110
109
109
109
108
108
107
107
106
106
105
105
105
104
103
103
103
103
102
101
101
101
100
100
99
99
99
98
98
97
97
97
96
96
95
95
95
94
94
94
93
93
93
93
93
93
93
93
93
93
93
93
94
94
94
94
95
96
96
96
96
95
95
95
94
95
95
95
95
97
97
97
98
99
99
101
101
102
103
104
106
107
108
109
109
111
111
111
113
113
113
114
113
113
112
112
112
111
110
106
104
100
96
47
44
43
1
1
1
1
1
1
1
1
1
1
1
1
1
1
1
1
1
1
1
1
1
1
1
1
1
1
1
1
1
1
1
1
1
1
1
1
1
1
1
1
1
1
1
1
1
1
1
1
1
1
1
1
1
1
1
1
1
1
1
