# Vetor de dados - syn_f002354-0-Pre--front--vetorlinha.txt
# Total de elementos: 768
# Formato: um valor por linha
#==================================================

1
1
1
1
1
1
1
1
1
1
1
1
1
1
1
1
1
1
1
1
1
1
1
1
1
1
1
1
1
1
1
1
1
1
1
1
1
1
1
1
1
1
1
1
1
1
1
1
1
1
1
1
1
1
1
1
1
1
1
1
1
1
1
1
1
1
1
1
1
1
1
1
1
1
1
1
1
1
1
1
1
1
1
1
1
1
1
1
1
1
1
1
1
1
1
1
1
1
1
1
1
1
1
1
1
1
1
1
1
1
1
1
1
1
1
1
1
1
1
1
1
1
1
16
23
27
31
34
37
39
41
43
45
47
47
49
50
51
53
54
55
56
56
57
58
58
59
59
60
60
61
61
61
61
61
61
61
61
60
60
60
60
63
67
68
69
69
69
69
68
67
67
66
66
65
65
64
63
61
61
59
58
55
50
50
49
48
48
48
47
47
47
48
48
48
48
48
48
48
47
47
47
47
47
47
47
47
48
51
54
60
63
67
69
74
78
85
93
115
130
142
154
279
293
383
418
432
442
454
469
493
519
529
532
535
539
543
547
544
537
553
570
570
570
570
568
498
492
470
460
456
452
447
441
346
336
325
305
292
283
254
237
209
174
166
161
156
153
151
149
148
146
146
144
142
141
140
138
137
136
134
134
134
133
132
132
132
131
131
131
131
131
130
130
130
130
130
130
130
129
129
129
128
128
126
126
125
123
123
121
120
118
118
117
116
115
114
114
115
115
115
115
115
115
115
115
115
115
115
115
115
115
114
113
113
113
113
113
112
112
112
112
110
110
110
108
108
108
108
108
107
107
108
108
110
111
113
115
117
120
122
125
128
129
131
133
134
135
136
137
138
138
138
138
138
139
139
139
139
139
139
139
139
139
139
138
138
138
138
137
137
136
136
136
136
136
135
135
135
135
135
135
135
135
135
135
135
135
136
136
137
137
137
137
137
138
139
139
139
140
140
140
141
142
142
142
142
142
142
142
142
142
142
142
142
142
142
141
141
141
140
140
139
139
139
139
138
137
137
137
137
136
135
135
135
135
135
133
133
133
133
133
132
131
131
131
130
129
129
129
129
128
128
127
126
125
125
123
123
123
121
121
120
120
119
118
118
118
116
116
116
115
114
114
114
112
112
112
111
110
110
110
110
108
108
108
108
107
106
106
106
106
104
104
104
104
104
104
104
104
104
104
104
104
104
104
104
104
104
104
104
104
103
103
103
103
103
102
102
102
102
101
101
101
101
101
101
101
101
101
101
101
101
102
102
103
103
103
104
104
104
104
105
105
105
106
106
106
106
106
106
106
106
106
107
107
107
107
107
106
106
106
105
105
105
105
105
105
104
104
103
103
103
103
102
102
102
101
101
101
101
100
100
100
99
99
99
98
98
98
98
97
97
96
96
96
95
95
94
94
94
93
93
93
92
92
91
91
91
90
89
89
89
89
89
87
87
87
87
87
87
86
86
86
86
86
86
86
86
86
86
86
88
88
88
88
89
90
90
90
90
90
90
90
90
90
91
91
91
93
93
93
94
95
95
96
98
98
100
100
102
102
103
104
105
105
107
107
107
108
109
110
110
110
110
110
108
105
102
100
97
94
47
45
40
1
1
1
1
1
1
1
1
1
1
1
1
1
1
1
1
1
1
1
1
1
1
1
1
1
1
1
1
1
1
1
1
1
1
1
1
1
1
1
1
1
1
1
1
1
1
1
1
1
1
1
1
1
1
1
1
1
1
1
1
1
1
1
