# Vetor de dados - syn_f003591-1-Pre--left--vetorlinha.txt
# Total de elementos: 768
# Formato: um valor por linha
#==================================================

1
1
1
1
1
1
1
1
1
1
1
1
1
1
1
1
1
1
1
1
1
1
1
1
1
1
1
1
1
1
1
1
1
1
1
1
1
1
1
1
1
1
1
1
1
1
1
1
1
1
1
1
1
1
1
1
1
1
1
1
1
1
1
1
1
1
1
1
1
1
1
1
1
1
1
1
1
1
1
1
1
1
1
1
1
1
1
1
1
1
1
1
1
1
1
1
1
1
1
1
1
1
1
1
1
1
1
1
1
1
1
1
1
1
1
1
1
1
1
1
1
1
1
1
1
1
1
16
24
31
36
40
44
46
49
52
54
56
58
60
62
63
65
65
67
67
69
69
70
71
72
72
72
73
73
73
73
73
74
75
75
75
75
75
76
76
76
77
78
78
79
79
79
80
81
80
81
79
79
77
75
71
71
70
69
68
67
66
65
65
64
63
62
61
62
62
61
61
61
61
60
59
58
57
55
50
46
45
44
44
43
44
44
44
44
44
45
45
45
45
46
45
46
47
46
47
47
47
47
47
48
47
50
54
58
66
85
135
143
150
156
161
167
173
180
189
208
211
214
217
221
225
231
236
240
249
256
262
274
275
275
276
275
273
270
267
260
160
87
81
81
82
84
84
85
85
85
86
86
87
86
87
87
87
88
88
87
87
87
87
87
87
87
86
86
86
84
84
83
83
82
81
81
79
79
77
76
74
73
73
72
72
71
72
72
72
71
71
71
70
69
69
68
68
68
67
67
66
65
65
64
64
65
65
64
64
64
64
64
63
63
63
63
63
63
63
63
62
62
62
62
62
63
63
63
64
65
65
66
67
68
68
69
70
71
71
72
72
73
73
74
74
75
76
76
77
77
78
79
79
80
81
81
82
82
83
83
84
84
84
85
85
85
86
86
86
87
87
87
88
88
87
87
88
88
88
88
87
87
87
86
87
86
86
86
86
86
85
86
86
86
86
87
87
87
87
86
86
86
86
85
86
86
85
85
85
84
84
84
84
83
82
82
81
80
79
79
79
78
78
78
77
77
76
76
76
76
76
75
74
74
74
74
74
74
74
74
74
73
73
73
73
73
73
72
72
72
72
72
72
71
70
70
70
70
69
69
69
69
69
69
68
68
67
67
67
67
66
66
66
66
65
64
64
64
64
64
63
63
63
62
61
61
61
61
60
60
60
60
59
58
58
57
57
56
56
56
55
55
54
54
55
54
54
53
53
53
52
53
53
54
54
54
54
55
54
55
54
53
54
53
53
53
52
51
51
50
49
49
48
48
48
47
46
45
45
44
44
43
44
44
44
44
43
43
44
44
44
45
45
45
44
44
44
44
45
45
45
45
45
45
44
44
44
44
44
44
44
44
44
43
43
43
43
43
43
43
42
41
41
41
41
41
41
41
40
40
39
39
39
38
38
38
38
38
37
37
36
36
36
35
36
36
36
36
35
36
36
36
36
36
36
36
37
37
37
38
38
39
39
40
41
43
43
45
46
48
51
52
54
56
57
60
65
69
72
76
77
78
78
79
79
79
79
79
76
71
63
53
56
59
61
64
67
70
72
75
78
81
83
86
86
85
85
83
83
82
81
79
55
47
39
36
1
1
1
1
1
1
1
1
1
1
1
1
1
1
1
1
1
1
1
1
1
1
1
1
1
1
1
1
1
1
1
1
1
1
1
1
1
1
1
1
1
1
1
1
1
1
1
1
1
1
1
1
1
1
1
1
1
1
1
1
1
1
1
1
1
