# Vetor de dados - syn_f000698-1-Pre--left--vetorlinha.txt
# Total de elementos: 768
# Formato: um valor por linha
#==================================================

1
1
1
1
1
1
1
1
1
1
1
1
1
1
1
1
1
1
1
1
1
1
1
1
1
1
1
1
1
1
1
1
1
1
1
1
1
1
1
1
1
1
1
1
1
1
1
1
1
1
1
1
1
1
1
1
1
1
1
1
1
1
1
1
1
1
1
1
1
1
1
1
1
1
1
1
1
1
1
1
1
1
1
1
1
1
1
1
1
1
1
1
1
1
1
1
1
1
1
1
1
1
1
1
1
1
1
1
1
1
1
1
1
1
1
1
1
1
1
1
1
1
1
1
1
1
1
1
1
1
1
1
1
1
1
1
1
1
1
20
27
33
37
42
45
48
50
53
55
57
60
61
63
64
66
67
67
69
69
70
72
72
73
74
74
74
74
74
74
74
75
75
75
75
75
75
75
76
76
76
76
77
78
78
78
78
79
78
77
76
75
71
68
68
67
66
65
65
63
63
63
62
62
62
62
61
61
61
62
62
62
62
61
60
59
58
56
53
51
49
49
48
48
47
48
47
48
47
48
48
49
49
50
50
175
214
223
237
258
280
280
280
281
280
278
275
275
271
265
265
264
248
245
238
204
200
198
194
190
186
182
177
171
165
155
149
142
134
129
119
110
104
99
94
89
88
89
90
91
92
93
93
94
95
95
97
97
98
97
97
98
98
98
98
98
98
98
98
98
97
96
96
96
96
95
95
94
93
93
92
92
92
91
92
92
93
93
93
93
94
94
93
93
94
94
93
93
94
94
93
93
93
94
94
93
93
93
93
92
92
92
92
92
91
91
91
91
91
90
90
90
90
90
89
89
89
90
91
93
93
94
95
96
97
97
98
99
99
100
101
101
103
103
103
104
105
106
106
106
107
107
107
108
108
108
107
107
108
108
107
107
107
107
107
107
107
106
106
107
106
106
106
105
105
104
104
105
104
104
104
102
101
101
100
100
99
98
98
97
96
94
93
92
91
91
90
90
90
89
89
89
88
88
87
87
86
85
84
83
82
81
81
80
80
79
78
77
76
75
75
74
74
74
73
73
72
72
71
71
71
70
70
69
69
68
68
68
68
68
67
66
66
65
65
65
63
63
63
63
63
63
61
61
61
61
60
60
60
60
60
59
59
59
59
59
58
58
58
57
57
56
56
56
55
55
55
55
54
54
53
52
52
52
51
51
51
50
50
50
49
49
49
49
48
48
48
48
48
48
48
48
48
48
48
49
48
48
49
49
48
49
49
48
49
49
49
49
48
49
48
48
48
48
47
48
47
47
46
46
45
46
45
45
44
44
43
43
42
42
42
42
42
42
42
42
43
43
43
43
43
43
44
44
44
44
43
43
43
43
43
43
43
43
43
43
43
42
42
42
42
42
42
41
40
40
40
40
40
38
38
38
38
38
37
36
36
36
35
35
34
34
34
33
33
32
32
32
32
32
33
33
33
33
33
33
33
35
35
36
37
38
38
40
42
43
46
49
52
55
57
61
64
68
71
74
80
83
83
83
83
84
83
82
79
40
41
43
45
47
49
52
55
60
65
70
74
78
81
84
86
87
88
87
86
85
84
83
80
71
59
50
44
38
35
1
1
1
1
1
1
1
1
1
1
1
1
1
1
1
1
1
1
1
1
1
1
1
1
1
1
1
1
1
1
1
1
1
1
1
1
1
1
1
1
1
1
1
1
1
1
1
1
1
1
1
1
1
1
1
1
1
1
1
1
1
1
1
1
1
1
1
1
1
1
1
1
1
1
