# Vetor de dados - syn_f001527-2-Pre--front--vetorcoluna.txt
# Total de elementos: 1024
# Formato: um valor por linha
#==================================================

1
1
1
1
1
1
1
1
1
1
1
1
1
1
1
1
1
1
1
1
1
1
1
1
1
1
1
1
1
1
1
1
1
1
1
1
1
1
1
1
1
1
1
1
1
1
1
1
1
1
1
1
1
1
1
1
1
1
1
1
1
1
1
1
1
1
1
1
1
1
1
1
1
1
1
1
1
1
1
1
1
1
1
1
1
1
1
1
1
1
1
1
1
1
1
1
1
1
1
1
1
1
1
1
1
1
1
1
1
1
1
1
1
1
1
1
1
1
1
1
1
1
1
1
1
1
1
1
1
1
1
1
1
1
1
1
1
1
1
1
1
1
1
1
1
1
1
1
1
1
1
1
1
1
1
1
1
1
1
1
1
1
1
1
1
1
1
1
1
1
1
1
1
1
1
1
1
1
1
1
1
1
1
1
1
1
1
1
1
1
1
1
1
1
1
1
1
1
1
1
1
1
1
1
1
1
1
1
1
1
1
1
1
1
1
1
1
1
1
1
1
1
1
1
1
1
1
1
1
12
12
12
12
12
13
13
13
13
13
13
13
13
13
12
12
12
13
13
13
13
13
13
20
21
22
22
22
22
22
22
22
22
21
21
21
20
20
20
19
19
21
21
21
21
22
22
22
21
22
22
22
22
22
22
22
22
22
21
22
21
22
22
21
21
21
21
21
20
20
20
20
20
22
22
22
22
22
23
23
23
23
24
25
25
25
25
26
26
26
27
27
28
28
28
28
29
29
29
30
31
31
31
31
31
32
33
33
33
33
33
34
34
34
34
34
34
35
36
36
36
36
36
36
36
36
36
36
36
36
36
36
36
36
36
37
37
37
37
37
37
37
36
36
36
36
35
35
35
35
35
35
35
35
35
35
35
35
35
35
35
35
35
35
35
35
35
35
35
35
35
35
36
37
37
37
37
37
37
37
37
37
37
37
37
37
38
38
38
38
38
38
39
39
39
38
38
38
39
39
39
39
39
39
41
41
41
42
42
43
43
44
45
47
50
53
56
57
54
56
269
271
272
275
278
283
286
291
377
381
384
388
392
396
401
473
473
474
473
475
475
476
476
477
476
475
476
477
479
479
480
480
481
480
480
473
455
526
518
494
488
485
482
479
475
471
465
459
429
424
420
417
415
412
410
406
361
349
337
321
313
340
346
352
356
364
406
410
413
416
419
423
431
462
467
472
475
480
484
488
490
493
495
498
524
533
558
482
483
483
482
481
481
479
478
476
477
476
476
475
475
473
473
474
472
471
400
396
392
388
384
381
378
374
292
286
282
278
275
272
268
265
70
61
60
59
61
59
58
56
55
53
51
49
47
46
44
44
43
42
42
41
41
40
40
39
39
38
38
37
37
37
37
37
37
37
37
37
37
37
37
37
37
37
37
37
37
37
36
36
36
36
36
36
36
36
36
36
36
36
35
35
35
35
35
34
34
34
34
34
34
34
34
34
34
34
34
34
34
34
35
35
35
35
35
36
36
36
36
36
36
36
36
36
36
36
35
35
36
36
36
36
36
36
35
35
35
35
35
35
35
35
35
35
34
34
33
33
33
33
32
32
32
32
32
32
32
31
30
30
30
29
29
29
29
29
28
27
27
27
26
26
26
26
25
25
25
24
24
24
23
23
22
21
21
21
20
20
20
20
20
18
18
18
18
18
18
17
18
18
19
20
19
19
19
20
20
20
20
19
19
19
19
19
19
19
19
19
20
20
18
18
19
19
19
19
20
20
20
20
19
19
18
17
13
13
13
13
13
1
1
1
1
1
1
1
1
1
1
1
1
1
1
1
1
1
1
1
1
1
1
1
1
1
1
1
1
1
1
1
1
1
1
1
1
1
1
1
1
1
1
1
1
1
1
1
1
1
1
1
1
1
1
1
1
1
1
1
1
1
1
1
1
1
1
1
1
1
1
1
1
1
1
1
1
1
1
1
1
1
1
1
1
1
1
1
1
1
1
1
1
1
1
1
1
1
1
1
1
1
1
1
1
1
1
1
1
1
1
1
1
1
1
1
1
1
1
1
1
1
1
1
1
1
1
1
1
1
1
1
1
1
1
1
1
1
1
1
1
1
1
1
1
1
1
1
1
1
1
1
1
1
1
1
1
1
1
1
1
1
1
1
1
1
1
1
1
1
1
1
1
1
1
1
1
1
1
1
1
1
1
1
1
1
1
1
1
1
1
1
1
1
1
1
1
1
1
1
1
1
1
1
1
1
1
1
1
1
1
1
1
1
1
1
1
1
1
1
1
1
1
1
1
1
1
1
1
1
1
1
1
1
1
1
1
1
1
1
1
1
1
1
1
1
1
