# Vetor de dados - syn_f001717-0-Pre--left--vetorlinha.txt
# Total de elementos: 768
# Formato: um valor por linha
#==================================================

1
1
1
1
1
1
1
1
1
1
1
1
1
1
1
1
1
1
1
1
1
1
1
1
1
1
1
1
1
1
1
1
1
1
1
1
1
1
1
1
1
1
1
1
1
1
1
1
1
1
1
1
1
1
1
1
1
1
1
1
1
1
1
1
1
1
1
1
1
1
1
1
1
1
1
1
1
1
1
1
1
1
1
1
1
1
1
1
1
1
1
1
1
1
1
1
1
1
1
1
1
1
1
1
1
1
1
1
1
1
1
1
1
1
1
1
1
1
1
1
1
1
1
1
1
1
1
1
1
1
1
1
1
1
1
1
1
1
8
22
29
34
39
42
45
48
51
53
55
56
58
61
62
64
64
66
66
67
68
68
70
70
71
71
72
72
72
72
72
72
72
72
72
72
73
73
73
74
74
74
74
75
76
75
76
76
76
75
75
72
70
69
67
66
67
66
64
63
63
62
61
60
59
58
58
58
57
57
57
57
57
56
55
54
52
49
44
41
40
40
39
40
39
40
39
40
41
41
41
41
42
42
43
43
43
45
52
61
70
78
143
150
156
163
172
190
199
204
208
213
220
227
233
244
253
267
268
267
267
266
265
262
260
252
251
233
184
180
175
169
161
153
144
92
86
81
81
83
84
84
85
85
86
86
87
87
87
88
88
89
89
89
90
90
90
90
90
90
90
90
90
89
88
88
88
88
87
87
86
86
84
83
82
81
82
81
81
82
82
81
82
82
82
81
82
82
82
81
81
82
81
81
81
81
81
80
80
80
81
80
80
80
80
80
80
79
79
79
78
79
79
78
78
78
78
78
78
78
79
79
79
80
80
82
82
83
85
85
86
86
88
88
89
90
91
92
92
94
94
95
95
96
96
97
97
97
98
98
99
98
98
98
99
99
98
99
98
98
97
97
96
97
97
96
96
96
95
95
95
94
94
94
93
93
93
91
91
90
90
89
88
88
88
89
89
88
88
88
87
88
88
88
87
87
88
87
87
86
86
86
86
86
86
85
85
85
84
84
83
83
83
82
82
81
81
80
80
80
79
79
79
79
78
78
78
77
77
77
77
76
76
76
75
75
75
74
73
73
73
73
73
73
72
72
72
71
71
71
70
70
70
68
69
68
68
67
67
66
66
66
65
65
65
64
64
64
63
62
61
61
60
60
59
59
57
57
56
55
55
55
54
54
53
52
51
52
52
52
51
51
51
52
51
52
52
52
52
52
52
52
52
52
53
52
52
52
52
51
52
52
51
52
51
51
52
51
50
50
49
49
48
49
49
49
49
48
48
48
48
48
48
48
48
49
49
48
48
48
48
48
49
49
49
49
49
49
49
48
48
48
48
48
48
48
47
47
47
47
47
47
46
46
46
46
45
45
44
44
44
44
43
43
42
42
42
41
41
40
40
40
39
39
39
38
38
38
37
37
36
36
36
36
35
35
35
35
36
37
37
38
38
39
42
44
47
50
53
55
58
60
63
65
67
70
73
76
77
78
80
80
81
81
82
81
80
41
43
46
48
51
55
58
62
67
70
72
77
80
82
84
86
87
86
86
84
82
82
81
78
65
55
47
38
29
1
1
1
1
1
1
1
1
1
1
1
1
1
1
1
1
1
1
1
1
1
1
1
1
1
1
1
1
1
1
1
1
1
1
1
1
1
1
1
1
1
1
1
1
1
1
1
1
1
1
1
1
1
1
1
1
1
1
1
1
1
1
1
1
1
1
1
1
1
1
1
1
1
1
