# Vetor de dados - syn_f003184-2-Pre--front--vetorcoluna.txt
# Total de elementos: 1024
# Formato: um valor por linha
#==================================================

1
1
1
1
1
1
1
1
1
1
1
1
1
1
1
1
1
1
1
1
1
1
1
1
1
1
1
1
1
1
1
1
1
1
1
1
1
1
1
1
1
1
1
1
1
1
1
1
1
1
1
1
1
1
1
1
1
1
1
1
1
1
1
1
1
1
1
1
1
1
1
1
1
1
1
1
1
1
1
1
1
1
1
1
1
1
1
1
1
1
1
1
1
1
1
1
1
1
1
1
1
1
1
1
1
1
1
1
1
1
1
1
1
1
1
1
1
1
1
1
1
1
1
1
1
1
1
1
1
1
1
1
1
1
1
1
1
1
1
1
1
1
1
1
1
1
1
1
1
1
1
1
1
1
1
1
1
1
1
1
1
1
1
1
1
1
1
1
1
1
1
1
1
1
1
1
1
1
1
1
1
1
1
1
1
1
1
1
1
1
1
1
1
1
1
1
1
1
1
1
1
1
1
1
1
1
1
1
1
1
1
1
1
1
1
1
12
12
12
12
12
12
12
12
12
12
12
12
12
12
12
12
17
18
19
19
19
19
19
21
20
20
20
19
19
19
20
20
19
19
19
19
21
21
21
21
22
21
21
21
22
22
21
21
22
21
21
20
20
20
19
19
19
19
19
19
20
20
20
20
20
20
20
20
20
20
20
21
22
22
22
22
22
23
24
24
24
24
24
25
25
26
26
26
26
27
28
28
28
28
28
28
30
30
30
30
30
31
31
32
32
32
32
32
32
32
33
34
34
34
34
34
34
34
34
34
35
35
35
36
36
36
36
36
36
36
37
37
37
37
36
36
36
36
36
36
36
36
36
35
34
34
34
34
34
34
34
33
33
32
32
32
32
32
32
32
32
32
32
32
32
32
33
33
33
33
33
33
33
33
33
34
34
34
34
34
35
35
35
35
35
35
35
35
35
35
36
36
36
36
36
37
37
37
37
37
37
38
38
38
39
39
39
39
41
41
41
42
42
42
43
43
44
45
46
46
47
49
51
53
55
57
59
60
62
64
66
68
70
72
73
64
67
285
289
293
297
306
396
398
402
406
409
413
417
421
502
502
501
502
503
503
504
504
503
503
503
505
507
507
508
508
508
508
506
480
470
434
503
499
498
495
492
489
486
482
479
475
430
425
422
417
388
370
362
355
348
341
334
324
317
317
335
343
348
353
360
367
383
413
419
422
425
429
475
479
483
486
490
494
497
501
504
508
433
500
504
506
506
506
504
504
503
502
501
500
499
500
501
500
500
500
499
499
499
420
416
411
408
404
400
396
393
389
298
290
285
280
276
80
77
75
74
72
70
67
63
61
59
57
55
53
51
49
47
46
45
44
43
41
41
40
40
39
39
38
37
37
36
36
36
35
35
35
35
34
34
34
34
34
33
33
33
33
34
34
33
33
33
33
32
32
32
32
32
31
31
31
31
31
31
31
31
30
30
30
30
30
30
30
30
30
30
30
30
30
30
30
31
31
31
31
32
32
32
33
34
34
34
34
35
35
35
35
36
36
36
36
36
36
37
37
37
37
36
36
36
35
35
35
35
35
35
35
35
35
35
35
35
35
35
35
35
35
35
35
35
35
35
35
34
34
34
34
34
34
34
34
34
34
34
33
33
33
33
33
33
33
33
33
33
33
33
32
32
32
32
32
32
32
32
32
32
32
32
32
32
32
32
32
32
32
32
1
1
1
1
1
1
1
32
32
31
31
31
31
31
31
31
31
30
30
30
30
30
30
30
30
30
30
30
30
29
29
29
29
29
29
29
29
29
29
29
29
29
29
29
29
29
29
29
1
1
1
1
1
1
1
1
1
1
1
1
1
1
1
1
1
1
1
1
1
1
1
1
1
1
1
1
1
1
1
1
1
1
1
1
1
1
1
1
1
1
1
1
1
1
1
1
1
1
1
1
1
1
1
1
1
1
1
1
1
1
1
1
1
1
1
1
1
1
1
1
1
1
1
1
1
1
1
1
1
1
1
1
1
1
1
1
1
1
1
1
1
1
1
1
1
1
1
1
1
1
1
1
1
1
1
1
1
1
1
1
1
1
1
1
1
1
1
1
1
1
1
1
1
1
1
1
1
1
1
1
1
1
1
1
1
1
1
1
1
1
1
1
1
1
1
1
1
1
1
1
1
1
1
1
1
1
1
1
1
1
1
1
1
1
1
1
1
1
1
1
1
1
1
1
1
1
1
1
1
1
1
1
1
1
1
1
1
1
1
1
1
1
1
1
1
1
1
1
1
1
1
1
1
1
1
1
1
1
1
1
1
1
1
1
1
1
1
1
1
1
1
1
1
1
1
1
1
1
1
1
1
