# Vetor de dados - syn_f000157-0-Pre--left--vetorlinha.txt
# Total de elementos: 768
# Formato: um valor por linha
#==================================================

1
1
1
1
1
1
1
1
1
1
1
1
1
1
1
1
1
1
1
1
1
1
1
1
1
1
1
1
1
1
1
1
1
1
1
1
1
1
1
1
1
1
1
1
1
1
1
1
1
1
1
1
1
1
1
1
1
1
1
1
1
1
1
1
1
1
1
1
1
1
1
1
1
1
1
1
1
1
1
1
1
1
1
1
1
1
1
1
1
1
1
1
1
1
1
1
1
1
1
1
1
1
1
1
1
1
1
1
1
1
1
1
1
1
1
1
1
1
1
1
1
1
1
1
1
1
1
1
1
1
1
16
22
29
35
39
43
46
49
52
54
56
58
60
62
63
65
67
67
69
69
71
71
71
72
74
74
74
74
75
75
75
75
75
75
76
76
76
76
77
77
77
78
79
80
79
80
81
82
81
81
81
80
79
77
76
75
75
74
73
72
71
71
69
69
69
68
66
65
64
64
64
63
62
62
62
62
60
59
58
58
56
54
53
52
51
51
50
50
51
50
51
51
52
52
52
53
54
55
55
56
57
58
58
62
67
73
79
83
89
95
102
116
147
154
161
166
171
175
179
183
187
194
205
213
218
221
224
226
230
235
239
243
249
254
259
264
269
276
281
287
293
300
300
300
299
298
295
293
283
204
197
189
163
133
127
121
115
114
114
115
115
115
115
115
114
113
113
113
112
112
112
112
110
110
109
108
107
107
106
105
105
106
105
106
107
107
107
108
107
108
109
108
109
110
109
110
110
110
110
110
111
110
111
111
111
111
112
111
111
111
111
110
111
111
110
110
110
110
110
109
108
108
106
105
105
105
104
105
106
106
107
107
108
108
109
110
111
111
112
113
114
115
115
116
116
118
119
119
120
120
121
121
122
122
122
123
123
124
124
124
125
125
125
126
125
125
126
126
126
126
126
126
126
126
126
126
126
126
125
125
125
125
124
124
124
123
123
123
123
122
122
120
120
119
118
118
116
115
113
110
109
109
109
109
108
108
107
107
107
106
105
105
104
104
104
104
103
103
102
101
99
100
99
99
97
97
96
96
95
95
94
94
93
92
92
92
91
91
91
90
89
89
89
89
89
88
87
87
87
86
86
86
86
85
85
85
85
84
84
84
83
83
83
82
82
82
81
81
80
80
80
79
79
79
78
78
77
77
76
76
75
74
73
73
72
72
72
70
70
69
69
68
67
66
66
65
65
63
63
62
62
61
61
60
59
59
59
59
59
58
58
58
58
57
58
57
56
56
56
56
55
54
54
53
54
53
53
52
52
51
51
51
50
50
50
50
50
51
50
50
50
50
51
51
51
50
50
51
51
51
51
51
50
50
50
50
50
50
50
49
49
49
49
49
48
47
47
47
47
47
47
47
45
45
45
45
45
44
43
43
43
43
43
42
42
41
41
41
40
40
40
40
39
39
38
38
38
38
38
38
37
37
37
38
38
38
38
38
38
39
38
39
39
39
40
41
42
44
46
50
54
58
63
68
70
70
73
75
76
80
81
82
82
82
82
81
81
38
40
40
41
42
44
45
46
49
53
58
62
67
71
73
73
76
77
79
81
83
85
85
83
81
78
73
67
62
56
52
44
35
29
1
1
1
1
1
1
1
1
1
1
1
1
1
1
1
1
1
1
1
1
1
1
1
1
1
1
1
1
1
1
1
1
1
1
1
1
1
1
1
1
1
1
1
1
1
1
1
1
1
1
1
1
1
1
1
1
1
1
1
1
1
1
1
1
1
1
