# Vetor de dados - syn_f001621-0-Pre--left--vetorlinha.txt
# Total de elementos: 768
# Formato: um valor por linha
#==================================================

1
1
1
1
1
1
1
1
1
1
1
1
1
1
1
1
1
1
1
1
1
1
1
1
1
1
1
1
1
1
1
1
1
1
1
1
1
1
1
1
1
1
1
1
1
1
1
1
1
1
1
1
1
1
1
1
1
1
1
1
1
1
1
1
1
1
1
1
1
1
1
1
1
1
1
1
1
1
1
1
1
1
1
1
1
1
1
1
1
1
1
1
1
1
1
1
1
1
1
1
1
1
1
1
1
1
1
1
1
1
1
1
1
1
1
1
1
1
1
1
1
1
12
24
30
36
39
44
47
50
52
54
56
58
61
63
64
66
67
68
69
70
71
72
72
74
74
74
74
75
75
75
76
76
76
76
77
76
77
77
77
77
78
78
79
79
80
81
82
82
82
82
81
80
78
76
74
73
73
72
71
69
68
68
67
65
65
64
64
64
63
63
63
63
63
62
61
59
55
50
46
45
44
43
43
42
43
42
42
42
42
42
43
43
43
44
44
44
44
44
45
45
45
46
46
47
47
47
48
48
50
51
55
156
164
173
182
216
222
227
234
243
249
261
271
286
286
287
286
285
284
281
279
270
270
268
251
177
169
156
146
95
88
82
80
81
81
82
83
83
85
85
85
86
86
87
87
87
87
87
87
87
87
87
87
87
87
87
86
85
85
85
83
83
83
83
81
80
80
80
78
77
77
76
75
73
72
70
69
69
68
68
68
68
68
68
68
68
68
68
68
67
67
67
66
66
67
66
66
65
65
64
64
63
64
63
63
63
63
62
62
62
62
62
62
62
61
61
61
61
61
61
62
62
62
62
63
63
63
64
64
65
65
66
66
67
67
68
69
69
69
70
70
70
71
71
72
72
73
72
73
74
74
75
74
75
76
76
76
76
77
77
77
77
78
78
79
78
79
79
79
80
80
80
80
81
81
81
82
82
82
82
83
82
83
83
83
84
84
85
85
85
86
86
86
86
86
86
86
86
87
86
86
86
85
85
85
84
84
83
82
83
82
82
81
80
80
79
78
78
77
77
76
75
75
74
74
73
73
72
72
70
70
69
69
68
68
67
66
66
65
65
65
64
63
63
63
63
63
62
62
62
62
62
61
61
61
61
61
60
60
60
60
59
59
59
59
58
58
58
58
57
57
57
56
56
56
55
55
55
54
54
54
53
53
53
53
52
52
52
52
52
52
52
52
53
52
52
52
52
53
52
52
52
52
53
53
53
53
54
54
55
54
54
55
55
55
55
56
55
55
55
55
54
55
54
53
54
53
52
52
52
51
51
50
49
49
49
49
48
47
46
46
45
45
45
45
45
45
45
44
44
44
44
44
44
44
44
44
44
44
44
44
44
44
44
44
44
44
43
43
43
43
43
43
43
42
42
42
42
42
42
41
41
40
40
40
40
40
40
38
38
38
38
38
38
37
37
37
37
37
37
37
37
36
36
36
36
36
36
36
36
35
35
35
35
35
36
36
36
36
36
37
38
39
39
41
44
45
47
49
52
53
55
57
59
62
66
71
75
76
78
80
81
81
81
82
82
82
81
80
51
54
56
59
62
64
68
71
73
74
78
81
85
87
87
85
84
83
81
79
70
59
52
46
42
41
38
1
1
1
1
1
1
1
1
1
1
1
1
1
1
1
1
1
1
1
1
1
1
1
1
1
1
1
1
1
1
1
1
1
1
1
1
1
1
1
1
1
1
1
1
1
1
1
1
1
1
1
1
1
1
1
1
1
1
1
1
