# Vetor de dados - syn_f004264-1-Pre--left--vetorlinha.txt
# Total de elementos: 768
# Formato: um valor por linha
#==================================================

1
1
1
1
1
1
1
1
1
1
1
1
1
1
1
1
1
1
1
1
1
1
1
1
1
1
1
1
1
1
1
1
1
1
1
1
1
1
1
1
1
1
1
1
1
1
1
1
1
1
1
1
1
1
1
1
1
1
1
1
1
1
1
1
1
1
1
1
1
1
1
1
1
1
1
1
1
1
1
1
1
1
1
1
1
1
1
1
1
1
1
1
1
1
1
1
1
1
1
1
1
1
1
1
1
1
1
1
1
1
1
1
1
1
1
1
1
1
1
1
1
1
1
1
1
1
1
1
1
1
1
1
1
1
1
1
1
1
1
1
1
1
1
1
1
1
1
12
24
30
35
39
43
47
50
51
54
55
58
60
61
63
64
65
65
67
68
69
70
71
71
71
71
72
73
73
73
73
73
73
74
74
74
74
74
74
75
75
75
76
76
77
77
78
78
78
76
76
74
73
71
69
68
69
68
67
65
65
64
64
64
63
62
61
61
61
61
61
61
61
61
59
58
57
55
52
47
45
43
43
43
42
42
42
42
42
43
44
43
44
45
45
47
52
58
66
77
141
149
155
162
170
177
186
202
205
210
216
224
230
242
249
263
264
264
265
264
262
259
256
250
249
231
189
186
181
177
171
165
156
139
114
108
103
96
94
96
96
97
97
98
98
98
99
99
99
98
98
99
99
99
99
98
98
98
98
98
97
96
96
96
95
95
94
93
93
92
91
91
90
88
88
87
86
86
85
85
84
84
84
83
83
82
82
82
81
81
81
80
80
80
79
79
80
79
79
79
78
78
78
77
77
78
78
77
78
78
78
78
79
79
80
80
80
81
81
82
82
83
83
84
84
85
85
86
87
86
88
88
89
89
90
91
92
92
93
93
94
94
95
96
96
97
97
98
98
98
99
99
99
99
100
100
99
99
99
99
100
100
99
99
99
99
99
98
98
98
99
98
98
97
96
96
96
95
94
94
93
93
93
93
93
94
93
93
92
92
92
92
91
91
90
89
89
89
89
88
88
87
87
86
86
86
86
85
86
86
86
86
85
85
85
85
85
85
85
85
85
85
85
85
85
85
84
84
84
84
84
84
83
83
83
83
83
83
81
81
81
81
80
80
80
80
79
79
79
78
77
77
77
76
75
75
74
74
74
73
72
72
71
71
70
69
68
68
68
67
67
65
64
64
63
63
62
61
60
59
58
57
57
56
56
56
57
56
57
57
57
58
57
58
57
58
57
57
57
57
56
56
56
55
55
55
54
54
54
53
52
51
51
51
51
51
51
50
50
50
50
50
50
50
50
51
51
51
50
50
51
51
51
51
51
51
52
51
51
51
51
51
50
50
50
50
50
50
48
48
48
48
48
48
46
46
46
46
46
45
45
44
44
43
43
43
42
42
42
40
40
40
40
39
39
39
39
38
38
37
37
37
37
37
38
39
39
40
41
43
45
47
48
50
53
55
58
62
66
68
70
71
74
74
76
76
76
75
75
75
71
43
46
48
51
54
59
62
66
68
71
74
76
78
80
80
80
78
77
76
74
71
60
53
49
44
36
34
1
1
1
1
1
1
1
1
1
1
1
1
1
1
1
1
1
1
1
1
1
1
1
1
1
1
1
1
1
1
1
1
1
1
1
1
1
1
1
1
1
1
1
1
1
1
1
1
1
1
1
1
1
1
1
1
1
1
1
1
1
1
1
1
1
1
1
1
1
1
1
1
1
1
1
1
1
1
1
1
1
1
1
