# Vetor de dados - syn_f000875-3-Pre--left--vetorlinha.txt
# Total de elementos: 768
# Formato: um valor por linha
#==================================================

1
1
1
1
1
1
1
1
1
1
1
1
1
1
1
1
1
1
1
1
1
1
1
1
1
1
1
1
1
1
1
1
1
1
1
1
1
1
1
1
1
1
1
1
1
1
1
1
1
1
1
1
1
1
1
1
1
1
1
1
1
1
1
1
1
1
1
1
1
1
1
1
1
1
1
1
1
1
1
1
1
1
1
1
1
1
1
1
1
1
1
1
1
1
1
1
1
1
1
1
1
1
1
1
1
1
1
1
1
1
1
1
1
1
1
1
1
1
1
1
1
1
1
1
1
1
1
1
1
1
1
1
1
20
27
32
37
41
44
47
50
52
54
56
58
59
61
63
64
66
66
68
68
69
70
70
71
72
72
72
72
72
73
74
74
74
74
74
75
75
76
75
76
77
78
78
78
79
80
80
78
78
75
74
72
72
71
71
70
69
69
68
67
66
66
65
64
63
63
62
62
62
62
62
62
61
60
59
57
55
54
53
51
49
48
48
49
48
49
49
49
49
50
49
50
49
50
50
51
50
50
51
51
52
53
58
62
70
79
87
94
99
106
141
153
159
164
168
172
175
178
182
186
190
194
198
201
204
208
210
213
216
219
222
225
229
233
238
242
246
252
258
262
268
276
279
279
279
278
276
272
91
91
92
92
93
93
93
92
92
92
93
92
92
92
91
91
91
91
91
90
90
90
89
89
88
88
88
87
87
87
87
86
86
86
86
85
85
85
85
84
83
82
82
82
80
79
78
77
76
76
74
74
73
72
71
70
70
69
68
68
67
67
67
67
67
68
69
71
72
74
75
76
78
79
81
82
84
85
87
88
89
90
91
92
93
94
96
96
98
98
100
100
102
102
102
104
104
104
105
105
105
106
107
107
107
107
107
107
107
107
108
108
108
108
108
108
107
107
107
107
107
106
106
106
106
106
105
105
103
103
103
102
102
100
100
99
99
98
97
98
98
97
98
98
97
97
97
96
96
95
94
94
94
93
91
90
89
89
88
87
85
84
83
82
82
82
82
83
82
82
82
82
82
83
83
83
83
83
83
83
83
84
84
84
84
84
84
84
84
84
83
83
83
83
83
83
83
82
82
82
82
81
80
80
80
80
80
79
79
78
78
77
77
77
77
75
75
75
73
73
73
73
71
71
71
71
69
69
69
68
67
66
66
65
64
64
63
63
62
61
60
60
59
58
57
57
56
56
55
54
54
54
54
54
55
54
55
54
55
55
55
55
55
55
55
55
55
55
55
54
55
54
55
54
54
54
54
53
54
53
53
52
52
52
52
52
51
51
51
51
51
51
51
51
50
50
50
50
50
51
51
51
50
51
51
51
51
52
51
51
51
51
51
51
50
50
50
50
50
49
49
49
49
49
48
47
47
47
47
45
45
45
45
45
43
43
43
42
42
40
40
40
39
39
39
37
37
37
36
36
36
35
35
35
34
35
35
34
35
36
36
36
37
38
39
40
42
43
46
48
49
52
54
55
57
62
65
68
71
71
74
77
77
77
77
77
77
73
39
41
43
45
47
48
51
53
56
59
64
67
69
71
74
78
82
85
85
85
84
82
80
80
77
67
53
48
42
40
36
1
1
1
1
1
1
1
1
1
1
1
1
1
1
1
1
1
1
1
1
1
1
1
1
1
1
1
1
1
1
1
1
1
1
1
1
1
1
1
1
1
1
1
1
1
1
1
1
1
1
1
1
1
1
1
1
1
1
1
1
1
1
1
1
1
1
1
1
