# Vetor de dados - syn_f002202-1-Pre--front--vetorlinha.txt
# Total de elementos: 768
# Formato: um valor por linha
#==================================================

1
1
1
1
1
1
1
1
1
1
1
1
1
1
1
1
1
1
1
1
1
1
1
1
1
1
1
1
1
1
1
1
1
1
1
1
1
1
1
1
1
1
1
1
1
1
1
1
1
1
1
1
1
1
1
1
1
1
1
1
1
1
1
1
1
1
1
1
1
1
1
1
1
1
1
1
1
1
1
1
1
1
1
1
1
1
1
1
1
1
1
1
1
1
1
1
1
1
1
1
1
1
1
1
1
1
1
1
1
1
1
1
1
1
1
1
1
1
1
1
1
1
1
1
1
1
1
1
1
1
1
1
1
1
1
1
1
10
21
26
30
34
37
39
41
43
45
47
49
49
51
53
53
55
56
57
57
59
59
59
61
61
61
61
61
61
61
61
61
61
61
61
61
60
61
66
68
68
68
68
68
68
68
67
66
66
66
65
64
64
62
60
60
59
54
52
52
52
51
50
50
49
48
47
46
46
46
46
46
46
46
46
46
46
46
46
46
46
46
47
52
55
59
63
70
77
85
95
160
172
185
197
210
224
295
351
362
372
382
393
404
416
430
446
454
460
468
476
486
497
505
528
543
564
564
564
563
563
560
542
517
519
521
521
520
363
346
311
226
210
182
155
149
145
143
141
141
139
138
137
136
135
134
133
131
130
128
128
126
126
126
124
124
124
123
122
122
122
122
122
122
122
121
121
120
120
120
119
118
117
117
116
115
115
115
113
113
113
111
111
110
109
108
108
109
109
109
109
109
109
109
108
108
108
108
108
108
107
106
106
106
106
106
106
106
104
104
104
104
104
104
105
105
106
106
106
106
107
107
108
109
109
109
109
110
110
110
111
112
112
114
114
116
117
118
119
120
120
122
122
123
124
124
124
126
126
126
127
127
127
127
127
127
127
127
127
127
127
127
127
128
128
128
128
128
128
129
129
129
129
130
131
131
131
132
132
132
133
133
133
134
134
135
135
135
135
135
135
136
136
136
136
136
137
137
136
136
135
135
135
135
135
135
135
135
134
134
133
133
133
133
133
131
131
131
131
131
129
129
129
129
129
127
127
127
127
125
125
125
123
123
123
123
121
121
121
121
119
119
119
119
117
117
117
116
115
115
115
114
113
113
113
111
111
111
110
109
109
109
107
107
107
107
106
105
105
105
105
103
103
103
103
103
103
102
102
102
102
102
101
101
101
101
101
101
101
101
101
101
101
101
101
101
102
102
102
102
102
102
104
104
104
104
105
105
106
107
107
108
108
108
109
110
110
110
110
111
112
112
112
112
112
112
114
114
114
114
114
114
114
114
114
114
114
113
113
112
112
112
112
112
112
111
111
111
110
110
109
109
109
108
107
107
107
107
106
105
105
105
104
103
103
103
102
102
101
101
101
100
99
99
99
98
97
97
96
96
95
95
95
94
93
93
93
92
91
91
91
91
89
89
89
89
89
89
89
88
89
89
89
89
89
90
90
90
91
91
91
91
91
91
91
91
91
92
92
92
93
94
94
95
95
96
97
97
99
100
102
102
104
105
105
107
107
107
108
109
108
108
110
110
110
110
110
109
110
108
107
105
100
49
48
44
1
1
1
1
1
1
1
1
1
1
1
1
1
1
1
1
1
1
1
1
1
1
1
1
1
1
1
1
1
1
1
1
1
1
1
1
1
1
1
1
1
1
1
1
1
1
1
1
1
1
1
1
1
1
1
1
1
1
1
1
1
1
1
1
1
1
1
1
1
1
1
1
1
1
1
