# Vetor de dados - syn_f003262-2-Pre--left--vetorlinha.txt
# Total de elementos: 768
# Formato: um valor por linha
#==================================================

1
1
1
1
1
1
1
1
1
1
1
1
1
1
1
1
1
1
1
1
1
1
1
1
1
1
1
1
1
1
1
1
1
1
1
1
1
1
1
1
1
1
1
1
1
1
1
1
1
1
1
1
1
1
1
1
1
1
1
1
1
1
1
1
1
1
1
1
1
1
1
1
1
1
1
1
1
1
1
1
1
1
1
1
1
1
1
1
1
1
1
1
1
1
1
1
1
1
1
1
1
1
1
1
1
1
1
1
1
1
1
1
1
1
1
1
1
1
1
1
1
1
1
1
1
1
1
1
1
1
1
1
1
1
1
1
1
1
1
1
1
1
1
1
18
26
33
38
42
46
48
51
54
56
58
60
62
64
66
67
69
69
70
71
72
73
73
75
75
76
76
77
77
77
77
77
77
77
77
77
77
78
78
79
80
81
80
81
82
83
83
83
83
83
81
80
77
76
74
74
73
72
71
70
69
68
68
67
65
65
64
64
64
64
64
63
63
63
62
62
61
59
57
55
54
51
50
48
47
48
47
46
46
45
46
46
45
46
47
155
172
183
190
196
203
215
235
256
257
257
257
256
255
253
252
247
245
244
241
227
222
214
187
183
179
175
170
165
158
150
142
137
132
124
109
101
94
89
84
83
84
84
86
86
87
88
88
89
89
90
91
91
92
92
92
92
93
93
94
93
94
94
94
94
94
94
94
93
93
93
93
91
91
91
90
89
88
87
85
84
84
84
83
84
84
83
83
82
81
81
81
80
80
80
79
79
78
78
78
78
76
76
76
75
75
74
73
73
73
73
71
71
71
70
70
70
68
68
68
67
67
67
67
67
67
68
68
69
69
70
70
71
73
74
74
75
75
77
78
78
79
79
80
81
82
82
83
83
84
84
85
85
85
86
87
86
87
87
87
87
87
88
87
87
87
87
87
87
86
86
86
86
85
85
85
85
84
84
83
83
83
82
81
80
80
80
80
79
79
80
80
80
79
80
80
80
79
80
79
79
78
79
78
77
76
76
76
75
75
74
74
74
74
74
74
74
73
73
73
73
73
73
73
73
73
73
73
73
73
73
72
72
72
72
72
71
71
71
71
71
70
69
69
69
69
69
69
67
67
67
66
66
66
66
64
64
64
63
63
62
61
61
61
59
59
59
59
57
57
57
56
56
54
54
54
53
52
52
51
51
51
51
50
50
49
49
48
49
49
48
48
48
48
49
48
48
49
49
50
49
49
50
50
50
50
50
49
50
49
50
49
50
49
49
49
48
49
48
48
47
48
47
46
46
45
46
45
45
45
45
45
45
44
45
45
45
45
46
46
46
46
47
47
47
47
47
46
46
46
46
46
46
46
46
46
45
45
45
45
45
44
44
43
43
43
42
42
42
41
40
40
40
40
38
38
38
37
36
36
36
35
35
35
35
34
34
34
34
35
35
34
35
35
35
36
37
37
37
38
40
42
44
46
49
51
54
56
58
61
65
67
70
71
73
74
78
79
79
79
79
79
78
47
49
51
55
59
63
67
69
74
77
80
80
82
82
81
80
80
77
77
74
66
52
46
39
36
31
1
1
1
1
1
1
1
1
1
1
1
1
1
1
1
1
1
1
1
1
1
1
1
1
1
1
1
1
1
1
1
1
1
1
1
1
1
1
1
1
1
1
1
1
1
1
1
1
1
1
1
1
1
1
1
1
1
1
1
1
1
1
1
1
1
1
1
1
1
1
1
1
1
1
1
1
1
1
1
1
