# Vetor de dados - syn_f002528-1-Pre--left--vetorlinha.txt
# Total de elementos: 768
# Formato: um valor por linha
#==================================================

1
1
1
1
1
1
1
1
1
1
1
1
1
1
1
1
1
1
1
1
1
1
1
1
1
1
1
1
1
1
1
1
1
1
1
1
1
1
1
1
1
1
1
1
1
1
1
1
1
1
1
1
1
1
1
1
1
1
1
1
1
1
1
1
1
1
1
1
1
1
1
1
1
1
1
1
1
1
1
1
1
1
1
1
1
1
1
1
1
1
1
1
1
1
1
1
1
1
1
1
1
1
1
1
1
1
1
1
1
1
1
1
1
1
1
1
1
1
1
1
1
1
1
1
1
1
1
1
1
1
1
1
1
1
1
1
1
1
1
19
27
34
37
42
46
49
52
54
56
58
60
62
63
65
67
68
69
70
71
72
73
74
74
75
76
76
76
76
77
77
77
77
77
77
78
78
79
79
80
81
80
81
82
83
83
83
83
83
82
81
78
76
74
74
73
72
72
70
70
70
69
67
67
66
65
65
65
65
65
63
62
61
60
58
57
55
54
53
52
50
49
49
48
49
49
49
48
49
49
50
51
51
52
52
54
61
69
76
82
87
93
99
107
126
150
157
163
169
173
178
182
189
199
207
211
215
218
223
228
233
240
245
250
255
264
269
276
286
289
288
288
287
286
283
280
271
193
186
178
165
150
141
129
108
109
109
110
111
111
112
113
113
113
114
114
114
113
113
114
113
113
113
113
112
113
113
113
113
111
111
110
109
108
108
107
105
103
101
99
100
100
101
101
101
102
102
102
103
103
102
103
103
103
102
103
103
102
102
102
101
101
101
100
100
100
100
100
100
99
99
99
98
98
98
98
98
99
99
100
100
101
102
102
103
103
105
105
106
106
108
109
109
111
111
113
113
115
115
115
117
117
117
119
119
119
120
120
121
121
121
122
122
122
122
123
123
122
122
122
123
122
122
122
122
121
121
120
120
119
119
118
118
117
117
116
115
114
114
113
112
112
110
109
109
108
107
105
105
104
104
104
103
103
102
102
102
101
101
100
99
98
98
97
97
97
96
95
94
93
93
93
92
92
92
92
92
91
91
91
91
91
91
91
91
90
90
90
90
89
88
88
88
88
87
86
86
86
85
85
85
84
84
83
83
82
82
81
81
81
80
79
79
78
78
77
77
76
76
76
75
74
73
73
72
72
71
70
69
68
68
67
66
65
65
64
62
62
61
60
59
58
58
57
56
55
55
55
54
53
53
53
53
52
52
52
51
52
52
52
52
53
52
53
52
53
53
53
52
52
52
52
52
51
52
51
52
51
51
50
50
50
50
49
49
48
48
48
48
47
47
47
47
47
47
47
47
47
47
47
47
48
48
48
48
47
47
48
48
48
48
47
47
47
47
47
47
46
46
45
45
44
44
44
44
43
42
42
42
41
41
41
40
40
40
40
40
39
39
39
39
39
38
38
38
38
37
37
37
37
37
37
36
36
36
36
36
37
36
37
38
39
40
42
43
45
48
50
52
54
57
63
66
69
71
73
75
77
78
78
79
79
79
78
78
40
41
42
44
45
48
49
51
53
56
60
63
67
69
73
75
77
80
82
82
81
80
78
75
72
60
53
46
41
33
1
1
1
1
1
1
1
1
1
1
1
1
1
1
1
1
1
1
1
1
1
1
1
1
1
1
1
1
1
1
1
1
1
1
1
1
1
1
1
1
1
1
1
1
1
1
1
1
1
1
1
1
1
1
1
1
1
1
1
1
1
1
1
1
1
1
1
1
1
1
1
1
1
1
