# Vetor de dados - syn_f000316-3-Pre--front--vetorlinha.txt
# Total de elementos: 768
# Formato: um valor por linha
#==================================================

1
1
1
1
1
1
1
1
1
1
1
1
1
1
1
1
1
1
1
1
1
1
1
1
1
1
1
1
1
1
1
1
1
1
1
1
1
1
1
1
1
1
1
1
1
1
1
1
1
1
1
1
1
1
1
1
1
1
1
1
1
1
1
1
1
1
1
1
1
1
1
1
1
1
1
1
1
1
1
1
1
1
1
1
1
1
1
1
1
1
1
1
1
1
1
1
1
1
1
1
1
1
1
1
1
1
1
1
1
1
1
1
1
1
1
1
1
1
1
1
1
1
1
1
1
1
1
1
1
1
1
1
1
1
18
25
28
32
36
38
40
42
44
46
48
49
50
51
53
54
55
55
56
57
57
58
59
59
59
59
60
60
60
60
59
59
59
58
58
58
61
65
66
66
66
66
65
65
64
63
63
63
61
61
60
59
57
57
55
53
51
50
50
49
49
49
48
47
47
45
44
43
42
40
39
39
39
39
39
39
39
39
40
40
40
41
43
44
48
50
52
55
62
79
95
105
113
146
154
161
176
190
211
227
277
327
338
347
355
361
368
375
383
391
399
407
418
429
438
444
449
456
462
469
477
487
502
512
531
538
544
553
552
550
548
528
336
333
125
122
122
120
120
120
119
118
118
116
114
114
112
110
109
108
107
105
105
104
104
103
102
101
100
99
99
97
97
95
93
92
91
89
88
87
86
84
84
83
83
83
83
83
82
82
82
82
82
82
80
80
80
80
79
79
79
78
77
77
77
77
76
75
75
74
73
73
71
71
69
69
68
67
67
65
65
66
66
68
69
70
72
73
74
76
76
78
79
80
81
83
83
85
87
88
89
91
93
95
95
97
99
100
101
102
103
105
105
105
106
107
107
108
108
108
109
109
109
110
110
110
111
111
111
112
113
113
114
115
115
117
117
118
118
120
120
121
122
122
123
125
125
126
127
128
128
129
130
130
132
132
132
134
134
134
134
135
136
136
136
137
138
138
138
138
138
138
138
138
139
139
139
139
139
139
138
138
138
138
138
138
138
138
138
138
138
138
138
138
138
138
137
137
137
136
136
135
135
135
134
134
133
133
133
131
131
131
129
129
128
128
127
126
126
125
124
124
123
122
121
120
119
119
118
118
117
116
116
114
114
114
112
112
112
110
110
110
108
108
108
106
106
106
106
105
104
104
104
103
103
103
103
103
103
102
102
101
101
101
100
100
100
100
100
100
100
100
100
100
100
100
100
100
100
101
101
101
102
102
102
103
104
104
104
105
105
106
106
107
107
108
108
109
109
109
110
110
111
111
111
111
111
111
111
112
113
113
112
112
112
112
112
112
112
112
112
112
112
111
110
110
110
110
109
108
108
108
108
108
106
106
106
104
104
104
104
102
102
102
101
100
100
100
98
98
98
97
96
96
96
94
94
94
94
92
92
92
91
90
90
90
89
89
88
88
87
87
86
86
86
85
85
85
85
85
85
85
86
86
86
86
87
88
88
88
88
88
88
89
89
90
91
91
92
93
94
94
95
95
95
97
97
98
99
101
102
103
103
104
104
104
104
105
105
104
105
104
104
104
104
104
103
102
98
97
96
90
40
1
1
1
1
1
1
1
1
1
1
1
1
1
1
1
1
1
1
1
1
1
1
1
1
1
1
1
1
1
1
1
1
1
1
1
1
1
1
1
1
1
1
1
1
1
1
1
1
1
1
1
1
1
1
1
1
1
1
1
1
1
1
1
1
1
1
1
1
1
1
1
