# Vetor de dados - syn_f002873-3-Pre--front--vetorcoluna.txt
# Total de elementos: 1024
# Formato: um valor por linha
#==================================================

1
1
1
1
1
1
1
1
1
1
1
1
1
1
1
1
1
1
1
1
1
1
1
1
1
1
1
1
1
1
1
1
1
1
1
1
1
1
1
1
1
1
1
1
1
1
1
1
1
1
1
1
1
1
1
1
1
1
1
1
1
1
1
1
1
1
1
1
1
1
1
1
1
1
1
1
1
1
1
1
1
1
1
1
1
1
1
1
1
1
1
1
1
1
1
1
1
1
1
1
1
1
1
1
1
1
1
1
1
1
1
1
1
1
1
1
1
1
1
1
1
1
1
1
1
1
1
1
1
1
1
1
1
1
1
1
1
1
1
1
1
1
1
1
1
1
1
1
1
1
1
1
1
1
1
1
1
1
1
1
1
1
1
1
1
1
1
1
1
1
1
1
1
1
1
1
1
1
1
1
1
1
1
1
1
1
1
1
1
1
1
1
1
1
1
1
1
1
1
1
1
1
1
1
1
1
1
1
1
1
1
1
1
1
1
1
1
1
1
1
8
9
10
12
12
12
12
12
12
12
12
12
12
12
12
12
12
12
12
12
12
12
12
12
16
18
18
19
19
19
20
20
20
19
19
21
20
19
19
19
20
20
19
19
21
21
21
21
22
21
21
22
22
22
22
22
22
21
22
21
20
21
20
20
19
19
19
19
19
19
20
20
20
20
20
20
21
21
21
21
22
22
22
23
23
24
24
24
24
25
26
26
26
27
27
27
27
27
28
28
28
30
30
30
30
31
31
31
31
32
32
32
32
32
33
33
33
33
33
33
34
34
34
34
34
34
34
34
34
35
35
35
35
35
35
35
35
35
35
35
35
35
35
34
34
34
34
34
34
33
33
33
33
33
32
32
32
32
32
31
31
31
31
31
30
30
30
30
30
31
31
30
30
30
30
30
30
31
31
31
31
31
31
31
31
31
31
31
32
32
32
32
32
32
32
32
32
32
32
33
33
33
33
34
34
34
34
35
35
36
36
37
37
37
39
39
40
40
40
41
42
42
43
43
44
45
46
47
49
54
59
61
62
64
65
67
69
72
74
76
78
79
400
404
407
411
415
419
423
497
497
496
496
498
498
498
498
497
496
495
497
498
499
500
501
501
501
500
499
555
516
513
509
506
503
500
496
492
488
482
428
423
418
411
400
393
384
366
358
349
336
332
338
350
356
362
369
379
386
393
408
413
417
421
481
486
490
494
497
501
505
507
510
431
433
491
493
495
496
495
495
494
494
494
493
492
493
494
495
494
494
494
493
494
493
421
417
413
409
406
403
400
397
296
78
77
76
74
71
68
64
62
60
59
58
57
55
52
49
47
46
45
44
43
43
41
41
40
40
39
38
38
37
37
35
35
35
35
35
34
34
34
34
33
33
33
33
33
32
32
32
33
33
33
32
32
32
32
32
32
32
32
31
31
31
31
31
31
31
31
31
31
31
30
30
30
30
30
30
31
31
31
31
31
31
31
31
31
33
33
33
33
33
33
34
34
34
34
34
35
36
36
36
36
36
36
36
36
35
35
36
36
36
36
36
36
36
36
36
36
36
35
34
34
34
34
34
34
33
33
33
33
33
32
31
31
31
31
31
30
30
29
29
29
29
29
29
29
29
28
28
28
28
28
28
28
28
27
27
27
27
27
27
27
27
27
27
27
27
27
27
27
27
27
27
27
27
27
27
27
27
26
26
26
26
26
26
25
25
25
25
25
24
24
24
24
24
24
24
24
23
23
23
23
23
23
23
23
23
23
23
22
22
22
22
22
22
22
22
22
22
22
1
1
1
1
1
1
1
1
1
1
1
1
1
1
1
1
1
1
1
1
1
1
1
1
1
1
1
1
1
1
1
1
1
1
1
1
1
1
1
1
1
1
1
1
1
1
1
1
1
1
1
1
1
1
1
1
1
1
1
1
1
1
1
1
1
1
1
1
1
1
1
1
1
1
1
1
1
1
1
1
1
1
1
1
1
1
1
1
1
1
1
1
1
1
1
1
1
1
1
1
1
1
1
1
1
1
1
1
1
1
1
1
1
1
1
1
1
1
1
1
1
1
1
1
1
1
1
1
1
1
1
1
1
1
1
1
1
1
1
1
1
1
1
1
1
1
1
1
1
1
1
1
1
1
1
1
1
1
1
1
1
1
1
1
1
1
1
1
1
1
1
1
1
1
1
1
1
1
1
1
1
1
1
1
1
1
1
1
1
1
1
1
1
1
1
1
1
1
1
1
1
1
1
1
1
1
1
1
1
1
1
1
1
1
1
1
1
1
1
1
1
1
1
1
1
1
1
1
1
1
1
1
1
1
1
1
1
1
1
1
1
1
