# Vetor de dados - syn_f000250-1-Pre--front--vetorlinha.txt
# Total de elementos: 768
# Formato: um valor por linha
#==================================================

1
1
1
1
1
1
1
1
1
1
1
1
1
1
1
1
1
1
1
1
1
1
1
1
1
1
1
1
1
1
1
1
1
1
1
1
1
1
1
1
1
1
1
1
1
1
1
1
1
1
1
1
1
1
1
1
1
1
1
1
1
1
1
1
1
1
1
1
1
1
1
1
1
1
1
1
1
1
1
1
1
1
1
1
1
1
1
1
1
1
1
1
1
1
1
1
1
1
1
1
1
1
1
1
1
1
1
1
1
1
1
1
1
1
1
1
1
1
1
1
1
1
1
1
1
1
1
18
23
27
32
35
38
40
41
43
45
47
49
49
51
52
53
54
55
56
57
57
58
59
59
59
59
60
61
61
61
61
61
61
60
59
59
59
59
64
67
68
68
68
67
67
67
66
66
65
64
64
64
63
61
60
59
58
54
51
51
49
49
49
47
47
47
45
45
45
45
45
45
44
44
44
44
44
44
44
44
43
43
44
44
46
48
51
57
63
70
75
92
113
131
140
150
159
168
177
189
203
255
273
352
365
377
393
409
424
437
448
462
471
477
483
491
499
506
522
534
550
557
565
571
581
582
579
556
558
558
557
533
374
347
344
157
152
149
148
146
144
143
143
141
141
139
137
136
135
133
131
130
128
126
125
124
123
123
121
121
120
120
120
120
119
119
119
118
118
117
117
117
117
116
116
115
115
115
114
113
112
111
109
108
108
108
107
107
107
107
107
108
108
109
109
109
109
109
109
108
108
108
109
110
110
110
110
111
111
112
113
113
114
115
115
115
115
116
116
116
116
115
116
116
116
117
117
119
119
120
121
122
123
123
125
125
127
127
129
129
131
131
133
133
134
135
135
137
137
137
137
138
139
139
140
140
140
140
140
140
140
140
140
140
140
140
140
139
139
139
139
139
139
139
139
139
139
139
139
139
139
141
141
141
141
141
141
141
141
141
142
142
142
143
143
143
143
143
143
143
143
143
142
141
141
141
141
141
141
141
141
141
141
140
139
139
139
139
139
139
138
138
138
137
137
137
136
136
136
135
135
135
134
134
134
134
133
133
132
132
132
132
132
131
130
130
130
130
129
128
127
127
126
125
125
125
123
123
123
122
122
121
120
120
120
119
118
118
117
116
116
115
114
114
113
112
112
112
110
110
110
109
109
109
108
107
107
107
107
107
107
107
107
107
107
107
107
107
107
106
106
106
106
106
106
106
106
106
105
105
104
104
104
104
104
104
104
104
104
104
104
104
104
105
105
105
105
105
106
107
107
107
107
108
109
109
109
109
110
110
111
111
111
111
111
111
111
111
111
112
112
111
111
111
111
111
111
111
111
111
111
111
111
110
110
110
109
109
109
109
109
108
107
107
107
107
107
105
105
105
105
104
104
103
103
102
102
102
101
101
100
100
100
99
98
98
98
97
97
96
96
96
95
94
94
94
94
92
92
92
92
92
90
90
90
90
90
90
90
90
90
90
91
91
91
91
92
93
93
93
93
93
93
93
91
91
92
92
92
93
93
94
95
95
97
97
98
100
100
102
103
104
106
106
108
108
110
110
110
110
110
110
110
109
109
108
106
105
104
101
98
47
46
45
42
41
36
1
1
1
1
1
1
1
1
1
1
1
1
1
1
1
1
1
1
1
1
1
1
1
1
1
1
1
1
1
1
1
1
1
1
1
1
1
1
1
1
1
1
1
1
1
1
1
1
1
1
1
1
1
1
1
1
1
1
1
1
1
1
1
1
