# Vetor de dados - syn_f001240-0-Pre--front--vetorlinha.txt
# Total de elementos: 768
# Formato: um valor por linha
#==================================================

1
1
1
1
1
1
1
1
1
1
1
1
1
1
1
1
1
1
1
1
1
1
1
1
1
1
1
1
1
1
1
1
1
1
1
1
1
1
1
1
1
1
1
1
1
1
1
1
1
1
1
1
1
1
1
1
1
1
1
1
1
1
1
1
1
1
1
1
1
1
1
1
1
1
1
1
1
1
1
1
1
1
1
1
1
1
1
1
1
1
1
1
1
1
1
1
1
1
1
1
1
1
1
1
1
1
1
1
1
1
1
1
1
1
1
1
1
1
1
1
1
1
1
1
1
1
1
1
18
25
29
32
36
39
41
43
45
47
49
50
51
53
53
55
57
57
59
59
59
61
61
61
63
63
63
63
63
63
63
63
63
63
63
63
63
63
63
63
66
70
71
71
71
71
71
70
70
69
68
68
68
67
66
65
64
63
62
61
58
54
54
53
52
52
51
51
50
49
47
46
46
46
46
46
46
46
46
45
45
44
44
44
44
45
45
46
47
49
51
55
57
61
64
69
77
82
130
265
279
292
307
320
329
411
422
433
446
459
486
503
507
510
514
516
518
519
511
513
520
529
537
551
551
473
466
461
453
445
439
415
413
408
399
383
257
245
225
194
173
149
143
139
136
135
133
131
130
129
127
125
124
122
122
120
120
118
117
117
115
115
115
114
114
113
113
112
112
112
112
112
112
112
112
110
110
110
110
109
109
108
107
106
106
106
106
106
106
106
106
106
106
106
106
106
106
106
106
106
106
106
106
106
106
106
106
106
106
107
106
106
105
105
105
105
106
106
107
107
107
108
108
109
110
110
110
110
111
111
111
111
112
112
113
113
114
114
115
116
116
118
118
119
120
120
122
122
122
124
124
126
126
126
126
127
128
128
128
128
128
129
130
130
130
130
130
130
131
131
131
131
131
132
132
132
133
133
133
133
134
135
135
135
135
135
136
137
137
137
137
138
138
139
139
139
140
140
140
140
140
140
140
140
141
141
142
142
141
141
141
141
141
141
141
141
141
141
141
140
140
139
139
139
138
138
138
137
137
136
136
136
135
134
134
134
134
132
132
132
132
130
130
130
130
128
128
128
128
126
126
126
126
125
124
124
124
123
122
122
121
121
120
119
119
119
117
117
117
116
115
115
115
114
113
113
113
113
112
111
111
111
111
109
109
109
109
109
109
108
108
107
107
107
107
107
107
107
107
107
107
107
107
107
107
107
107
106
106
106
106
106
106
106
106
106
106
107
107
107
107
107
107
107
107
107
107
107
107
109
109
109
109
109
109
109
109
109
109
109
109
109
109
109
109
109
109
109
109
109
109
109
109
109
109
108
108
107
107
107
107
107
107
106
106
105
105
105
105
105
105
103
103
103
103
103
103
103
101
101
101
101
101
101
99
99
99
99
99
99
98
97
97
97
97
97
97
95
95
95
95
95
95
94
93
93
93
93
92
92
91
91
91
90
90
90
90
90
89
89
89
89
90
90
91
91
91
91
91
91
91
91
91
91
90
90
90
91
92
92
92
94
94
94
96
97
98
99
101
101
103
104
105
105
106
107
108
108
108
108
106
106
106
105
105
103
100
98
97
96
93
89
40
1
1
1
1
1
1
1
1
1
1
1
1
1
1
1
1
1
1
1
1
1
1
1
1
1
1
1
1
1
1
1
1
1
1
1
1
1
1
1
1
1
1
1
1
1
1
1
1
1
1
1
1
1
1
1
1
1
1
1
1
1
1
1
1
1
1
1
