# Vetor de dados - syn_f003339-2-Pre--front--vetorlinha.txt
# Total de elementos: 768
# Formato: um valor por linha
#==================================================

1
1
1
1
1
1
1
1
1
1
1
1
1
1
1
1
1
1
1
1
1
1
1
1
1
1
1
1
1
1
1
1
1
1
1
1
1
1
1
1
1
1
1
1
1
1
1
1
1
1
1
1
1
1
1
1
1
1
1
1
1
1
1
1
1
1
1
1
1
1
1
1
1
1
1
1
1
1
1
1
1
1
1
1
1
1
1
1
1
1
1
1
1
1
1
1
1
1
1
1
1
1
1
1
1
1
1
1
1
1
1
1
1
1
1
1
1
1
1
1
1
1
1
1
1
1
1
1
1
1
1
1
20
24
28
32
36
38
40
42
44
46
48
49
50
51
53
53
55
55
57
57
57
59
59
59
60
60
61
61
61
61
61
61
61
61
61
59
59
59
64
67
68
68
68
68
68
67
67
66
66
65
65
64
63
63
61
59
59
58
51
50
49
49
49
49
48
47
47
46
45
45
45
45
45
45
45
45
45
45
45
45
45
45
45
48
54
58
63
70
79
126
132
290
326
345
359
430
451
491
499
526
530
534
537
540
543
536
537
555
569
569
569
569
567
502
496
476
465
464
460
456
453
447
372
359
317
306
294
236
222
201
170
163
159
155
152
150
149
146
146
144
143
142
141
141
139
138
137
135
134
132
132
130
129
128
127
127
125
125
124
123
122
121
120
120
119
118
118
117
116
115
115
113
113
111
111
109
109
108
107
106
104
104
102
102
102
102
102
102
102
102
102
102
102
102
102
102
101
100
100
100
100
99
99
99
99
99
99
97
97
97
97
97
96
96
96
96
95
95
97
97
98
98
99
100
101
102
103
104
105
106
107
109
109
110
111
111
113
113
113
113
114
115
115
116
116
116
117
117
117
118
119
119
119
119
121
121
121
121
121
122
123
123
123
123
124
125
125
125
126
126
126
127
128
128
128
129
130
130
130
132
132
132
134
134
134
135
136
136
136
136
137
138
138
138
138
139
140
140
140
140
140
140
140
140
140
140
140
140
140
140
141
141
141
141
141
141
140
140
139
139
139
139
139
139
139
139
139
139
137
137
137
137
137
136
135
135
135
135
134
133
133
133
132
131
131
131
130
129
129
128
128
127
126
125
124
124
124
122
122
122
120
120
119
118
117
117
116
115
115
113
113
113
111
111
110
109
108
108
107
106
106
106
105
104
104
104
103
103
103
102
102
102
101
101
101
101
101
100
100
100
100
100
100
100
100
100
100
101
102
102
102
103
104
104
104
106
106
106
106
108
108
108
109
110
110
110
110
111
112
112
112
112
112
112
113
113
113
113
113
113
113
113
113
113
113
112
112
112
112
111
111
111
111
111
110
109
109
109
109
107
107
107
107
107
105
105
105
103
103
103
103
101
101
101
99
99
99
99
97
97
97
96
95
95
95
94
93
93
93
92
91
91
91
90
89
89
89
89
88
88
87
87
87
87
86
86
86
86
86
86
87
87
87
87
87
87
87
87
88
88
88
88
88
89
89
89
89
89
89
89
91
91
91
92
93
93
94
95
96
97
98
99
100
101
102
103
103
104
105
106
106
107
107
107
107
106
106
105
105
104
102
100
99
96
92
43
41
1
1
1
1
1
1
1
1
1
1
1
1
1
1
1
1
1
1
1
1
1
1
1
1
1
1
1
1
1
1
1
1
1
1
1
1
1
1
1
1
1
1
1
1
1
1
1
1
1
1
1
1
1
1
1
1
1
1
1
1
1
1
1
1
1
1
1
1
1
