# Vetor de dados - syn_f004429-2-Pre--front--vetorcoluna.txt
# Total de elementos: 1024
# Formato: um valor por linha
#==================================================

1
1
1
1
1
1
1
1
1
1
1
1
1
1
1
1
1
1
1
1
1
1
1
1
1
1
1
1
1
1
1
1
1
1
1
1
1
1
1
1
1
1
1
1
1
1
1
1
1
1
1
1
1
1
1
1
1
1
1
1
1
1
1
1
1
1
1
1
1
1
1
1
1
1
1
1
1
1
1
1
1
1
1
1
1
1
1
1
1
1
1
1
1
1
1
1
1
1
1
1
1
1
1
1
1
1
1
1
1
1
1
1
1
1
1
1
1
1
1
1
1
1
1
1
1
1
1
1
1
1
1
1
1
1
1
1
1
1
1
1
1
1
1
1
1
1
1
1
1
1
1
1
1
1
1
1
1
1
1
1
1
1
1
1
1
1
1
1
1
1
1
1
1
1
1
1
1
1
1
1
1
1
1
1
1
1
1
1
1
1
1
1
1
1
1
1
1
1
1
1
1
1
1
1
1
1
1
1
1
1
1
1
1
1
1
1
1
1
1
1
1
1
1
1
1
1
1
1
1
1
1
1
1
1
22
22
22
22
21
21
21
21
22
22
22
22
22
22
22
22
22
22
23
23
23
23
23
23
24
24
24
24
24
25
25
25
25
25
26
26
26
26
27
27
27
27
28
28
28
28
28
28
28
28
28
28
28
28
28
28
28
28
28
28
28
28
28
28
28
28
28
29
29
29
29
29
29
29
29
29
29
29
29
29
29
29
30
30
30
30
30
30
30
31
31
32
32
32
32
33
33
33
33
33
33
33
35
35
35
35
35
35
35
35
35
35
35
36
36
36
36
36
36
35
35
35
35
35
35
35
35
34
34
34
33
33
33
32
32
32
32
32
32
32
32
32
32
32
32
32
32
32
32
32
32
32
32
32
33
33
33
33
34
34
35
35
35
35
35
35
35
35
36
36
36
36
36
36
36
36
36
36
36
36
36
36
36
36
36
36
36
36
36
36
36
36
37
37
37
38
38
38
39
39
40
40
40
41
41
41
43
43
44
44
45
47
49
51
53
55
58
60
62
64
65
67
69
70
71
73
304
403
407
410
413
417
421
425
430
498
498
500
500
500
502
503
503
503
503
502
501
501
502
503
503
505
505
506
506
505
504
499
508
503
498
492
486
480
474
465
447
436
431
428
425
421
419
415
410
401
392
378
370
363
360
362
372
386
396
407
413
418
421
424
429
433
450
465
474
480
487
493
500
506
511
516
582
582
504
503
503
502
502
500
500
499
500
500
501
502
501
500
499
498
499
498
496
495
426
422
417
413
408
404
400
395
302
296
290
69
66
64
62
60
59
58
57
55
53
51
48
46
44
43
42
41
41
40
40
39
39
39
38
37
37
37
36
36
37
36
36
36
36
35
35
35
36
36
35
35
35
35
35
35
35
35
36
36
36
35
35
35
35
35
35
35
35
35
34
34
34
34
33
33
33
33
33
33
33
33
32
32
32
32
32
32
32
32
32
32
33
33
33
33
33
33
34
34
34
34
34
35
35
35
35
36
36
36
36
36
36
36
36
36
37
37
37
37
37
37
37
37
37
37
36
36
36
36
36
35
35
35
35
34
34
34
34
33
33
33
33
32
32
32
32
31
31
31
30
30
30
29
29
28
28
28
28
28
27
27
27
27
27
25
25
25
25
25
24
24
23
23
23
23
22
21
21
21
21
20
19
19
20
20
20
18
19
18
18
17
18
18
18
19
20
19
20
19
20
20
21
19
20
20
20
20
21
21
21
21
21
21
22
22
22
23
23
23
24
24
24
24
24
24
25
24
24
23
21
16
16
16
16
16
16
16
16
17
17
17
17
17
17
17
17
17
17
17
17
16
1
1
1
1
1
1
1
1
1
1
1
1
1
1
1
1
1
1
1
1
1
1
1
1
1
1
1
1
1
1
1
1
1
1
1
1
1
1
1
1
1
1
1
1
1
1
1
1
1
1
1
1
1
1
1
1
1
1
1
1
1
1
1
1
1
1
1
1
1
1
1
1
1
1
1
1
1
1
1
1
1
1
1
1
1
1
1
1
1
1
1
1
1
1
1
1
1
1
1
1
1
1
1
1
1
1
1
1
1
1
1
1
1
1
1
1
1
1
1
1
1
1
1
1
1
1
1
1
1
1
1
1
1
1
1
1
1
1
1
1
1
1
1
1
1
1
1
1
1
1
1
1
1
1
1
1
1
1
1
1
1
1
1
1
1
1
1
1
1
1
1
1
1
1
1
1
1
1
1
1
1
1
1
1
1
1
1
1
1
1
1
1
1
1
1
1
1
1
1
1
1
1
1
1
1
1
1
1
1
1
1
1
1
1
