# Vetor de dados - syn_f000118-1-Pre--left--vetorlinha.txt
# Total de elementos: 768
# Formato: um valor por linha
#==================================================

1
1
1
1
1
1
1
1
1
1
1
1
1
1
1
1
1
1
1
1
1
1
1
1
1
1
1
1
1
1
1
1
1
1
1
1
1
1
1
1
1
1
1
1
1
1
1
1
1
1
1
1
1
1
1
1
1
1
1
1
1
1
1
1
1
1
1
1
1
1
1
1
1
1
1
1
1
1
1
1
1
1
1
1
1
1
1
1
1
1
1
1
1
1
1
1
1
1
1
1
1
1
1
1
1
1
1
1
16
25
32
36
41
45
48
50
53
55
57
59
61
63
64
66
67
69
70
70
72
72
73
73
75
75
75
76
77
77
77
77
77
77
77
77
77
77
78
78
79
78
79
80
81
81
82
82
83
84
83
83
81
80
78
77
75
75
74
73
73
72
71
69
70
69
68
68
66
65
65
65
65
64
64
64
64
64
63
62
61
60
58
57
56
54
52
50
50
49
48
49
48
49
48
48
48
48
47
48
48
47
48
48
49
49
49
50
50
51
51
52
52
54
58
61
64
68
72
76
81
86
91
97
104
151
159
166
171
175
180
183
187
192
198
205
211
216
222
226
229
232
236
238
242
246
250
255
259
263
266
273
279
283
288
294
301
301
301
301
300
298
294
284
114
102
101
101
102
102
103
103
104
104
105
105
105
106
105
105
106
106
106
106
106
106
105
105
104
104
104
103
103
103
102
101
100
100
100
98
96
95
95
94
95
95
94
95
95
94
94
95
94
94
94
94
95
95
95
94
94
94
94
94
94
94
94
94
94
94
94
95
94
94
94
94
95
94
94
94
93
94
94
93
93
94
94
94
95
95
95
96
97
97
98
98
99
100
100
101
101
101
102
102
102
103
103
103
104
105
105
106
106
106
107
107
108
108
109
109
109
109
110
110
110
110
110
110
111
111
110
110
110
110
111
111
110
110
110
110
110
109
109
109
110
109
109
109
108
108
107
107
107
106
106
105
105
104
104
103
102
101
100
99
98
96
95
94
94
94
94
93
93
93
93
93
92
92
91
91
90
90
89
88
87
86
85
85
84
84
84
83
83
83
83
83
83
82
82
82
82
82
82
81
81
81
81
80
80
80
80
79
79
79
79
78
77
77
77
77
77
76
76
76
75
74
74
74
73
73
73
72
71
71
71
70
70
69
68
68
68
68
67
66
66
65
65
65
63
63
63
62
62
61
60
60
60
59
58
57
57
57
56
56
56
54
54
54
53
53
53
53
52
53
53
53
53
54
54
55
54
55
55
56
56
55
56
56
57
56
57
56
56
56
56
56
56
55
56
56
55
56
55
56
56
55
55
55
55
54
53
54
53
52
52
51
52
52
52
52
52
52
52
52
52
52
51
51
51
51
51
51
51
51
51
51
51
51
51
51
51
51
50
50
50
51
51
51
51
50
50
50
50
50
48
48
48
48
48
47
47
46
46
45
45
45
45
44
44
44
44
43
43
43
43
43
42
42
42
42
42
41
41
41
41
41
40
40
40
40
40
40
41
41
42
43
44
46
47
49
51
52
54
57
58
60
65
68
71
74
75
77
80
82
83
84
85
86
86
86
87
87
87
87
87
51
54
56
58
61
64
67
69
73
75
77
82
85
87
89
90
90
89
88
88
85
86
80
66
59
55
50
45
40
36
1
1
1
1
1
1
1
1
1
1
1
1
1
1
1
1
1
1
1
1
1
1
1
1
1
1
1
1
1
1
1
1
1
1
1
1
1
1
1
1
1
1
1
1
1
