# Vetor de dados - syn_f000329-2-Pre--front--vetorcoluna.txt
# Total de elementos: 1024
# Formato: um valor por linha
#==================================================

1
1
1
1
1
1
1
1
1
1
1
1
1
1
1
1
1
1
1
1
1
1
1
1
1
1
1
1
1
1
1
1
1
1
1
1
1
1
1
1
1
1
1
1
1
1
1
1
1
1
1
1
1
1
1
1
1
1
1
1
1
1
1
1
1
1
1
1
1
1
1
1
1
1
1
1
1
1
1
1
1
1
1
1
1
1
1
1
1
1
1
1
1
1
1
1
1
1
1
1
1
1
1
1
1
1
1
1
1
1
1
1
1
1
1
1
1
1
1
1
1
1
1
1
1
1
1
1
1
1
1
1
1
1
1
1
1
1
1
1
1
1
1
1
1
1
1
1
1
1
1
1
1
1
1
1
1
1
1
1
1
1
1
1
1
1
1
1
1
1
1
1
1
1
1
1
1
1
1
1
1
1
1
1
1
1
1
1
1
1
1
1
1
1
1
1
1
1
1
1
1
1
1
1
1
1
1
1
1
1
1
1
1
1
1
1
1
1
1
1
1
1
1
1
1
1
1
1
1
1
1
1
1
1
1
1
1
1
1
1
1
1
1
1
1
1
1
22
22
22
22
22
22
22
22
22
22
22
22
22
22
22
23
23
23
23
23
23
23
23
24
24
24
24
24
25
25
25
25
25
26
26
26
27
27
27
27
27
27
27
27
27
27
28
28
28
28
28
28
28
28
28
28
28
28
28
28
28
28
28
28
28
28
28
28
28
29
29
30
30
30
30
31
31
31
32
32
32
32
34
34
34
35
35
35
35
36
36
36
36
36
37
37
37
37
37
38
38
38
38
38
39
39
39
39
40
39
39
39
39
39
39
39
39
39
39
39
38
38
38
38
38
39
38
38
38
38
38
37
37
37
37
37
37
37
36
36
37
37
37
37
37
36
36
37
37
37
37
37
38
38
38
37
38
38
38
38
38
39
39
39
39
39
39
39
40
40
40
40
41
41
41
41
41
41
41
41
41
43
43
43
43
43
44
44
44
44
46
46
47
47
48
50
52
54
56
59
61
64
66
61
64
70
279
283
288
292
297
305
315
389
392
397
401
404
408
411
414
485
485
486
486
487
489
489
489
490
489
489
489
491
493
494
495
496
497
498
498
496
569
563
543
501
497
493
489
486
481
476
466
443
437
435
432
429
427
423
419
378
372
366
360
356
363
368
373
381
393
405
422
426
428
431
435
440
447
475
481
486
490
494
498
501
505
531
578
578
577
499
497
497
496
495
494
492
490
491
491
491
491
491
491
489
488
488
488
488
485
485
410
406
402
399
394
390
387
383
302
293
287
282
277
274
70
69
67
64
61
59
57
55
52
50
48
47
46
46
45
45
45
44
44
44
43
42
42
42
42
42
41
41
41
41
41
40
40
40
40
40
40
40
40
40
38
38
38
38
38
38
37
37
37
37
37
37
36
36
36
36
36
36
36
36
36
36
36
36
36
36
36
36
36
36
36
36
36
36
36
36
36
37
37
37
38
38
38
38
38
39
39
39
39
39
39
39
39
39
39
39
39
39
38
38
38
38
38
38
38
38
38
38
37
36
36
36
36
36
36
36
36
35
35
34
34
34
34
33
33
32
32
32
31
31
31
31
30
29
29
29
29
27
27
27
27
27
26
25
25
25
25
24
24
24
24
23
22
22
22
21
21
21
21
21
21
19
19
20
20
20
19
20
20
20
21
21
21
21
21
21
21
21
21
21
19
20
20
20
20
19
19
19
19
20
20
20
19
19
20
20
21
19
19
19
19
19
19
18
16
10
10
10
10
10
9
9
9
9
9
9
9
9
8
8
8
8
8
8
8
8
5
1
1
1
1
1
1
1
1
1
1
1
1
1
1
1
1
1
1
1
1
1
1
1
1
1
1
1
1
1
1
1
1
1
1
1
1
1
1
1
1
1
1
1
1
1
1
1
1
1
1
1
1
1
1
1
1
1
1
1
1
1
1
1
1
1
1
1
1
1
1
1
1
1
1
1
1
1
1
1
1
1
1
1
1
1
1
1
1
1
1
1
1
1
1
1
1
1
1
1
1
1
1
1
1
1
1
1
1
1
1
1
1
1
1
1
1
1
1
1
1
1
1
1
1
1
1
1
1
1
1
1
1
1
1
1
1
1
1
1
1
1
1
1
1
1
1
1
1
1
1
1
1
1
1
1
1
1
1
1
1
1
1
1
1
1
1
1
1
1
1
1
1
1
1
1
1
1
1
1
1
1
1
1
1
1
1
1
1
1
1
1
1
1
1
1
1
1
1
1
1
1
1
1
1
1
1
1
1
1
1
1
1
1
1
1
1
1
1
1
1
1
1
1
1
