# Vetor de dados - syn_f000813-3-Pre--front--vetorcoluna.txt
# Total de elementos: 1024
# Formato: um valor por linha
#==================================================

1
1
1
1
1
1
1
1
1
1
1
1
1
1
1
1
1
1
1
1
1
1
1
1
1
1
1
1
1
1
1
1
1
1
1
1
1
1
1
1
1
1
1
1
1
1
1
1
1
1
1
1
1
1
1
1
1
1
1
1
1
1
1
1
1
1
1
1
1
1
1
1
1
1
1
1
1
1
1
1
1
1
1
1
1
1
1
1
1
1
1
1
1
1
1
1
1
1
1
1
1
1
1
1
1
1
1
1
1
1
1
1
1
1
1
1
1
1
1
1
1
1
1
1
1
1
1
1
1
1
1
1
1
1
1
1
1
1
1
1
1
1
1
1
1
1
1
1
1
1
1
1
1
1
1
1
1
1
1
1
1
1
1
1
1
1
1
1
1
1
1
1
1
1
1
1
1
1
1
1
1
1
1
1
1
1
1
1
1
1
1
1
1
1
1
1
1
1
1
1
1
1
1
1
1
1
1
1
1
1
1
1
1
1
1
1
1
1
1
1
1
1
1
1
1
1
1
1
1
1
1
1
1
1
1
1
1
1
1
1
1
1
1
1
1
1
1
15
16
17
17
17
17
17
17
17
18
18
18
17
17
17
17
17
17
17
17
18
18
18
18
18
19
19
18
18
18
18
18
19
19
19
19
19
19
19
19
19
19
19
19
19
19
19
20
20
20
20
20
20
20
20
20
21
22
22
22
22
22
23
24
24
24
24
25
25
25
26
26
27
27
27
28
28
29
29
29
29
29
31
31
31
31
31
31
31
32
32
32
32
32
32
32
33
33
33
33
33
33
34
34
34
34
34
33
33
33
33
33
33
34
33
33
32
32
31
31
31
31
31
30
30
29
29
29
29
29
29
29
29
29
29
29
29
29
30
30
30
30
31
31
31
31
31
32
32
32
32
33
33
33
33
33
33
33
34
34
34
34
34
34
34
35
35
35
35
35
35
35
35
35
36
36
37
37
37
38
39
39
39
40
41
41
43
43
44
45
45
46
48
51
53
56
59
61
63
64
66
67
68
70
72
73
75
76
79
82
288
291
292
294
296
298
300
392
396
399
402
405
408
411
415
419
484
485
486
485
485
487
486
486
486
485
485
485
487
487
488
488
489
488
487
489
487
484
481
478
475
471
467
425
422
418
415
411
405
396
388
352
345
341
335
331
331
335
340
345
349
353
356
361
373
394
408
414
417
421
425
464
468
472
475
478
481
484
486
490
490
490
488
487
487
486
485
486
486
487
486
486
484
484
484
482
481
481
419
415
410
405
401
397
394
391
388
297
294
291
288
286
283
279
275
74
71
67
63
61
59
57
55
52
50
48
46
45
43
42
42
41
39
39
39
37
37
37
36
36
35
34
34
34
33
33
34
34
34
33
33
33
33
33
33
33
33
33
33
33
33
32
32
32
32
32
32
32
32
32
32
31
31
31
31
31
31
30
29
30
30
30
30
30
30
29
29
29
30
30
30
30
30
31
31
31
31
31
32
32
32
32
32
33
34
34
34
34
34
34
34
34
34
34
34
34
34
34
34
34
33
33
33
33
33
33
33
32
32
32
32
31
31
31
30
30
30
30
30
30
29
28
28
28
28
27
27
27
27
25
25
25
25
25
24
23
23
23
23
23
22
22
22
22
22
21
21
20
20
20
20
20
19
19
19
19
19
19
19
20
20
18
19
20
20
19
21
21
20
21
21
19
20
21
21
21
21
21
21
21
21
21
21
21
22
22
22
23
23
23
23
24
24
24
24
24
23
23
21
16
16
16
16
16
16
16
16
16
16
16
16
16
16
16
16
16
16
16
16
1
1
1
1
1
1
1
1
1
1
1
1
1
1
1
1
1
1
1
1
1
1
1
1
1
1
1
1
1
1
1
1
1
1
1
1
1
1
1
1
1
1
1
1
1
1
1
1
1
1
1
1
1
1
1
1
1
1
1
1
1
1
1
1
1
1
1
1
1
1
1
1
1
1
1
1
1
1
1
1
1
1
1
1
1
1
1
1
1
1
1
1
1
1
1
1
1
1
1
1
1
1
1
1
1
1
1
1
1
1
1
1
1
1
1
1
1
1
1
1
1
1
1
1
1
1
1
1
1
1
1
1
1
1
1
1
1
1
1
1
1
1
1
1
1
1
1
1
1
1
1
1
1
1
1
1
1
1
1
1
1
1
1
1
1
1
1
1
1
1
1
1
1
1
1
1
1
1
1
1
1
1
1
1
1
1
1
1
1
1
1
1
1
1
1
1
1
1
1
1
1
1
1
1
1
1
1
1
1
1
1
1
1
1
1
1
1
1
1
1
1
1
1
1
1
1
1
1
