# Vetor de dados - syn_f000581-2-Pre--front--vetorcoluna.txt
# Total de elementos: 1024
# Formato: um valor por linha
#==================================================

1
1
1
1
1
1
1
1
1
1
1
1
1
1
1
1
1
1
1
1
1
1
1
1
1
1
1
1
1
1
1
1
1
1
1
1
1
1
1
1
1
1
1
1
1
1
1
1
1
1
1
1
1
1
1
1
1
1
1
1
1
1
1
1
1
1
1
1
1
1
1
1
1
1
1
1
1
1
1
1
1
1
1
1
1
1
1
1
1
1
1
1
1
1
1
1
1
1
1
1
1
1
1
1
1
1
1
1
1
1
1
1
1
1
1
1
1
1
1
1
1
1
1
1
1
1
1
1
1
1
1
1
1
1
1
1
1
1
1
1
1
1
1
1
1
1
1
1
1
1
1
1
1
1
1
1
1
1
1
1
1
1
1
1
1
1
1
1
1
1
1
1
1
1
1
1
1
1
1
1
1
1
1
1
1
1
1
1
1
1
1
1
1
1
1
1
1
1
1
1
1
1
1
1
1
1
1
1
1
1
1
1
1
1
1
1
1
9
9
9
9
9
9
9
9
10
10
10
10
10
10
10
10
10
10
10
12
17
18
19
20
20
20
19
19
19
19
18
18
19
19
18
18
18
18
19
19
19
19
19
21
20
20
20
21
21
20
20
21
20
20
19
20
18
18
17
17
17
17
17
17
18
18
18
18
18
18
18
18
18
19
19
19
19
19
21
21
21
21
22
22
23
23
23
24
24
24
24
25
25
26
26
26
26
26
28
28
28
28
29
29
29
30
30
30
31
31
31
31
31
31
31
32
32
32
33
33
33
33
33
33
33
34
34
34
34
34
35
35
35
36
36
36
36
36
36
36
36
35
35
35
35
35
35
35
35
35
35
35
34
34
33
33
33
33
33
33
33
33
33
33
33
33
33
33
33
33
33
33
33
33
33
33
33
33
33
33
34
34
34
34
34
34
34
34
34
34
34
34
34
34
35
35
35
35
35
35
35
35
35
35
36
36
36
36
36
38
38
38
38
39
40
40
41
41
42
42
43
44
45
47
51
56
58
61
62
64
65
66
67
69
72
73
74
76
269
272
276
280
284
291
390
394
399
403
407
411
413
496
496
495
495
497
497
497
497
497
496
495
497
498
499
499
500
501
500
500
498
570
532
505
500
494
488
483
479
474
430
427
424
422
418
415
394
381
367
358
352
347
340
327
326
333
342
347
352
355
361
369
379
386
406
414
417
420
423
426
468
474
478
481
485
490
494
425
498
499
500
501
501
500
500
498
498
497
495
496
497
498
498
498
498
497
495
496
496
411
406
402
397
393
390
386
381
298
289
280
276
273
270
267
69
67
65
63
62
60
59
58
56
55
52
50
49
46
45
44
44
43
41
41
40
40
38
38
38
37
36
36
36
36
34
34
34
34
34
34
34
34
34
34
34
34
33
33
33
33
33
33
33
33
33
33
33
33
32
32
32
32
32
32
32
32
32
32
31
31
31
31
31
31
31
31
31
31
31
31
32
32
32
32
32
32
33
33
33
33
33
33
35
35
35
35
35
35
36
36
36
36
36
36
35
35
35
35
35
35
35
34
34
34
34
34
33
33
33
32
32
32
32
32
32
31
30
30
30
30
30
30
30
30
29
28
28
28
28
28
27
27
26
26
26
26
25
25
24
24
24
24
23
23
22
22
22
22
22
21
20
20
20
20
20
20
20
20
20
20
20
19
19
19
19
19
19
19
19
19
18
18
18
18
18
19
20
20
19
19
20
20
20
19
19
20
20
20
18
18
18
18
19
19
20
20
18
19
19
19
20
20
20
19
19
19
19
19
18
17
12
12
12
12
12
12
12
12
12
12
12
12
12
12
12
1
1
1
1
1
1
1
1
1
1
1
1
1
1
1
1
1
1
1
1
1
1
1
1
1
1
1
1
1
1
1
1
1
1
1
1
1
1
1
1
1
1
1
1
1
1
1
1
1
1
1
1
1
1
1
1
1
1
1
1
1
1
1
1
1
1
1
1
1
1
1
1
1
1
1
1
1
1
1
1
1
1
1
1
1
1
1
1
1
1
1
1
1
1
1
1
1
1
1
1
1
1
1
1
1
1
1
1
1
1
1
1
1
1
1
1
1
1
1
1
1
1
1
1
1
1
1
1
1
1
1
1
1
1
1
1
1
1
1
1
1
1
1
1
1
1
1
1
1
1
1
1
1
1
1
1
1
1
1
1
1
1
1
1
1
1
1
1
1
1
1
1
1
1
1
1
1
1
1
1
1
1
1
1
1
1
1
1
1
1
1
1
1
1
1
1
1
1
1
1
1
1
1
1
1
1
1
1
1
1
1
1
1
1
1
1
1
1
1
1
1
1
