# Vetor de dados - syn_f003875-3-Pre--front--vetorcoluna.txt
# Total de elementos: 1024
# Formato: um valor por linha
#==================================================

1
1
1
1
1
1
1
1
1
1
1
1
1
1
1
1
1
1
1
1
1
1
1
1
1
1
1
1
1
1
1
1
1
1
1
1
1
1
1
1
1
1
1
1
1
1
1
1
1
1
1
1
1
1
1
1
1
1
1
1
1
1
1
1
1
1
1
1
1
1
1
1
1
1
1
1
1
1
1
1
1
1
1
1
1
1
1
1
1
1
1
1
1
1
1
1
1
1
1
1
1
1
1
1
1
1
1
1
1
1
1
1
1
1
1
1
1
1
1
1
1
1
1
1
1
1
1
1
1
1
1
1
1
1
1
1
1
1
1
1
1
1
1
1
1
1
1
1
1
1
1
1
1
1
1
1
1
1
1
1
1
1
1
1
1
1
1
1
1
1
1
1
1
1
1
1
1
1
1
1
1
1
1
1
1
1
1
1
1
1
1
1
1
1
1
1
1
1
1
1
1
1
1
1
1
1
1
1
1
1
1
1
1
1
1
1
1
1
1
1
1
1
1
1
1
1
1
1
1
1
1
1
1
1
1
1
1
1
1
1
1
1
1
1
1
1
26
26
26
26
26
25
25
25
25
25
26
26
26
26
26
26
26
26
26
26
26
26
26
26
27
27
27
27
27
27
27
27
27
27
28
28
28
1
1
1
1
1
28
28
29
29
29
29
29
29
29
29
29
29
30
30
30
30
30
30
30
30
30
31
31
31
31
31
31
31
31
31
31
31
31
31
33
33
33
34
34
34
34
35
35
35
35
35
36
36
36
36
36
37
37
37
37
37
37
39
39
39
39
39
39
39
39
39
39
40
40
40
40
39
39
39
39
40
40
39
39
39
39
39
38
38
38
38
37
38
38
38
38
38
38
37
38
38
38
38
39
39
39
39
39
40
39
39
39
40
40
40
40
40
40
41
41
41
41
41
41
42
43
43
43
43
43
43
43
44
44
44
44
44
45
45
46
46
46
46
47
47
47
48
48
49
49
50
53
57
60
62
63
65
67
68
68
69
71
73
73
75
77
80
83
274
277
280
283
286
289
291
294
297
301
305
308
397
402
408
412
417
421
486
487
489
489
489
489
490
492
494
494
494
495
495
497
498
498
499
562
564
497
561
544
509
505
501
496
491
484
477
436
433
429
426
423
421
417
410
394
385
377
373
367
362
362
368
372
378
387
393
399
410
419
422
425
426
429
432
436
480
485
489
495
500
503
506
508
509
496
498
567
499
498
498
496
496
494
492
493
493
492
492
491
490
488
489
488
488
487
418
414
410
405
401
396
391
306
302
298
295
292
290
288
286
284
75
72
70
68
66
65
63
62
62
61
59
58
56
54
52
51
51
50
50
49
49
49
48
48
48
47
46
46
46
46
45
45
45
45
43
43
43
43
43
43
43
43
42
42
42
42
41
41
41
41
41
41
40
40
40
40
40
39
39
39
39
39
39
38
38
38
38
38
37
38
38
38
38
38
38
38
38
39
38
38
38
39
39
39
39
40
40
40
40
40
40
40
40
39
39
39
38
38
38
38
38
38
38
38
37
37
37
37
37
37
37
36
36
36
36
36
35
35
35
35
34
34
34
34
34
33
33
33
32
32
32
31
30
30
30
29
29
29
28
27
27
27
27
26
25
25
25
25
24
23
23
23
23
22
22
22
21
21
20
20
20
18
18
18
17
18
17
17
18
20
20
21
21
22
22
23
23
23
23
24
24
24
24
24
24
24
24
24
25
25
25
26
26
26
27
27
27
28
28
28
28
28
27
27
26
20
20
20
20
20
20
20
21
21
21
1
1
1
1
1
1
1
1
1
1
1
1
1
1
1
1
1
1
1
1
1
1
1
1
1
1
1
1
1
1
1
1
1
1
1
1
1
1
1
1
1
1
1
1
1
1
1
1
1
1
1
1
1
1
1
1
1
1
1
1
1
1
1
1
1
1
1
1
1
1
1
1
1
1
1
1
1
1
1
1
1
1
1
1
1
1
1
1
1
1
1
1
1
1
1
1
1
1
1
1
1
1
1
1
1
1
1
1
1
1
1
1
1
1
1
1
1
1
1
1
1
1
1
1
1
1
1
1
1
1
1
1
1
1
1
1
1
1
1
1
1
1
1
1
1
1
1
1
1
1
1
1
1
1
1
1
1
1
1
1
1
1
1
1
1
1
1
1
1
1
1
1
1
1
1
1
1
1
1
1
1
1
1
1
1
1
1
1
1
1
1
1
1
1
1
1
1
1
1
1
1
1
1
1
1
1
1
1
1
1
1
1
1
1
1
1
1
1
1
1
1
1
1
1
1
1
1
1
1
1
1
1
1
1
1
1
