# Vetor de dados - syn_f001885-2-Pre--left--vetorlinha.txt
# Total de elementos: 768
# Formato: um valor por linha
#==================================================

1
1
1
1
1
1
1
1
1
1
1
1
1
1
1
1
1
1
1
1
1
1
1
1
1
1
1
1
1
1
1
1
1
1
1
1
1
1
1
1
1
1
1
1
1
1
1
1
1
1
1
1
1
1
1
1
1
1
1
1
1
1
1
1
1
1
1
1
1
1
1
1
1
1
1
1
1
1
1
1
1
1
1
1
1
1
1
1
1
1
1
1
1
1
1
1
1
1
1
1
1
1
1
1
1
1
1
1
1
1
1
1
1
1
1
1
1
1
1
1
1
1
1
1
1
1
1
1
1
1
1
20
27
33
38
43
45
48
51
54
55
57
59
61
64
65
67
67
69
70
71
71
73
73
74
75
75
75
75
75
75
77
77
77
77
77
78
78
79
80
80
80
81
81
82
81
82
83
83
84
83
83
81
81
78
76
73
71
71
70
69
68
67
65
65
64
64
62
62
61
61
61
61
60
60
60
60
60
59
58
56
54
51
49
49
48
47
47
47
47
48
47
48
48
47
48
47
48
49
49
49
50
51
53
58
78
144
154
160
165
172
179
186
193
200
205
209
214
220
227
234
242
254
262
274
275
275
275
274
272
269
267
258
257
255
190
186
182
177
173
168
163
152
84
85
86
86
87
88
89
89
90
90
91
91
92
92
93
93
93
94
94
94
94
94
94
94
94
94
93
93
93
93
92
91
91
91
90
89
88
87
86
86
85
83
82
81
80
80
79
79
80
79
80
80
79
79
79
79
79
79
78
78
78
78
77
77
77
77
77
77
76
76
75
75
75
76
76
75
75
75
75
75
76
75
75
75
75
75
77
77
77
78
78
80
80
81
81
82
82
83
84
85
86
87
88
89
90
92
92
94
95
97
97
98
99
100
101
102
102
104
104
104
105
105
106
107
107
107
107
107
108
108
108
109
109
109
109
109
109
109
109
109
109
109
108
108
107
107
107
105
105
104
103
103
102
101
100
99
98
98
97
98
98
98
97
97
97
96
96
96
95
95
94
94
94
93
93
92
93
92
92
91
90
89
88
87
87
86
86
87
86
85
85
85
84
84
84
84
85
84
84
84
84
84
84
83
83
83
82
82
81
81
81
81
81
80
80
80
80
78
78
78
78
78
77
77
76
76
75
75
75
74
74
73
73
73
72
72
71
71
70
69
69
69
68
67
67
66
66
65
64
64
63
63
62
61
61
60
60
60
59
59
58
57
57
57
57
57
57
58
58
58
59
59
60
60
60
61
61
62
61
62
61
62
61
60
61
60
61
60
61
60
59
59
58
59
58
57
57
57
57
56
55
55
54
54
54
54
53
53
53
53
52
52
52
52
52
52
52
52
52
52
53
53
53
53
53
52
52
52
52
52
52
51
51
51
51
51
50
49
49
49
49
48
48
47
47
46
46
46
45
44
44
43
43
43
42
41
41
41
40
40
40
38
39
39
39
39
39
39
40
40
40
41
41
43
44
46
49
51
53
55
57
59
62
68
70
72
75
75
76
77
78
79
81
81
82
81
81
78
45
47
49
51
52
56
59
62
65
69
72
73
75
78
79
81
82
84
84
83
82
81
77
69
60
55
49
47
43
41
38
1
1
1
1
1
1
1
1
1
1
1
1
1
1
1
1
1
1
1
1
1
1
1
1
1
1
1
1
1
1
1
1
1
1
1
1
1
1
1
1
1
1
1
1
1
1
1
1
1
1
1
1
1
1
1
1
1
1
1
1
1
1
1
1
1
1
