# Vetor de dados - syn_f003207-2-Pre--left--vetorlinha.txt
# Total de elementos: 768
# Formato: um valor por linha
#==================================================

1
1
1
1
1
1
1
1
1
1
1
1
1
1
1
1
1
1
1
1
1
1
1
1
1
1
1
1
1
1
1
1
1
1
1
1
1
1
1
1
1
1
1
1
1
1
1
1
1
1
1
1
1
1
1
1
1
1
1
1
1
1
1
1
1
1
1
1
1
1
1
1
1
1
1
1
1
1
1
1
1
1
1
1
1
1
1
1
1
1
1
1
1
1
1
1
1
1
1
1
1
1
1
1
1
1
1
1
1
1
1
1
1
1
1
1
1
1
1
1
1
1
21
28
34
39
43
45
48
51
54
55
58
60
61
63
65
66
68
68
70
71
72
72
73
74
75
75
75
76
76
76
76
76
76
76
76
76
77
78
78
78
78
79
80
80
80
81
81
81
81
80
80
77
75
73
72
71
70
70
69
68
66
66
65
65
64
63
63
62
63
63
62
62
62
62
62
61
60
59
57
54
51
49
48
48
47
46
46
46
46
45
46
45
45
45
45
44
45
44
44
44
44
44
45
45
46
46
46
46
48
48
51
149
157
162
166
172
179
186
197
207
210
214
217
221
225
232
236
244
252
260
270
270
270
269
268
265
264
256
255
190
183
175
168
72
72
73
73
73
74
74
74
75
75
75
75
75
75
75
75
75
76
76
75
75
75
75
74
73
73
73
73
73
72
71
71
71
69
69
68
67
66
66
64
64
63
62
62
62
63
63
63
63
63
62
62
62
62
61
60
60
60
59
59
59
59
58
58
57
57
57
57
57
57
56
56
56
56
56
56
56
56
56
56
57
57
56
56
58
58
58
58
59
60
60
60
60
61
62
62
62
63
64
65
66
66
68
69
69
70
70
71
72
73
73
74
74
75
75
76
77
77
78
78
79
79
80
81
81
81
82
82
82
82
83
83
83
83
84
84
84
84
84
85
85
85
85
85
84
84
84
84
85
84
84
84
84
82
82
82
81
81
82
82
82
83
82
82
82
82
82
81
81
82
82
81
81
80
80
79
78
78
77
77
76
75
74
74
73
73
72
73
73
71
71
71
71
70
70
70
70
70
70
70
70
70
69
69
69
69
69
69
69
69
69
68
68
68
68
68
67
67
66
66
66
66
66
65
65
65
64
64
64
64
63
63
63
63
62
62
62
61
61
61
60
60
59
59
59
58
58
58
57
56
56
56
56
54
54
54
53
53
53
52
52
51
51
50
50
49
49
50
49
49
49
49
48
48
47
47
47
48
48
48
48
49
49
50
49
50
49
50
50
50
50
50
51
50
51
50
51
50
50
50
50
50
49
50
49
49
49
49
48
48
48
47
47
47
48
48
48
47
47
47
47
47
47
47
47
47
46
47
47
47
47
48
48
47
47
48
48
48
48
47
47
47
47
47
47
46
46
46
46
46
44
44
44
44
44
44
42
42
42
42
42
41
40
39
39
39
38
38
38
37
37
37
37
36
36
37
36
36
36
37
36
37
37
37
37
38
38
39
39
40
41
43
45
46
48
48
50
52
54
56
60
63
63
65
67
70
74
77
78
80
81
82
82
82
82
80
64
53
55
58
61
64
66
69
72
75
78
80
81
83
84
83
82
81
80
78
73
56
50
45
42
41
36
1
1
1
1
1
1
1
1
1
1
1
1
1
1
1
1
1
1
1
1
1
1
1
1
1
1
1
1
1
1
1
1
1
1
1
1
1
1
1
1
1
1
1
1
1
1
1
1
1
1
1
1
1
1
1
1
1
1
1
1
