# Vetor de dados - syn_f003270-2-Pre--front--vetorcoluna.txt
# Total de elementos: 1024
# Formato: um valor por linha
#==================================================

1
1
1
1
1
1
1
1
1
1
1
1
1
1
1
1
1
1
1
1
1
1
1
1
1
1
1
1
1
1
1
1
1
1
1
1
1
1
1
1
1
1
1
1
1
1
1
1
1
1
1
1
1
1
1
1
1
1
1
1
1
1
1
1
1
1
1
1
1
1
1
1
1
1
1
1
1
1
1
1
1
1
1
1
1
1
1
1
1
1
1
1
1
1
1
1
1
1
1
1
1
1
1
1
1
1
1
1
1
1
1
1
1
1
1
1
1
1
1
1
1
1
1
1
1
1
1
1
1
1
1
1
1
1
1
1
1
1
1
1
1
1
1
1
1
1
1
1
1
1
1
1
1
1
1
1
1
1
1
1
1
1
1
1
1
1
1
1
1
1
1
1
1
1
1
1
1
1
1
1
1
1
1
1
1
1
1
1
1
1
1
1
1
1
1
1
1
1
1
1
1
1
1
1
1
1
1
1
1
1
1
1
1
1
1
1
1
1
1
1
1
1
1
1
1
1
1
1
1
1
1
1
1
1
1
1
1
1
1
1
1
1
1
1
1
1
1
1
1
1
15
16
17
17
17
18
18
18
18
17
17
18
18
18
17
17
17
17
17
17
17
19
19
18
18
20
20
19
19
18
18
18
19
19
19
19
19
19
19
19
19
19
19
19
19
19
19
19
19
19
19
19
19
19
19
19
19
19
19
19
20
20
20
21
21
22
22
22
23
23
23
23
23
24
25
25
25
25
26
26
26
27
27
28
28
28
28
28
28
29
29
30
30
30
30
30
30
31
31
32
32
32
32
32
32
31
31
31
32
32
32
32
32
32
31
30
30
30
30
30
29
29
28
28
28
28
28
28
27
26
26
26
26
26
26
26
26
26
26
26
26
27
27
27
27
27
27
27
27
27
28
28
28
28
28
28
28
28
28
29
29
29
29
29
29
29
29
30
30
30
30
30
31
31
31
31
31
32
32
32
33
33
34
34
34
35
35
36
37
38
39
40
43
47
50
52
54
55
56
58
59
60
62
63
67
71
267
270
273
276
278
281
284
287
387
392
396
401
405
410
481
482
481
481
483
484
484
484
484
484
484
485
486
487
488
490
490
491
498
493
488
484
479
471
418
416
412
409
401
379
366
360
354
350
345
342
338
335
330
324
320
321
327
332
335
338
341
343
347
351
357
364
398
402
405
407
461
468
476
485
490
417
486
486
487
486
484
483
482
481
481
481
481
481
481
479
478
479
479
479
477
407
402
397
392
387
383
282
279
276
273
270
267
264
261
71
68
65
62
60
58
57
55
53
52
51
49
47
44
42
40
39
38
37
36
35
34
33
33
33
32
32
31
31
31
31
31
31
30
31
31
31
31
31
31
31
30
30
30
30
30
30
30
30
30
29
29
29
29
29
29
28
27
27
27
27
27
27
27
26
26
26
26
26
26
26
26
26
26
26
26
26
26
27
27
27
27
28
28
28
28
29
29
30
30
30
30
31
31
31
31
31
31
31
31
31
31
31
31
31
31
31
30
30
30
30
30
30
30
30
30
30
30
29
28
28
28
28
28
28
28
27
27
27
26
26
26
25
25
25
24
24
24
24
23
23
22
22
22
22
21
21
21
21
19
19
19
19
19
18
18
18
18
18
18
17
16
16
16
16
16
16
16
16
16
16
16
16
17
18
17
18
18
19
19
20
18
18
18
19
19
19
18
18
18
18
18
18
18
18
18
19
18
18
18
18
19
19
19
19
18
18
17
12
12
12
12
10
10
10
10
10
10
10
10
10
10
10
10
10
1
1
1
1
1
1
1
1
1
1
1
1
1
1
1
1
1
1
1
1
1
1
1
1
1
1
1
1
1
1
1
1
1
1
1
1
1
1
1
1
1
1
1
1
1
1
1
1
1
1
1
1
1
1
1
1
1
1
1
1
1
1
1
1
1
1
1
1
1
1
1
1
1
1
1
1
1
1
1
1
1
1
1
1
1
1
1
1
1
1
1
1
1
1
1
1
1
1
1
1
1
1
1
1
1
1
1
1
1
1
1
1
1
1
1
1
1
1
1
1
1
1
1
1
1
1
1
1
1
1
1
1
1
1
1
1
1
1
1
1
1
1
1
1
1
1
1
1
1
1
1
1
1
1
1
1
1
1
1
1
1
1
1
1
1
1
1
1
1
1
1
1
1
1
1
1
1
1
1
1
1
1
1
1
1
1
1
1
1
1
1
1
1
1
1
1
1
1
1
1
1
1
1
1
1
1
1
1
1
1
1
1
1
1
1
1
1
1
1
1
1
1
1
1
1
1
1
1
1
1
1
1
1
1
