# Vetor de dados - syn_f002000-3-Pre--front--vetorlinha.txt
# Total de elementos: 768
# Formato: um valor por linha
#==================================================

1
1
1
1
1
1
1
1
1
1
1
1
1
1
1
1
1
1
1
1
1
1
1
1
1
1
1
1
1
1
1
1
1
1
1
1
1
1
1
1
1
1
1
1
1
1
1
1
1
1
1
1
1
1
1
1
1
1
1
1
1
1
1
1
1
1
1
1
1
1
1
1
1
1
1
1
1
1
1
1
1
1
1
1
1
1
1
1
1
1
1
1
1
1
1
1
1
1
1
1
1
1
1
1
1
1
1
1
1
1
1
1
1
1
1
1
1
1
1
1
1
12
23
27
31
35
38
40
41
43
45
47
49
50
51
53
54
55
56
57
58
58
59
60
60
61
61
61
61
61
62
62
62
61
61
61
61
61
61
60
61
67
69
69
69
69
69
69
67
67
67
66
65
65
64
63
61
60
59
58
55
50
50
50
48
48
48
47
46
46
44
44
43
43
42
43
43
43
43
43
42
42
42
42
42
42
43
43
44
45
47
48
51
53
56
58
61
65
76
93
102
113
122
155
271
282
292
307
324
347
356
364
414
427
438
459
477
480
484
488
492
496
499
495
495
502
507
511
515
519
452
453
455
388
392
387
380
372
368
364
359
339
340
146
145
145
145
144
144
144
144
144
143
143
142
141
140
139
138
137
136
134
134
133
132
132
130
130
128
128
126
125
124
123
122
121
120
119
118
117
116
114
113
111
111
109
109
108
107
107
106
106
105
104
104
104
104
103
102
102
101
101
100
100
100
98
98
98
97
96
96
96
94
94
92
92
91
90
89
89
87
87
87
87
86
87
87
88
88
88
88
88
88
88
89
89
89
89
89
89
89
89
89
91
91
92
94
94
96
98
100
100
102
102
104
104
106
106
108
108
108
109
110
111
111
111
111
111
111
111
111
111
111
111
111
110
110
110
110
110
110
110
110
110
110
110
109
110
110
111
112
112
112
112
113
114
114
115
115
116
116
117
117
117
118
118
119
119
120
120
120
121
122
122
122
122
122
122
123
123
123
123
123
123
123
123
124
124
125
125
125
125
125
126
125
126
126
126
126
126
126
126
126
126
126
126
126
126
126
125
125
125
124
124
124
124
124
124
124
123
123
123
123
122
122
122
122
121
121
121
119
119
119
117
117
117
116
115
114
113
112
111
110
109
107
107
107
105
105
103
103
101
101
101
99
99
99
98
97
97
97
97
97
96
97
97
96
96
96
96
96
96
96
96
96
96
96
96
96
96
96
96
96
96
96
97
98
98
98
98
98
99
99
99
100
101
101
102
102
103
103
104
104
105
106
106
107
107
108
108
109
109
109
110
110
110
110
110
110
110
110
110
110
110
110
110
110
110
109
109
109
108
108
108
108
107
106
106
106
105
105
104
104
104
103
102
102
102
100
100
100
100
98
98
98
97
96
96
96
95
94
94
94
94
92
92
92
92
90
90
90
90
90
89
88
88
88
87
87
87
86
86
86
85
85
85
84
84
84
84
84
84
84
84
84
84
84
84
85
85
86
86
86
86
86
86
86
86
86
86
86
88
88
90
90
91
92
92
94
95
96
97
99
101
102
103
103
104
105
105
106
107
107
107
106
107
106
106
106
105
104
102
99
96
93
91
42
40
38
1
1
1
1
1
1
1
1
1
1
1
1
1
1
1
1
1
1
1
1
1
1
1
1
1
1
1
1
1
1
1
1
1
1
1
1
1
1
1
1
1
1
1
1
1
1
1
1
1
1
1
1
1
1
1
1
1
1
1
