# Vetor de dados - syn_f001666-3-Pre--front--vetorlinha.txt
# Total de elementos: 768
# Formato: um valor por linha
#==================================================

1
1
1
1
1
1
1
1
1
1
1
1
1
1
1
1
1
1
1
1
1
1
1
1
1
1
1
1
1
1
1
1
1
1
1
1
1
1
1
1
1
1
1
1
1
1
1
1
1
1
1
1
1
1
1
1
1
1
1
1
1
1
1
1
1
1
1
1
1
1
1
1
1
1
1
1
1
1
1
1
1
1
1
1
1
1
1
1
1
1
1
1
1
1
1
1
1
1
1
1
1
1
1
1
1
1
1
1
1
1
1
1
1
1
1
1
1
1
1
1
1
1
1
1
1
1
1
1
1
1
1
1
1
1
1
1
1
1
1
1
1
1
1
1
14
22
27
31
34
36
38
40
42
44
46
46
48
49
50
52
53
53
54
55
55
56
57
57
57
57
57
57
57
57
57
57
57
57
56
56
59
62
63
64
63
63
63
63
63
61
61
61
59
59
58
56
55
54
51
49
46
45
45
45
44
43
43
43
42
41
41
40
40
40
40
39
39
39
39
39
39
40
41
44
45
48
51
56
59
62
70
85
100
112
143
151
158
169
246
344
357
367
376
385
393
400
410
421
430
439
446
453
461
469
480
490
503
525
552
554
554
552
552
551
547
505
509
511
512
156
148
143
140
138
135
134
134
132
132
132
131
131
130
130
129
129
127
126
125
124
122
122
120
119
117
116
115
114
113
112
111
111
109
108
107
107
105
104
103
101
99
98
97
95
93
93
92
92
92
92
91
91
90
90
90
90
90
88
88
88
87
86
85
85
84
83
81
81
79
79
78
77
77
75
75
75
75
74
74
74
74
75
75
75
76
77
78
78
78
80
80
81
82
82
84
84
85
86
86
88
88
90
90
92
92
94
95
95
96
97
98
99
99
100
100
100
102
102
102
102
103
104
104
105
105
105
105
107
107
107
108
108
108
109
110
110
110
112
112
113
114
114
115
116
117
117
118
119
119
119
120
121
121
121
123
123
123
125
125
125
125
125
125
125
125
125
125
125
125
125
125
126
126
126
125
125
126
125
125
125
125
125
125
124
124
124
124
124
124
124
124
124
123
122
122
122
122
122
122
120
120
120
120
118
118
118
118
116
116
116
115
114
113
113
112
111
111
109
109
108
107
106
106
105
104
104
103
102
102
101
100
100
99
98
98
97
97
97
97
96
96
95
95
95
95
95
95
95
95
95
95
95
94
94
94
94
93
93
93
93
93
93
93
93
93
94
95
95
95
95
96
96
97
97
98
98
99
99
100
100
101
102
102
102
103
103
104
104
104
105
105
105
105
105
105
105
105
105
105
105
105
105
104
103
103
103
103
103
102
102
101
101
100
99
99
99
98
98
97
96
96
95
94
94
94
92
92
92
91
90
90
90
89
88
88
88
87
86
86
86
85
85
84
84
83
83
83
82
81
81
81
80
79
79
79
79
79
78
78
78
78
78
79
79
79
80
81
81
82
82
82
82
82
82
82
82
82
82
83
83
85
85
86
86
88
88
88
88
89
90
91
91
93
94
94
94
94
95
96
96
96
95
96
97
97
97
96
96
94
91
89
88
85
83
1
1
1
1
1
1
1
1
1
1
1
1
1
1
1
1
1
1
1
1
1
1
1
1
1
1
1
1
1
1
1
1
1
1
1
1
1
1
1
1
1
1
1
1
1
1
1
1
1
1
1
1
1
1
1
1
1
1
1
1
1
1
1
1
1
1
1
1
1
1
1
1
1
1
1
1
1
1
1
1
1
1
1
1
