# Vetor de dados - syn_f004204-0-Pre--front--vetorcoluna.txt
# Total de elementos: 1024
# Formato: um valor por linha
#==================================================

1
1
1
1
1
1
1
1
1
1
1
1
1
1
1
1
1
1
1
1
1
1
1
1
1
1
1
1
1
1
1
1
1
1
1
1
1
1
1
1
1
1
1
1
1
1
1
1
1
1
1
1
1
1
1
1
1
1
1
1
1
1
1
1
1
1
1
1
1
1
1
1
1
1
1
1
1
1
1
1
1
1
1
1
1
1
1
1
1
1
1
1
1
1
1
1
1
1
1
1
1
1
1
1
1
1
1
1
1
1
1
1
1
1
1
1
1
1
1
1
1
1
1
1
1
1
1
1
1
1
1
1
1
1
1
1
1
1
1
1
1
1
1
1
1
1
1
1
1
1
1
1
1
1
1
1
1
1
1
1
1
1
1
1
1
1
1
1
1
1
1
1
1
1
1
1
1
1
1
1
1
1
1
1
1
1
1
1
1
1
1
1
1
1
1
1
1
1
1
1
1
1
1
1
1
1
1
1
1
1
1
1
1
1
1
1
1
1
1
1
1
1
1
1
1
1
1
8
8
8
8
8
8
8
9
9
9
9
9
9
9
9
9
9
9
9
9
10
10
16
18
18
19
19
19
19
19
19
19
20
20
19
19
19
19
18
18
18
20
20
20
20
20
19
21
21
21
20
20
19
21
20
19
19
20
18
18
17
18
17
17
17
17
17
17
17
17
17
17
17
17
17
18
18
18
18
18
19
19
19
19
19
21
21
22
22
22
22
22
23
23
23
23
23
23
24
24
25
25
25
25
26
27
27
27
27
27
28
29
29
29
29
29
30
30
30
30
31
31
32
32
32
32
32
32
32
33
33
33
33
33
33
34
34
34
34
34
34
34
34
34
34
33
33
33
33
33
33
33
33
32
32
32
32
32
32
32
32
32
32
32
32
32
32
32
31
32
32
32
32
32
32
32
32
32
32
32
32
32
32
32
32
32
32
32
32
32
32
32
33
33
34
33
34
34
34
35
35
35
35
35
36
36
36
37
37
38
38
39
39
39
40
40
41
43
44
46
47
49
50
51
52
53
55
56
57
269
272
275
279
285
292
299
368
375
380
385
391
468
470
470
469
469
469
472
472
472
472
471
470
470
471
471
473
473
474
475
474
474
545
518
477
470
466
462
458
455
450
446
407
403
400
397
391
366
358
353
349
345
341
336
338
342
345
349
354
359
364
372
392
397
399
402
404
446
449
453
457
461
468
475
479
482
547
546
547
474
473
472
471
470
469
468
468
469
469
470
471
471
471
471
469
469
469
469
397
392
388
383
378
372
367
295
285
277
273
268
57
56
55
55
54
53
51
50
49
48
47
44
43
42
41
40
39
39
38
37
37
36
36
35
35
35
35
33
33
33
34
33
33
33
33
33
33
33
32
32
32
32
32
32
32
32
32
32
32
32
31
31
31
31
31
31
31
31
31
31
31
31
30
30
30
30
30
30
30
30
30
31
31
31
31
31
31
31
31
31
33
33
33
33
33
33
33
33
33
33
33
33
33
33
33
33
33
33
32
32
32
32
32
31
31
31
31
31
30
30
30
30
30
30
28
28
28
28
27
27
27
27
27
26
25
25
25
24
24
24
24
23
23
23
23
23
22
21
21
21
21
21
21
21
21
19
19
20
20
20
19
19
19
20
18
18
18
18
18
18
18
18
18
18
18
18
19
20
18
18
19
20
20
21
22
22
22
23
23
23
24
24
24
24
24
24
24
24
24
24
24
25
25
25
25
26
26
26
27
27
27
27
27
27
27
27
26
20
20
20
20
20
20
20
20
20
20
20
20
20
20
20
20
20
1
1
1
1
1
1
1
1
1
1
1
1
1
1
1
1
1
1
1
1
1
1
1
1
1
1
1
1
1
1
1
1
1
1
1
1
1
1
1
1
1
1
1
1
1
1
1
1
1
1
1
1
1
1
1
1
1
1
1
1
1
1
1
1
1
1
1
1
1
1
1
1
1
1
1
1
1
1
1
1
1
1
1
1
1
1
1
1
1
1
1
1
1
1
1
1
1
1
1
1
1
1
1
1
1
1
1
1
1
1
1
1
1
1
1
1
1
1
1
1
1
1
1
1
1
1
1
1
1
1
1
1
1
1
1
1
1
1
1
1
1
1
1
1
1
1
1
1
1
1
1
1
1
1
1
1
1
1
1
1
1
1
1
1
1
1
1
1
1
1
1
1
1
1
1
1
1
1
1
1
1
1
1
1
1
1
1
1
1
1
1
1
1
1
1
1
1
1
1
1
1
1
1
1
1
1
1
1
1
1
1
1
1
1
1
1
1
1
1
1
1
1
1
1
1
1
1
1
1
1
1
1
1
