# Vetor de dados - syn_f001002-0-Pre--left--vetorlinha.txt
# Total de elementos: 768
# Formato: um valor por linha
#==================================================

1
1
1
1
1
1
1
1
1
1
1
1
1
1
1
1
1
1
1
1
1
1
1
1
1
1
1
1
1
1
1
1
1
1
1
1
1
1
1
1
1
1
1
1
1
1
1
1
1
1
1
1
1
1
1
1
1
1
1
1
1
1
1
1
1
1
1
1
1
1
1
1
1
1
1
1
1
1
1
1
1
1
1
1
1
1
1
1
1
1
1
1
1
1
1
1
1
1
1
1
1
1
1
1
1
1
1
1
1
1
1
1
1
1
1
1
1
1
1
19
27
34
38
42
45
48
52
54
56
58
60
62
63
65
66
68
69
70
71
72
72
74
74
74
75
76
76
76
76
76
76
76
76
76
76
77
77
77
78
77
78
79
79
80
80
80
81
81
80
80
78
76
74
73
73
72
71
70
70
69
68
68
67
66
65
64
63
63
63
63
63
63
62
61
60
59
57
55
54
52
52
51
51
52
51
51
52
52
53
54
55
55
55
56
57
58
58
61
68
74
79
84
89
93
153
158
164
171
178
182
187
193
203
229
233
237
240
245
249
255
261
265
270
279
285
292
303
304
304
304
303
301
299
297
287
286
206
201
197
190
176
167
150
124
118
113
108
107
108
108
109
109
110
110
111
111
112
112
113
112
113
113
113
114
114
113
113
113
113
113
112
112
112
111
110
110
109
109
107
106
106
105
106
106
106
106
107
106
107
107
106
107
107
107
107
107
107
107
107
107
107
108
108
107
108
108
108
109
109
108
109
109
109
110
109
109
109
109
109
110
109
109
109
109
109
108
108
108
109
109
111
111
113
113
114
114
115
116
117
117
118
118
120
120
121
121
122
122
123
123
122
123
123
124
124
125
124
124
125
125
125
126
125
125
126
126
125
125
126
126
125
125
126
125
125
124
124
124
123
124
123
123
122
121
121
120
120
119
118
117
117
116
114
113
112
111
110
109
107
107
107
106
106
106
105
105
104
103
103
103
103
102
102
101
101
100
99
98
98
97
96
96
95
94
94
93
93
92
92
90
90
90
89
89
89
88
87
87
87
86
86
86
85
84
84
84
83
83
82
81
81
81
80
80
79
79
79
78
78
78
77
77
76
76
75
75
75
74
74
74
74
73
73
73
72
71
71
71
70
70
70
69
69
69
68
68
68
68
66
66
66
65
65
64
64
64
62
62
62
61
61
61
60
60
60
59
58
58
57
57
57
57
57
57
57
56
56
56
56
56
57
56
56
56
57
57
56
56
55
55
55
54
53
53
54
53
52
52
52
52
51
51
50
49
49
48
48
48
47
47
47
46
46
47
46
46
46
46
46
46
46
46
46
46
46
45
45
45
45
45
46
45
45
45
45
45
44
44
44
44
44
44
44
44
44
44
44
44
44
43
43
43
43
43
43
43
43
42
42
42
42
42
42
42
42
42
41
41
41
41
41
41
41
41
41
40
40
40
40
40
40
40
40
40
40
39
39
39
39
39
40
41
42
44
46
48
50
52
54
56
57
60
65
68
70
72
74
76
78
78
80
82
83
85
87
87
86
86
86
86
41
42
44
46
48
50
52
55
58
61
63
67
70
73
77
80
83
85
86
87
90
89
88
86
85
83
76
64
58
52
47
42
36
32
1
1
1
1
1
1
1
1
1
1
1
1
1
1
1
1
1
1
1
1
1
1
1
1
1
1
1
1
1
1
1
1
1
1
1
1
1
1
1
1
1
1
1
1
1
1
1
1
1
1
1
1
1
1
