# Vetor de dados - syn_f001605-2-Pre--left--vetorlinha.txt
# Total de elementos: 768
# Formato: um valor por linha
#==================================================

1
1
1
1
1
1
1
1
1
1
1
1
1
1
1
1
1
1
1
1
1
1
1
1
1
1
1
1
1
1
1
1
1
1
1
1
1
1
1
1
1
1
1
1
1
1
1
1
1
1
1
1
1
1
1
1
1
1
1
1
1
1
1
1
1
1
1
1
1
1
1
1
1
1
1
1
1
1
1
1
1
1
1
1
1
1
1
1
1
1
1
1
1
20
27
33
38
42
45
49
51
55
56
58
60
62
63
65
68
69
70
70
72
72
74
74
75
75
77
77
77
77
77
78
78
78
78
78
78
78
78
78
79
79
80
80
80
81
82
82
83
83
84
84
84
84
83
82
81
79
77
76
74
73
74
73
72
70
70
69
69
69
68
67
66
66
66
66
66
66
67
67
66
65
64
63
63
61
60
59
59
59
59
59
60
61
62
62
63
63
64
63
63
64
64
64
64
64
64
65
64
65
71
77
82
89
94
99
105
110
116
122
128
178
185
190
196
200
203
208
213
217
222
227
234
239
245
248
252
254
257
260
264
267
272
277
282
286
290
296
303
308
313
321
327
327
327
326
325
323
319
308
307
215
208
169
129
113
113
113
113
114
114
115
115
116
116
116
117
116
116
116
117
117
117
117
117
117
117
118
118
118
117
118
118
117
116
116
116
116
114
114
114
112
112
111
109
109
109
109
110
110
110
109
109
110
109
110
110
109
109
109
109
109
108
108
108
109
109
108
108
108
109
109
109
110
109
109
110
110
110
110
111
111
111
111
112
113
112
113
113
114
112
113
114
113
114
114
115
115
116
117
117
118
120
121
121
122
124
124
125
127
127
128
129
129
130
131
131
132
133
133
133
134
134
134
134
135
136
136
136
137
137
137
137
137
137
136
137
137
137
137
137
136
136
136
136
135
135
135
135
134
132
132
131
131
130
130
129
129
127
126
125
124
122
121
120
119
117
117
117
116
116
115
115
114
114
113
113
112
111
111
110
109
109
108
107
107
106
105
105
104
103
103
102
101
100
100
100
100
99
99
99
99
99
99
99
98
98
98
98
98
98
98
97
97
97
97
97
96
96
96
96
96
96
95
95
95
95
94
94
94
94
92
92
92
92
92
91
91
91
91
90
89
89
89
88
88
88
88
87
86
86
85
85
85
84
84
84
82
82
81
81
81
80
80
79
78
77
77
76
76
74
74
73
73
72
71
70
69
69
69
68
68
67
66
65
65
64
64
64
63
63
63
62
62
62
61
61
62
61
61
62
61
61
61
61
60
61
60
59
60
59
58
59
58
58
59
58
58
57
58
57
57
56
55
55
54
54
53
54
54
54
53
53
53
53
54
54
53
54
54
54
54
55
55
55
55
55
55
55
55
55
55
55
54
55
55
55
55
55
54
54
54
54
54
53
53
53
53
52
51
51
51
51
51
51
50
50
49
49
49
49
48
48
47
47
47
47
47
46
46
46
46
46
45
45
45
45
44
44
44
44
44
43
43
43
43
43
43
43
42
42
42
42
42
42
42
42
42
42
43
43
44
46
47
49
51
53
56
59
61
65
68
73
77
79
80
81
82
84
85
87
88
90
91
91
90
90
91
90
90
45
46
48
49
51
54
56
58
62
65
68
72
74
77
80
82
84
85
88
90
91
92
93
94
95
92
91
86
80
69
64
59
52
47
40
28
1
1
1
1
1
1
1
1
1
1
1
1
1
1
1
1
1
1
1
1
1
1
1
1
1
1
1
1
1
1
