# Vetor de dados - syn_f003504-1-Pre--front--vetorlinha.txt
# Total de elementos: 768
# Formato: um valor por linha
#==================================================

1
1
1
1
1
1
1
1
1
1
1
1
1
1
1
1
1
1
1
1
1
1
1
1
1
1
1
1
1
1
1
1
1
1
1
1
1
1
1
1
1
1
1
1
1
1
1
1
1
1
1
1
1
1
1
1
1
1
1
1
1
1
1
1
1
1
1
1
1
1
1
1
1
1
1
1
1
1
1
1
1
1
1
1
1
1
1
1
1
1
1
1
1
1
1
1
1
1
1
1
1
1
1
1
1
1
1
1
1
1
1
1
1
1
1
1
1
1
1
1
1
1
1
1
1
1
1
1
1
1
1
1
1
1
1
1
1
1
1
1
1
1
13
23
26
30
34
38
40
41
44
45
47
48
49
51
51
53
54
55
55
57
57
57
59
59
59
59
59
59
59
59
59
59
59
59
59
59
58
59
63
65
66
66
66
66
65
65
64
64
63
62
62
61
60
58
57
56
55
48
46
46
46
45
44
44
44
42
42
41
41
41
41
41
41
41
41
41
41
41
40
41
41
41
40
41
42
45
49
53
57
66
98
117
125
133
144
154
162
169
177
184
194
282
349
361
374
386
396
407
419
431
443
454
464
474
484
494
504
520
531
555
562
571
570
570
569
567
541
524
526
366
176
162
155
150
146
143
141
139
138
136
134
133
131
129
127
125
123
121
120
118
116
115
114
113
113
112
111
111
111
111
109
109
109
109
108
108
108
108
107
107
107
106
106
105
105
105
103
103
102
101
101
101
100
100
99
99
99
99
99
99
98
98
97
97
97
97
97
95
95
95
94
94
94
94
94
92
92
92
94
95
96
97
98
99
100
101
101
102
102
103
103
104
104
105
106
106
108
108
110
111
112
114
114
116
116
118
118
120
120
122
122
123
124
124
124
125
125
126
127
127
127
127
127
127
127
127
127
127
127
127
127
127
127
127
127
127
127
127
128
128
128
128
129
129
130
130
130
131
131
131
132
132
132
132
132
132
132
132
132
132
132
132
132
132
131
131
131
131
131
131
131
131
131
130
130
129
129
129
129
129
129
129
128
127
127
127
127
127
127
125
125
125
125
125
123
123
123
123
122
121
121
121
120
119
119
119
118
117
117
116
116
115
115
114
113
113
112
111
110
110
108
108
108
106
106
105
104
104
104
103
102
102
102
101
100
100
100
98
98
98
98
98
97
96
96
96
96
96
96
96
96
96
95
95
95
95
95
95
94
93
93
93
93
93
93
93
93
93
93
93
93
93
94
95
95
95
95
95
96
96
97
97
97
97
98
98
99
99
99
99
99
99
99
99
99
99
100
99
99
99
99
99
99
99
99
99
99
99
99
98
97
97
97
97
97
97
97
96
95
95
95
95
95
93
93
93
93
93
93
93
91
91
91
91
91
90
89
89
89
89
88
87
87
87
86
85
85
85
84
83
83
83
83
81
81
81
81
81
81
81
81
81
81
81
81
81
81
81
82
82
82
82
82
82
82
82
83
82
82
82
83
84
84
85
86
86
86
88
88
89
90
92
92
94
94
96
96
97
98
98
100
100
100
100
100
100
101
101
100
99
97
94
92
89
84
41
40
38
1
1
1
1
1
1
1
1
1
1
1
1
1
1
1
1
1
1
1
1
1
1
1
1
1
1
1
1
1
1
1
1
1
1
1
1
1
1
1
1
1
1
1
1
1
1
1
1
1
1
1
1
1
1
1
1
1
1
1
1
1
1
1
1
1
1
1
1
1
1
1
1
1
1
1
1
1
1
