# Vetor de dados - syn_f001840-3-Pre--front--vetorlinha.txt
# Total de elementos: 768
# Formato: um valor por linha
#==================================================

1
1
1
1
1
1
1
1
1
1
1
1
1
1
1
1
1
1
1
1
1
1
1
1
1
1
1
1
1
1
1
1
1
1
1
1
1
1
1
1
1
1
1
1
1
1
1
1
1
1
1
1
1
1
1
1
1
1
1
1
1
1
1
1
1
1
1
1
1
1
1
1
1
1
1
1
1
1
1
1
1
1
1
1
1
1
1
1
1
1
1
1
1
1
1
1
1
1
1
1
1
1
1
1
1
1
1
1
1
1
1
1
1
1
1
1
1
1
1
1
1
1
1
1
1
1
1
1
1
1
1
1
1
1
1
1
12
22
26
30
33
37
39
41
43
45
47
49
50
51
52
54
55
56
57
58
58
59
60
60
61
61
61
62
62
62
62
62
62
62
62
61
61
61
61
67
69
69
71
70
70
69
69
69
68
68
67
67
66
65
65
63
62
61
61
56
53
53
53
52
51
51
51
50
49
49
49
47
47
47
46
45
45
45
45
44
44
44
45
46
49
52
58
61
125
139
204
217
277
290
308
328
342
352
401
412
425
436
469
474
479
485
491
495
498
490
488
493
501
507
511
520
527
480
477
471
466
461
455
448
419
411
395
388
383
378
297
258
229
204
196
190
151
149
148
147
146
146
146
145
144
144
144
143
142
141
141
140
139
139
138
137
137
137
136
136
135
134
134
132
132
131
130
129
128
127
126
125
124
123
122
120
119
117
115
112
110
109
108
108
106
106
106
106
106
106
106
106
106
105
105
105
105
105
105
105
105
104
104
103
103
103
103
102
102
102
102
102
102
102
101
101
101
101
100
100
99
99
99
98
98
98
100
100
102
103
104
105
107
108
110
111
113
114
115
117
118
119
121
121
123
123
125
125
125
127
127
127
129
129
129
130
130
130
130
131
131
131
131
131
131
132
132
132
132
132
132
132
132
132
132
134
134
134
134
136
136
136
137
138
138
139
139
140
141
141
142
142
143
143
143
144
145
145
145
146
147
147
147
147
147
147
148
149
149
149
149
149
149
149
149
149
149
149
149
150
151
151
150
150
149
149
149
149
149
149
149
149
149
149
148
147
147
147
147
146
146
145
145
145
144
143
143
142
141
141
141
139
139
139
138
137
137
136
135
135
134
133
133
131
131
129
129
127
127
126
125
124
123
122
121
120
119
118
116
116
114
114
112
111
110
108
108
108
106
106
106
105
104
104
104
104
104
104
103
103
103
103
103
103
103
103
104
105
105
106
107
107
108
109
110
111
112
113
113
113
115
115
115
117
117
117
117
119
119
119
119
120
120
121
121
121
121
121
121
121
121
121
121
121
121
121
121
121
120
120
120
119
119
118
118
118
117
117
116
116
115
115
115
114
113
113
112
111
111
110
109
109
108
107
107
107
106
105
105
105
103
103
103
101
101
101
101
99
99
99
97
97
97
96
95
95
95
93
93
93
91
91
91
91
91
91
91
91
91
91
92
92
92
92
93
93
93
93
93
92
92
92
92
92
92
92
92
93
94
94
95
95
97
97
99
100
101
103
104
105
107
107
108
109
109
109
109
109
109
107
106
103
101
100
96
94
90
42
40
1
1
1
1
1
1
1
1
1
1
1
1
1
1
1
1
1
1
1
1
1
1
1
1
1
1
1
1
1
1
1
1
1
1
1
1
1
1
1
1
1
1
1
1
1
1
1
1
1
1
1
1
1
1
1
1
1
1
1
1
1
1
1
1
1
1
1
1
1
1
1
1
1
