# Vetor de dados - syn_f002573-2-Pre--left--vetorlinha.txt
# Total de elementos: 768
# Formato: um valor por linha
#==================================================

1
1
1
1
1
1
1
1
1
1
1
1
1
1
1
1
1
1
1
1
1
1
1
1
1
1
1
1
1
1
1
1
1
1
1
1
1
1
1
1
1
1
1
1
1
1
1
1
1
1
1
1
1
1
1
1
1
1
1
1
1
1
1
1
1
1
1
1
1
1
1
1
1
1
1
1
1
1
1
1
1
1
1
1
1
1
1
1
1
1
1
1
1
1
1
1
1
1
1
1
1
1
8
22
30
36
40
45
48
50
53
56
57
59
61
63
66
68
69
70
72
72
74
74
75
76
76
78
78
78
78
79
80
80
80
80
80
81
81
81
81
81
82
81
82
83
83
84
84
84
85
86
85
86
86
85
85
83
82
79
77
77
76
75
75
74
73
72
71
71
70
70
69
69
67
66
66
66
66
65
65
65
65
64
63
62
60
58
56
53
53
52
52
51
52
51
51
51
51
52
52
52
53
53
54
54
55
55
56
188
198
213
229
237
245
255
267
286
309
311
310
310
310
309
307
305
303
295
295
294
277
274
272
224
221
218
215
211
208
204
200
196
191
185
178
171
164
120
114
107
100
91
89
90
90
91
92
92
93
94
94
95
95
95
95
95
96
96
95
96
96
95
95
95
94
94
94
94
94
94
94
93
93
92
92
92
91
91
90
89
88
87
86
85
85
83
83
83
84
84
84
85
85
86
86
86
87
87
88
88
88
88
88
88
88
87
88
88
87
87
87
87
87
87
87
87
88
87
87
87
87
87
86
86
86
86
86
85
85
85
85
86
85
86
86
87
88
87
88
88
89
89
90
90
91
91
93
93
94
94
95
96
96
97
98
98
98
100
100
100
100
101
102
102
102
103
103
103
103
103
103
103
103
104
104
104
104
103
103
103
103
102
102
102
102
101
101
101
100
100
100
99
99
98
97
97
96
96
95
95
94
93
93
93
93
92
92
93
92
92
92
91
91
90
90
89
89
89
89
88
87
87
86
85
85
83
84
83
82
82
81
81
81
80
80
80
80
80
79
80
80
80
80
80
80
80
80
80
81
81
81
81
80
80
80
80
80
80
80
79
80
80
80
80
80
79
79
79
79
79
78
78
78
78
77
77
76
76
76
75
75
75
75
74
74
73
73
72
72
72
72
70
70
70
69
69
69
67
67
67
66
66
65
64
64
63
63
62
61
61
61
60
60
58
58
58
57
57
57
57
56
56
56
56
55
55
55
55
55
55
55
56
57
57
58
58
59
59
60
59
60
60
60
60
60
60
60
60
59
59
59
59
58
58
58
58
58
57
57
56
57
56
56
55
54
55
55
54
54
54
54
53
53
53
53
53
53
53
53
53
54
53
53
53
54
54
54
54
54
55
55
55
54
54
54
55
55
55
55
55
54
53
53
53
53
53
53
53
52
52
52
52
52
52
52
51
50
50
50
50
49
49
48
48
48
47
47
47
46
45
45
45
45
44
44
43
43
42
42
42
42
42
40
40
40
40
40
41
40
40
40
40
41
41
41
41
42
43
43
45
46
49
50
52
55
57
60
62
66
71
75
78
81
81
83
84
86
88
89
90
90
90
90
91
84
45
47
49
51
52
54
57
59
62
65
68
72
76
79
82
84
86
89
91
92
93
92
90
89
88
85
81
69
62
57
52
47
43
40
1
1
1
1
1
1
1
1
1
1
1
1
1
1
1
1
1
1
1
1
1
1
1
1
1
1
1
1
1
1
1
1
1
1
1
1
1
1
1
