# Vetor de dados - syn_f000318-3-Pre--front--vetorcoluna.txt
# Total de elementos: 1024
# Formato: um valor por linha
#==================================================

1
1
1
1
1
1
1
1
1
1
1
1
1
1
1
1
1
1
1
1
1
1
1
1
1
1
1
1
1
1
1
1
1
1
1
1
1
1
1
1
1
1
1
1
1
1
1
1
1
1
1
1
1
1
1
1
1
1
1
1
1
1
1
1
1
1
1
1
1
1
1
1
1
1
1
1
1
1
1
1
1
1
1
1
1
1
1
1
1
1
1
1
1
1
1
1
1
1
1
1
1
1
1
1
1
1
1
1
1
1
1
1
1
1
1
1
1
1
1
1
1
1
1
1
1
1
1
1
1
1
1
1
1
1
1
1
1
1
1
1
1
1
1
1
1
1
1
1
1
1
1
1
1
1
1
1
1
1
1
1
1
1
1
1
1
1
1
1
1
1
1
1
1
1
1
1
1
1
1
1
1
1
1
1
1
1
1
1
1
1
1
1
1
1
1
1
1
1
1
1
1
1
1
1
1
1
1
1
1
1
1
1
1
1
1
1
1
1
1
1
1
1
1
1
1
1
1
1
1
1
1
1
1
1
1
1
1
1
1
1
1
1
1
1
20
20
20
20
20
19
19
19
19
19
20
19
20
20
20
20
20
20
20
20
20
20
20
20
21
21
21
21
21
21
21
21
22
22
22
22
22
22
22
22
22
22
22
22
23
23
23
23
23
23
23
23
23
24
24
25
25
25
26
26
26
27
27
27
29
29
29
30
30
30
31
31
32
32
32
32
33
34
34
34
34
34
34
35
35
35
35
35
36
36
36
36
36
37
37
37
37
37
37
38
38
39
38
39
39
39
39
39
40
39
39
39
39
39
38
38
38
38
39
38
38
38
38
39
39
38
38
39
39
39
40
40
40
40
41
41
40
41
41
41
42
42
42
43
43
43
42
43
43
43
43
44
44
44
44
44
43
44
44
44
44
44
44
44
44
44
44
44
45
45
45
45
45
45
45
46
46
46
47
47
47
48
48
48
49
49
50
50
50
50
51
54
57
58
60
62
67
70
72
74
77
79
82
84
86
87
88
272
274
278
281
283
286
288
291
294
298
378
382
385
389
392
397
402
468
469
470
471
471
471
472
474
474
475
474
474
475
475
476
477
477
476
475
472
532
520
495
490
486
482
479
475
470
464
456
424
422
419
417
414
412
406
382
367
360
355
351
320
344
348
352
356
363
375
402
410
412
414
416
419
422
458
463
469
473
477
482
486
489
491
492
498
547
548
474
474
474
473
473
471
471
471
471
471
471
471
470
469
469
469
468
467
404
400
397
393
390
386
382
379
300
296
293
291
288
286
284
282
279
277
276
85
83
81
79
76
74
71
69
66
63
61
60
55
53
52
50
50
50
49
49
49
49
48
47
47
47
47
46
46
46
46
46
45
45
44
44
44
44
44
43
43
43
43
43
44
44
44
44
44
44
43
43
43
43
43
43
42
42
41
41
41
41
41
40
40
40
40
40
40
40
39
39
39
39
39
39
39
39
38
39
39
39
39
39
39
39
39
39
39
39
39
40
40
40
40
40
40
40
40
40
39
40
40
40
40
40
40
40
40
39
38
38
38
38
38
38
38
38
38
37
36
36
36
36
36
36
35
35
34
34
34
34
33
33
33
32
32
31
31
31
30
30
30
30
28
28
28
28
27
27
27
26
25
25
25
24
24
24
23
22
22
22
22
21
20
20
20
20
19
19
20
20
19
20
21
20
21
21
21
20
20
21
21
19
19
19
19
20
18
18
18
18
19
19
20
18
19
19
19
20
20
18
20
18
18
17
16
9
9
9
9
9
9
9
9
8
8
8
8
8
8
8
8
8
8
8
8
5
1
1
1
1
1
1
1
1
1
1
1
1
1
1
1
1
1
1
1
1
1
1
1
1
1
1
1
1
1
1
1
1
1
1
1
1
1
1
1
1
1
1
1
1
1
1
1
1
1
1
1
1
1
1
1
1
1
1
1
1
1
1
1
1
1
1
1
1
1
1
1
1
1
1
1
1
1
1
1
1
1
1
1
1
1
1
1
1
1
1
1
1
1
1
1
1
1
1
1
1
1
1
1
1
1
1
1
1
1
1
1
1
1
1
1
1
1
1
1
1
1
1
1
1
1
1
1
1
1
1
1
1
1
1
1
1
1
1
1
1
1
1
1
1
1
1
1
1
1
1
1
1
1
1
1
1
1
1
1
1
1
1
1
1
1
1
1
1
1
1
1
1
1
1
1
1
1
1
1
1
1
1
1
1
1
1
1
1
1
1
1
1
1
1
1
1
1
1
1
1
1
1
1
1
1
1
1
1
1
1
1
1
1
1
1
1
1
1
1
1
1
