# Vetor de dados - syn_f001683-0-Pre--front--vetorcoluna.txt
# Total de elementos: 1024
# Formato: um valor por linha
#==================================================

1
1
1
1
1
1
1
1
1
1
1
1
1
1
1
1
1
1
1
1
1
1
1
1
1
1
1
1
1
1
1
1
1
1
1
1
1
1
1
1
1
1
1
1
1
1
1
1
1
1
1
1
1
1
1
1
1
1
1
1
1
1
1
1
1
1
1
1
1
1
1
1
1
1
1
1
1
1
1
1
1
1
1
1
1
1
1
1
1
1
1
1
1
1
1
1
1
1
1
1
1
1
1
1
1
1
1
1
1
1
1
1
1
1
1
1
1
1
1
1
1
1
1
1
1
1
1
1
1
1
1
1
1
1
1
1
1
1
1
1
1
1
1
1
1
1
1
1
1
1
1
1
1
1
1
1
1
1
1
1
1
1
1
1
1
1
1
1
1
1
1
1
1
1
1
1
1
1
1
1
1
1
1
1
1
1
1
1
1
1
1
1
1
1
1
1
1
1
1
1
1
1
1
1
1
1
1
1
1
1
1
1
1
1
1
1
1
1
1
1
1
1
1
1
1
1
1
1
1
1
1
1
1
1
14
14
14
14
14
17
18
19
19
19
19
19
19
19
20
20
20
19
19
19
18
20
20
19
19
19
19
21
21
21
21
22
21
21
21
22
21
21
20
21
20
20
21
21
21
22
22
22
22
22
22
22
22
22
22
22
22
22
22
22
22
22
22
22
22
22
22
22
23
23
23
23
23
23
23
23
23
24
24
25
25
25
25
25
25
26
27
27
27
27
27
27
28
28
29
29
29
29
29
29
30
30
31
31
31
31
31
31
31
31
31
32
32
32
32
32
32
32
33
33
33
33
33
33
33
33
33
33
34
33
33
33
32
32
32
32
32
32
32
32
32
32
31
31
31
31
31
31
31
31
31
31
31
31
31
31
31
31
31
31
31
31
31
31
31
31
31
31
31
32
32
32
32
33
33
33
33
33
33
35
35
35
35
35
35
36
36
36
36
36
37
37
37
37
38
38
38
38
39
39
39
40
40
41
41
41
41
42
42
42
43
43
44
45
47
48
49
51
52
275
279
283
290
299
386
391
397
402
406
411
416
421
492
493
493
494
494
495
496
496
496
495
495
494
495
496
497
498
499
499
500
500
498
498
426
492
489
485
481
479
476
473
469
467
463
433
426
421
418
414
411
407
399
381
373
367
362
358
361
368
376
384
397
404
408
411
414
418
421
426
467
471
476
478
482
485
489
493
497
502
526
573
499
498
498
497
497
496
494
493
494
495
495
495
495
495
493
492
492
492
492
492
492
413
408
403
398
394
389
385
378
297
283
277
270
55
54
53
52
50
49
48
46
46
45
44
43
43
42
42
41
41
41
40
40
40
39
38
38
38
38
38
37
37
37
37
37
36
36
36
36
36
35
35
35
35
35
35
34
34
34
34
34
34
34
33
33
32
32
32
32
32
32
32
32
32
32
32
32
31
31
31
31
31
31
31
31
31
31
31
31
32
32
32
32
32
32
32
33
33
33
33
33
33
33
34
34
34
35
35
35
35
35
35
35
34
34
34
35
35
34
34
34
33
33
33
32
32
32
32
32
32
32
32
31
31
30
30
30
30
30
30
29
29
29
28
28
27
27
27
27
27
27
26
26
26
26
26
26
26
26
26
26
26
26
26
26
25
25
25
25
25
25
25
25
25
25
25
25
25
25
25
25
25
25
25
25
25
25
25
25
25
25
24
24
24
24
23
23
23
23
22
22
22
22
22
22
21
21
21
21
21
21
21
20
20
20
20
20
20
20
20
19
19
19
20
20
20
20
19
19
19
1
1
1
1
1
1
1
1
1
1
1
1
1
1
1
1
1
1
1
1
1
1
1
1
1
1
1
1
1
1
1
1
1
1
1
1
1
1
1
1
1
1
1
1
1
1
1
1
1
1
1
1
1
1
1
1
1
1
1
1
1
1
1
1
1
1
1
1
1
1
1
1
1
1
1
1
1
1
1
1
1
1
1
1
1
1
1
1
1
1
1
1
1
1
1
1
1
1
1
1
1
1
1
1
1
1
1
1
1
1
1
1
1
1
1
1
1
1
1
1
1
1
1
1
1
1
1
1
1
1
1
1
1
1
1
1
1
1
1
1
1
1
1
1
1
1
1
1
1
1
1
1
1
1
1
1
1
1
1
1
1
1
1
1
1
1
1
1
1
1
1
1
1
1
1
1
1
1
1
1
1
1
1
1
1
1
1
1
1
1
1
1
1
1
1
1
1
1
1
1
1
1
1
1
1
1
1
1
1
1
1
1
1
1
1
1
1
1
1
1
1
1
1
1
1
1
1
1
1
1
1
1
1
1
1
1
1
1
