# Vetor de dados - syn_f003489-1-Pre--front--vetorcoluna.txt
# Total de elementos: 1024
# Formato: um valor por linha
#==================================================

1
1
1
1
1
1
1
1
1
1
1
1
1
1
1
1
1
1
1
1
1
1
1
1
1
1
1
1
1
1
1
1
1
1
1
1
1
1
1
1
1
1
1
1
1
1
1
1
1
1
1
1
1
1
1
1
1
1
1
1
1
1
1
1
1
1
1
1
1
1
1
1
1
1
1
1
1
1
1
1
1
1
1
1
1
1
1
1
1
1
1
1
1
1
1
1
1
1
1
1
1
1
1
1
1
1
1
1
1
1
1
1
1
1
1
1
1
1
1
1
1
1
1
1
1
1
1
1
1
1
1
1
1
1
1
1
1
1
1
1
1
1
1
1
1
1
1
1
1
1
1
1
1
1
1
1
1
1
1
1
1
1
1
1
1
1
1
1
1
1
1
1
1
1
1
1
1
1
1
1
1
1
1
1
1
1
1
1
1
1
1
1
1
1
1
1
1
1
1
1
1
1
1
1
1
1
1
1
1
1
1
1
1
1
1
1
1
1
1
1
1
1
1
1
1
1
1
1
1
1
1
1
1
1
1
1
1
1
13
14
14
16
16
16
16
16
16
16
16
16
16
16
16
16
16
16
16
16
20
22
22
23
23
23
23
23
23
22
22
22
21
21
21
21
21
21
21
21
21
21
21
21
21
20
21
21
21
21
21
21
21
20
21
20
20
20
20
20
20
20
20
20
20
20
20
20
20
20
21
21
22
22
22
22
22
22
22
24
24
24
24
24
24
24
25
26
26
26
26
26
26
27
28
28
28
28
28
28
29
29
29
29
29
30
30
30
31
31
32
32
32
32
32
32
32
32
32
32
32
32
32
32
32
32
32
32
32
32
32
32
31
31
31
31
31
31
30
29
29
29
29
29
29
29
29
29
29
29
29
29
29
29
29
30
30
30
30
31
31
31
31
31
31
32
32
32
32
33
33
33
33
33
33
33
33
34
34
34
34
35
35
35
35
36
35
35
36
36
36
36
37
37
37
37
39
39
39
39
40
41
43
45
48
51
53
55
57
58
60
61
63
64
64
62
72
83
85
87
88
259
263
266
268
272
275
278
367
372
377
381
385
389
460
461
461
461
462
463
463
463
463
463
462
464
466
466
468
541
542
544
544
481
476
471
467
462
457
452
447
441
406
403
400
396
388
376
356
349
342
333
316
307
308
330
339
348
360
382
391
396
398
401
403
407
438
444
448
453
459
467
474
478
542
542
542
467
466
466
465
464
463
463
463
462
463
462
461
460
460
460
458
391
386
381
376
371
367
362
279
275
272
270
267
265
262
84
82
80
76
70
65
62
60
58
56
55
54
53
51
50
47
45
43
41
40
39
39
38
38
36
36
36
36
35
35
35
34
34
34
34
33
33
33
33
33
32
32
32
32
32
32
32
32
32
32
30
30
30
30
30
30
30
29
29
29
29
29
29
29
29
29
29
28
27
27
27
27
27
27
27
27
27
28
29
29
29
29
29
29
29
30
31
31
31
31
31
31
32
32
32
32
32
32
32
32
32
32
32
32
32
32
32
32
32
31
31
31
31
31
30
30
30
29
29
29
29
28
28
28
28
28
27
26
26
26
26
26
25
25
24
24
24
24
23
23
23
23
22
22
21
21
21
21
21
20
20
20
19
18
18
18
18
18
18
18
17
17
17
17
17
16
17
17
18
18
18
18
20
18
18
19
19
20
18
18
18
18
18
18
18
20
20
20
20
20
20
21
21
21
21
21
21
21
21
21
20
13
13
13
13
13
13
13
13
13
13
13
13
13
13
13
13
13
13
12
12
12
1
1
1
1
1
1
1
1
1
1
1
1
1
1
1
1
1
1
1
1
1
1
1
1
1
1
1
1
1
1
1
1
1
1
1
1
1
1
1
1
1
1
1
1
1
1
1
1
1
1
1
1
1
1
1
1
1
1
1
1
1
1
1
1
1
1
1
1
1
1
1
1
1
1
1
1
1
1
1
1
1
1
1
1
1
1
1
1
1
1
1
1
1
1
1
1
1
1
1
1
1
1
1
1
1
1
1
1
1
1
1
1
1
1
1
1
1
1
1
1
1
1
1
1
1
1
1
1
1
1
1
1
1
1
1
1
1
1
1
1
1
1
1
1
1
1
1
1
1
1
1
1
1
1
1
1
1
1
1
1
1
1
1
1
1
1
1
1
1
1
1
1
1
1
1
1
1
1
1
1
1
1
1
1
1
1
1
1
1
1
1
1
1
1
1
1
1
1
1
1
1
1
1
1
1
1
1
1
1
1
1
1
1
1
1
1
1
1
1
1
1
1
1
1
1
1
1
1
1
1
1
1
1
1
1
1
1
