# Vetor de dados - syn_f000503-1-Pre--front--vetorcoluna.txt
# Total de elementos: 1024
# Formato: um valor por linha
#==================================================

1
1
1
1
1
1
1
1
1
1
1
1
1
1
1
1
1
1
1
1
1
1
1
1
1
1
1
1
1
1
1
1
1
1
1
1
1
1
1
1
1
1
1
1
1
1
1
1
1
1
1
1
1
1
1
1
1
1
1
1
1
1
1
1
1
1
1
1
1
1
1
1
1
1
1
1
1
1
1
1
1
1
1
1
1
1
1
1
1
1
1
1
1
1
1
1
1
1
1
1
1
1
1
1
1
1
1
1
1
1
1
1
1
1
1
1
1
1
1
1
1
1
1
1
1
1
1
1
1
1
1
1
1
1
1
1
1
1
1
1
1
1
1
1
1
1
1
1
1
1
1
1
1
1
1
1
1
1
1
1
1
1
1
1
1
1
1
1
1
1
1
1
1
1
1
1
1
1
1
1
1
1
1
1
1
1
1
1
1
1
1
1
1
1
1
1
1
1
1
1
1
1
1
1
1
1
1
1
1
1
1
1
1
1
1
1
1
1
1
1
1
1
1
1
1
1
1
1
1
1
1
1
1
1
1
1
1
1
1
1
1
1
1
1
12
12
12
12
13
16
17
18
18
19
18
18
19
19
18
18
18
18
18
17
17
18
18
18
18
18
18
18
20
19
19
19
20
20
20
19
19
18
20
18
18
17
17
17
17
17
17
17
17
17
17
17
17
17
18
18
18
18
18
18
19
19
19
19
19
21
21
21
22
22
22
22
22
22
23
23
24
24
24
24
24
24
25
25
25
26
26
26
26
27
27
27
27
27
27
28
29
29
29
29
29
29
30
30
30
31
31
31
31
31
32
32
32
32
32
32
32
32
32
32
32
31
31
31
31
31
31
31
31
30
30
30
30
30
30
29
29
28
28
28
28
28
28
28
28
28
28
28
28
28
28
28
28
29
29
29
29
29
29
29
29
29
30
30
30
30
31
31
31
31
31
31
31
31
31
31
31
31
31
31
31
32
32
33
33
33
33
34
34
34
34
35
36
36
36
37
38
38
39
39
41
41
42
44
46
48
49
51
53
55
56
56
57
58
60
61
62
272
276
280
284
288
292
393
397
401
405
409
413
480
479
480
483
483
483
484
483
482
482
481
480
482
483
483
485
485
486
561
562
488
485
482
479
475
472
467
462
415
413
409
406
388
356
346
339
333
326
321
319
322
329
335
342
350
359
375
403
406
408
411
458
463
468
471
474
478
481
485
560
560
479
478
478
477
477
476
476
478
478
478
478
478
475
475
475
474
472
472
473
405
401
396
392
387
384
289
285
281
277
273
269
56
55
54
53
52
51
49
47
46
44
43
43
42
42
40
40
39
39
38
37
37
37
36
35
35
35
34
34
34
34
34
34
33
33
32
32
33
32
32
32
32
32
31
31
31
31
30
31
31
31
30
30
30
30
29
29
29
29
28
28
28
28
27
28
28
28
28
27
27
27
27
27
27
28
28
28
28
29
29
29
29
30
30
30
30
30
31
31
31
31
31
32
32
32
32
32
32
32
32
32
33
33
33
33
32
32
32
32
32
32
32
31
31
31
31
30
30
29
29
29
29
29
28
28
28
28
28
27
26
26
26
26
25
25
25
25
25
24
24
24
24
24
24
24
24
24
24
24
24
23
23
23
23
23
23
23
23
23
23
23
23
23
23
23
23
23
23
23
23
23
23
23
23
23
23
23
22
22
22
22
22
22
22
22
22
21
21
21
21
21
21
21
21
21
21
21
21
21
21
21
20
20
20
20
21
21
21
21
21
1
1
1
1
1
1
1
1
1
1
1
1
1
1
1
1
1
1
1
1
1
1
1
1
1
1
1
1
1
1
1
1
1
1
1
1
1
1
1
1
1
1
1
1
1
1
1
1
1
1
1
1
1
1
1
1
1
1
1
1
1
1
1
1
1
1
1
1
1
1
1
1
1
1
1
1
1
1
1
1
1
1
1
1
1
1
1
1
1
1
1
1
1
1
1
1
1
1
1
1
1
1
1
1
1
1
1
1
1
1
1
1
1
1
1
1
1
1
1
1
1
1
1
1
1
1
1
1
1
1
1
1
1
1
1
1
1
1
1
1
1
1
1
1
1
1
1
1
1
1
1
1
1
1
1
1
1
1
1
1
1
1
1
1
1
1
1
1
1
1
1
1
1
1
1
1
1
1
1
1
1
1
1
1
1
1
1
1
1
1
1
1
1
1
1
1
1
1
1
1
1
1
1
1
1
1
1
1
1
1
1
1
1
1
1
1
1
1
1
1
1
1
1
1
1
1
1
1
1
1
1
1
1
1
1
1
1
1
1
1
1
1
1
1
1
1
1
1
1
1
