# Vetor de dados - syn_f003425-3-Pre--front--vetorcoluna.txt
# Total de elementos: 1024
# Formato: um valor por linha
#==================================================

1
1
1
1
1
1
1
1
1
1
1
1
1
1
1
1
1
1
1
1
1
1
1
1
1
1
1
1
1
1
1
1
1
1
1
1
1
1
1
1
1
1
1
1
1
1
1
1
1
1
1
1
1
1
1
1
1
1
1
1
1
1
1
1
1
1
1
1
1
1
1
1
1
1
1
1
1
1
1
1
1
1
1
1
1
1
1
1
1
1
1
1
1
1
1
1
1
1
1
1
1
1
1
1
1
1
1
1
1
1
1
1
1
1
1
1
1
1
1
1
1
1
1
1
1
1
1
1
1
1
1
1
1
1
1
1
1
1
1
1
1
1
1
1
1
1
1
1
1
1
1
1
1
1
1
1
1
1
1
1
1
1
1
1
1
1
1
1
1
1
1
1
1
1
1
1
1
1
1
1
1
1
1
1
1
1
1
1
1
1
1
1
1
1
1
1
1
1
1
1
1
1
1
1
1
1
1
1
1
1
1
1
1
1
1
1
1
1
1
1
1
1
1
1
1
1
1
1
1
1
1
1
1
1
1
1
1
1
1
1
1
1
1
1
1
1
1
1
1
1
1
1
16
17
17
18
18
18
18
18
18
18
18
19
18
18
18
18
18
18
18
20
20
20
20
20
19
21
21
21
21
21
21
21
20
21
21
21
21
22
22
21
21
21
21
21
21
21
21
20
20
20
20
20
20
20
20
21
21
22
22
22
22
22
23
23
23
23
24
24
24
24
25
25
25
25
25
26
26
27
27
28
28
28
28
28
28
29
29
29
29
29
29
29
30
30
31
31
30
30
30
30
30
30
30
30
30
30
30
30
30
30
30
30
30
30
30
29
28
28
28
28
28
28
27
27
27
26
26
25
25
25
25
25
25
26
26
26
26
26
25
25
26
26
26
26
27
27
27
27
27
28
28
28
28
28
29
28
28
28
28
28
28
28
28
29
29
29
29
29
29
30
30
30
30
30
31
31
31
32
33
33
33
35
35
36
37
38
39
40
42
44
48
54
56
57
59
60
61
63
64
66
68
69
71
72
74
75
76
77
79
276
278
281
283
285
289
389
393
397
402
406
410
479
479
478
478
480
481
481
481
481
481
481
483
483
485
486
487
487
560
486
482
479
475
472
468
414
410
401
387
381
377
371
363
355
349
344
338
332
327
318
310
310
320
326
331
336
340
343
347
350
354
359
364
405
464
468
472
476
481
485
560
558
482
481
480
480
478
476
477
477
477
478
477
476
475
476
475
475
474
404
399
394
390
385
288
284
282
279
276
274
79
77
76
75
74
72
71
70
68
66
63
60
58
57
56
55
54
52
49
46
43
41
39
37
36
36
35
33
33
32
32
31
30
30
30
30
30
29
29
29
29
29
29
29
28
28
28
28
28
28
27
27
27
27
27
27
28
28
27
27
27
27
27
27
27
27
27
27
27
27
27
27
27
27
27
27
27
27
27
27
27
27
27
27
28
28
28
28
28
28
29
30
30
30
30
30
30
31
31
31
31
31
31
31
31
31
31
31
31
31
31
31
31
31
31
30
30
30
30
30
30
30
29
29
29
29
28
28
28
28
27
27
26
26
26
26
26
25
25
24
24
24
23
23
23
23
23
22
22
22
22
22
21
21
21
21
21
21
21
21
20
20
20
20
20
20
20
20
20
20
18
18
19
20
19
19
20
21
19
20
20
21
21
19
19
20
20
20
20
20
18
18
18
18
18
18
19
19
20
20
19
19
19
19
19
19
19
18
18
16
12
12
12
12
12
12
12
12
12
12
12
1
1
1
1
1
1
1
1
1
1
1
1
1
1
1
1
1
1
1
1
1
1
1
1
1
1
1
1
1
1
1
1
1
1
1
1
1
1
1
1
1
1
1
1
1
1
1
1
1
1
1
1
1
1
1
1
1
1
1
1
1
1
1
1
1
1
1
1
1
1
1
1
1
1
1
1
1
1
1
1
1
1
1
1
1
1
1
1
1
1
1
1
1
1
1
1
1
1
1
1
1
1
1
1
1
1
1
1
1
1
1
1
1
1
1
1
1
1
1
1
1
1
1
1
1
1
1
1
1
1
1
1
1
1
1
1
1
1
1
1
1
1
1
1
1
1
1
1
1
1
1
1
1
1
1
1
1
1
1
1
1
1
1
1
1
1
1
1
1
1
1
1
1
1
1
1
1
1
1
1
1
1
1
1
1
1
1
1
1
1
1
1
1
1
1
1
1
1
1
1
1
1
1
1
1
1
1
1
1
1
1
1
1
1
1
1
1
1
1
1
1
1
1
1
1
1
1
1
1
1
1
1
1
1
1
1
1
1
1
1
1
