# Vetor de dados - syn_f002997-0-Pre--front--vetorcoluna.txt
# Total de elementos: 1024
# Formato: um valor por linha
#==================================================

1
1
1
1
1
1
1
1
1
1
1
1
1
1
1
1
1
1
1
1
1
1
1
1
1
1
1
1
1
1
1
1
1
1
1
1
1
1
1
1
1
1
1
1
1
1
1
1
1
1
1
1
1
1
1
1
1
1
1
1
1
1
1
1
1
1
1
1
1
1
1
1
1
1
1
1
1
1
1
1
1
1
1
1
1
1
1
1
1
1
1
1
1
1
1
1
1
1
1
1
1
1
1
1
1
1
1
1
1
1
1
1
1
1
1
1
1
1
1
1
1
1
1
1
1
1
1
1
1
1
1
1
1
1
1
1
1
1
1
1
1
1
1
1
1
1
1
1
1
1
1
1
1
1
1
1
1
1
1
1
1
1
1
1
1
1
1
1
1
1
1
1
1
1
1
1
1
1
1
1
1
1
1
1
1
1
1
1
1
1
1
1
1
1
1
1
1
1
1
1
8
8
8
8
8
8
9
9
9
8
8
8
9
9
9
9
9
9
12
12
12
12
12
16
18
18
19
19
19
21
21
21
20
20
21
21
20
19
19
21
20
20
19
21
21
21
21
22
22
22
23
22
22
22
23
22
22
23
22
22
22
21
20
19
20
20
19
19
19
19
20
20
20
20
20
20
20
20
20
20
20
20
20
20
22
22
22
22
22
22
22
22
23
23
23
24
24
24
25
25
25
25
26
26
26
27
27
28
28
28
28
29
29
29
30
31
31
31
31
31
32
32
32
32
32
32
34
34
34
34
34
35
35
35
35
35
35
35
36
36
36
37
37
37
37
37
37
37
37
37
37
37
37
37
37
37
37
35
35
35
35
35
35
35
35
34
34
34
34
34
33
33
33
33
33
33
33
33
32
32
32
33
33
33
33
33
33
33
33
33
33
33
33
34
34
34
34
34
34
34
34
35
35
35
35
35
36
36
36
36
36
37
37
37
37
38
38
37
38
38
38
39
39
39
40
41
41
41
42
43
43
43
44
45
46
47
47
48
51
52
53
55
57
58
59
60
62
63
64
65
66
67
68
70
71
72
71
300
304
309
315
320
327
420
425
431
437
443
447
451
531
530
530
529
531
532
532
532
531
530
531
532
533
534
535
535
536
535
534
532
528
509
455
531
527
524
520
516
512
465
461
458
454
451
445
437
427
408
401
395
389
383
378
370
362
357
366
373
379
383
388
393
401
422
435
443
447
452
455
459
510
514
518
521
524
529
534
542
613
532
534
534
533
533
532
532
531
531
529
530
530
530
529
529
529
528
528
528
527
526
448
444
440
435
429
423
418
413
316
310
304
299
294
290
76
72
69
67
66
64
63
61
60
59
58
57
56
54
53
51
49
48
46
45
45
44
42
42
41
41
41
39
39
39
39
38
37
37
37
37
37
36
36
35
35
35
35
35
34
34
34
34
34
34
34
34
34
34
34
34
34
34
34
34
34
34
34
34
34
35
35
35
35
35
35
35
35
35
35
36
36
36
36
36
36
37
37
37
37
37
38
38
38
38
39
39
39
39
39
39
39
40
40
40
40
40
41
41
41
41
41
41
41
41
41
41
41
41
41
41
41
41
41
41
41
41
41
41
41
41
41
41
41
41
41
41
41
40
40
40
40
40
40
40
40
40
40
39
39
39
39
39
39
39
39
38
38
38
38
38
38
38
38
38
38
38
38
38
1
1
1
1
1
1
1
1
1
1
1
1
1
1
1
1
1
1
1
1
1
1
1
1
1
1
1
1
1
1
1
1
1
1
1
36
1
35
1
1
1
1
1
1
1
1
1
1
1
1
1
1
1
34
34
33
33
33
33
33
1
1
1
1
1
1
1
1
1
1
1
1
1
1
1
1
1
1
1
1
1
1
1
1
1
1
1
1
1
1
1
1
1
1
1
1
1
1
1
1
1
1
1
1
1
1
1
1
1
1
1
1
1
1
1
1
1
1
1
1
1
1
1
1
1
1
1
1
1
1
1
1
1
1
1
1
1
1
1
1
1
1
1
1
1
1
1
1
1
1
1
1
1
1
1
1
1
1
1
1
1
1
1
1
1
1
1
1
1
1
1
1
1
1
1
1
1
1
1
1
1
1
1
1
1
1
1
1
1
1
1
1
1
1
1
1
1
1
1
1
1
1
1
1
1
1
1
1
1
1
1
1
1
1
1
1
1
1
1
1
1
1
1
1
1
1
1
1
1
1
1
1
1
1
1
1
1
1
1
1
1
1
1
1
1
1
1
1
1
1
1
1
1
1
1
1
1
1
1
1
1
1
1
1
1
1
1
1
1
1
1
1
1
1
1
1
1
1
1
1
1
1
1
1
1
1
