# Vetor de dados - syn_f001461-3-Pre--left--vetorlinha.txt
# Total de elementos: 768
# Formato: um valor por linha
#==================================================

1
1
1
1
1
1
1
1
1
1
1
1
1
1
1
1
1
1
1
1
1
1
1
1
1
1
1
1
1
1
1
1
1
1
1
1
1
1
1
1
1
1
1
1
1
1
1
1
1
1
1
1
1
1
1
1
1
1
1
1
1
1
1
1
1
1
1
1
1
1
1
1
1
1
1
1
1
1
1
1
1
1
1
1
1
1
1
1
1
1
1
1
1
1
1
1
1
1
1
1
1
1
1
1
1
1
1
1
1
1
1
1
1
1
12
23
31
35
40
44
47
50
52
55
57
59
61
62
64
67
67
69
69
71
71
73
73
73
75
75
75
75
77
77
77
77
77
77
78
77
77
77
77
78
78
77
78
79
79
79
80
80
81
81
81
81
81
81
80
78
76
74
72
71
71
70
70
69
68
67
67
67
66
64
64
64
65
65
64
64
64
64
63
62
60
57
53
50
50
49
48
48
48
48
47
47
47
47
47
48
49
50
50
50
51
52
52
53
55
59
66
87
162
171
178
183
189
195
201
208
212
217
222
227
231
238
244
252
258
264
276
282
296
297
297
297
296
296
293
290
281
280
278
204
197
191
183
175
163
86
86
86
87
87
87
87
87
88
88
88
88
88
88
87
87
86
87
87
87
86
86
86
85
85
85
85
83
83
82
81
81
80
79
78
77
77
77
77
77
77
76
76
76
76
75
75
75
74
74
73
72
72
72
71
71
71
71
71
70
70
71
71
71
71
72
72
72
72
72
72
73
72
72
72
72
73
73
73
73
73
73
74
74
74
75
75
75
76
76
78
78
79
80
80
81
82
83
83
84
86
86
87
89
89
90
90
92
92
93
95
95
96
96
96
97
98
98
98
99
99
99
99
99
100
100
100
101
100
100
100
101
101
101
101
101
101
101
100
100
100
98
98
98
97
97
96
96
95
94
93
93
92
91
91
89
88
87
85
85
85
84
84
85
84
84
84
83
83
82
82
82
82
81
80
80
79
78
78
78
77
77
76
77
77
77
76
76
76
76
76
76
76
76
76
76
76
77
77
77
77
77
76
77
77
77
77
77
77
76
77
77
77
77
77
76
76
75
75
75
74
74
74
74
74
73
73
73
73
73
72
71
71
71
71
70
70
69
69
68
68
67
67
66
66
65
65
65
63
63
62
62
62
61
60
60
59
59
59
58
58
58
57
57
57
56
56
56
56
56
56
56
56
55
55
55
56
56
56
57
57
57
58
58
59
58
58
58
58
58
57
58
57
58
57
57
57
57
56
57
56
57
56
56
56
56
55
55
55
55
55
54
54
55
55
55
55
55
55
55
55
55
55
55
55
55
56
56
56
55
55
56
56
56
56
56
56
56
56
56
56
56
56
55
55
55
54
54
54
53
53
53
53
53
53
51
51
51
51
50
49
49
49
48
48
47
47
46
46
46
44
44
44
43
43
43
41
41
41
40
40
40
39
38
38
38
38
37
37
37
37
36
36
36
36
37
36
36
37
38
39
39
40
42
43
45
48
50
52
54
57
59
61
65
68
70
73
76
78
79
81
82
84
86
87
87
87
86
87
55
57
60
63
66
70
73
75
77
80
83
86
89
90
91
91
90
89
85
83
70
60
53
47
41
37
31
1
1
1
1
1
1
1
1
1
1
1
1
1
1
1
1
1
1
1
1
1
1
1
1
1
1
1
1
1
1
1
1
1
1
1
1
1
1
1
1
1
1
1
1
1
1
1
1
1
1
1
1
1
