# Vetor de dados - syn_f002201-2-Pre--front--vetorlinha.txt
# Total de elementos: 768
# Formato: um valor por linha
#==================================================

1
1
1
1
1
1
1
1
1
1
1
1
1
1
1
1
1
1
1
1
1
1
1
1
1
1
1
1
1
1
1
1
1
1
1
1
1
1
1
1
1
1
1
1
1
1
1
1
1
1
1
1
1
1
1
1
1
1
1
1
1
1
1
1
1
1
1
1
1
1
1
1
1
1
1
1
1
1
1
1
1
1
1
1
1
1
1
1
1
1
1
1
1
1
1
1
1
1
1
1
1
1
1
1
1
1
1
1
1
1
1
1
1
1
1
1
1
1
1
1
1
18
25
28
32
36
38
41
43
45
47
49
49
51
53
53
55
55
57
57
58
59
59
60
61
61
61
61
61
61
62
61
61
61
61
61
61
61
61
61
65
69
69
69
69
69
68
67
67
67
66
65
65
64
63
62
60
59
59
56
52
52
52
51
50
50
50
49
48
47
46
45
44
42
42
42
42
42
42
42
42
41
41
40
40
40
40
40
41
42
44
48
52
54
58
70
89
102
117
125
131
139
148
156
165
173
182
196
227
246
265
308
357
370
380
389
397
404
412
420
429
440
451
471
478
484
491
498
506
514
522
533
545
560
577
585
594
594
594
593
591
567
345
142
142
140
139
138
137
135
135
133
133
131
129
127
125
124
122
120
120
118
117
117
117
115
115
114
113
113
111
111
109
109
108
107
107
106
106
105
105
104
103
102
102
102
100
100
98
97
97
95
95
95
95
95
94
94
94
94
94
94
94
94
94
94
92
92
92
92
92
91
91
90
89
88
88
87
86
86
86
86
85
85
85
85
85
85
85
85
87
87
87
88
89
90
91
92
93
94
95
97
99
99
101
103
104
105
107
108
109
110
111
112
112
114
114
116
116
118
118
118
119
120
120
120
120
122
122
122
122
122
122
122
123
124
124
124
124
124
126
126
126
126
126
127
128
128
128
129
130
130
130
131
132
132
132
133
134
134
134
134
134
135
135
136
136
136
136
137
137
137
137
137
137
137
137
137
137
137
136
135
135
135
135
135
135
135
135
135
135
135
134
134
134
134
134
134
134
134
133
132
132
132
132
132
132
130
130
130
130
130
128
128
128
128
128
127
126
126
126
126
126
125
124
124
123
122
122
122
120
120
120
119
118
118
117
116
116
116
115
114
114
114
112
112
112
112
110
110
110
110
109
108
108
108
107
107
107
107
107
106
106
105
105
105
105
105
105
105
105
105
105
105
104
104
104
104
104
104
104
105
105
106
106
106
107
107
107
107
109
109
109
109
109
111
111
111
111
111
112
113
113
113
113
113
114
114
115
115
115
115
115
115
115
115
115
115
115
115
115
115
115
115
115
115
115
115
115
115
115
114
114
114
114
114
113
113
112
112
112
111
111
111
111
110
110
109
109
108
108
108
107
106
106
106
105
105
104
104
104
103
102
102
102
102
100
100
100
100
100
98
98
98
98
96
96
96
96
95
94
94
94
94
93
92
92
92
92
92
92
92
91
91
90
91
91
92
92
92
92
92
92
92
92
92
93
93
93
93
93
93
93
95
95
95
95
97
97
98
99
99
101
101
103
103
104
105
106
106
107
108
108
108
108
109
108
108
107
107
105
104
102
101
101
98
95
42
1
1
1
1
1
1
1
1
1
1
1
1
1
1
1
1
1
1
1
1
1
1
1
1
1
1
1
1
1
1
1
1
1
1
1
1
1
1
1
1
1
1
1
1
1
1
1
1
1
1
1
1
1
1
1
1
1
1
1
1
