# Vetor de dados - syn_f002523-2-Pre--front--vetorlinha.txt
# Total de elementos: 768
# Formato: um valor por linha
#==================================================

1
1
1
1
1
1
1
1
1
1
1
1
1
1
1
1
1
1
1
1
1
1
1
1
1
1
1
1
1
1
1
1
1
1
1
1
1
1
1
1
1
1
1
1
1
1
1
1
1
1
1
1
1
1
1
1
1
1
1
1
1
1
1
1
1
1
1
1
1
1
1
1
1
1
1
1
1
1
1
1
1
1
1
1
1
1
1
1
1
1
1
1
1
1
1
1
1
1
1
1
1
1
1
1
1
1
1
1
1
1
1
1
1
1
1
1
1
1
1
1
1
1
1
1
1
1
1
1
1
16
22
26
31
35
38
40
42
44
46
48
48
50
51
52
53
55
55
56
57
57
58
59
59
60
60
60
60
60
60
60
60
60
60
60
59
59
62
66
68
68
68
67
67
66
66
65
65
64
64
63
62
60
60
58
58
53
52
51
51
51
50
50
49
48
48
47
45
44
43
42
43
43
43
43
43
43
42
42
43
44
46
49
53
56
59
62
67
71
252
297
317
327
338
354
395
404
412
418
422
428
468
475
470
469
474
479
482
486
489
493
495
444
445
444
442
441
439
438
437
437
435
429
406
407
415
410
405
399
392
387
381
356
356
355
157
154
151
149
147
147
145
144
143
142
140
139
138
136
135
133
131
129
127
125
125
123
122
122
120
120
119
118
117
117
115
115
114
113
112
111
110
109
108
107
107
107
105
105
103
102
101
100
100
99
99
99
99
98
98
98
97
97
97
97
96
95
95
95
94
94
94
93
93
92
92
92
91
91
91
91
90
90
90
90
89
89
89
89
89
90
91
91
93
93
95
95
96
97
97
98
99
99
101
101
103
103
105
106
107
109
109
111
112
113
114
115
116
117
118
119
119
120
121
121
122
123
123
124
124
124
124
125
125
126
126
126
127
127
127
128
128
128
128
128
128
129
130
130
130
132
132
132
133
134
134
134
135
136
136
136
136
136
137
138
138
138
138
139
140
140
140
140
140
140
140
140
140
140
140
140
140
140
140
140
140
140
140
140
140
139
139
139
139
139
139
139
139
138
138
138
137
137
137
136
135
135
135
135
135
133
133
133
133
133
131
131
131
131
130
130
129
129
128
128
128
127
126
126
126
125
124
124
123
123
122
122
121
121
120
119
119
118
118
117
116
116
115
114
114
114
112
112
112
111
110
110
109
109
109
109
109
109
109
109
107
107
107
107
109
108
107
107
107
107
107
107
107
107
107
107
107
107
108
109
109
110
110
110
112
112
112
112
114
114
114
114
116
116
116
116
118
118
118
118
119
120
120
120
120
120
120
120
121
122
122
122
122
122
122
122
122
122
121
121
121
120
120
120
120
120
119
119
119
119
118
117
117
117
117
117
115
115
115
115
114
113
113
113
112
111
111
110
110
109
109
108
108
107
106
106
105
104
104
103
103
102
102
101
100
100
99
98
98
97
96
96
96
94
94
94
94
94
93
93
92
92
92
92
93
93
93
94
94
94
94
94
94
94
95
95
95
95
95
95
95
97
97
98
98
99
100
100
102
103
104
105
106
107
108
109
109
110
111
112
112
112
112
112
111
111
110
110
109
108
105
104
101
96
93
46
44
43
1
1
1
1
1
1
1
1
1
1
1
1
1
1
1
1
1
1
1
1
1
1
1
1
1
1
1
1
1
1
1
1
1
1
1
1
1
1
1
1
1
1
1
1
1
1
1
1
1
1
1
1
1
1
1
1
1
1
1
1
1
1
1
1
1
1
