# Vetor de dados - syn_f000559-2-Pre--front--vetorcoluna.txt
# Total de elementos: 1024
# Formato: um valor por linha
#==================================================

1
1
1
1
1
1
1
1
1
1
1
1
1
1
1
1
1
1
1
1
1
1
1
1
1
1
1
1
1
1
1
1
1
1
1
1
1
1
1
1
1
1
1
1
1
1
1
1
1
1
1
1
1
1
1
1
1
1
1
1
1
1
1
1
1
1
1
1
1
1
1
1
1
1
1
1
1
1
1
1
1
1
1
1
1
1
1
1
1
1
1
1
1
1
1
1
1
1
1
1
1
1
1
1
1
1
1
1
1
1
1
1
1
1
1
1
1
1
1
1
1
1
1
1
1
1
1
1
1
1
1
1
1
1
1
1
1
1
1
1
1
1
1
1
1
1
1
1
1
1
1
1
1
1
1
1
1
1
1
1
1
1
1
1
1
1
1
1
1
1
1
1
1
1
1
1
1
1
1
1
1
1
1
1
1
1
1
1
1
1
1
1
1
1
1
1
1
1
1
1
1
1
1
1
1
1
1
1
1
1
1
1
1
1
1
1
1
1
1
1
1
1
1
1
1
1
1
1
1
1
1
1
1
1
1
1
22
22
22
22
22
22
22
22
23
23
23
23
23
23
23
23
23
24
24
24
24
24
24
25
25
25
25
26
26
26
26
26
27
27
27
28
28
28
29
29
29
30
30
30
30
30
30
30
30
30
30
30
30
30
31
31
31
31
31
31
31
31
31
31
31
31
31
31
32
32
32
32
32
32
32
33
33
33
33
33
33
34
34
34
34
34
35
36
36
36
36
36
37
37
37
37
37
37
38
38
38
38
38
38
38
38
38
38
38
39
38
38
38
38
38
38
39
39
39
39
39
39
38
38
38
38
38
39
39
39
38
38
38
38
38
38
39
39
39
39
39
39
40
40
40
40
40
41
41
41
41
42
42
42
42
42
42
42
43
43
43
43
43
43
43
43
43
44
45
45
45
45
44
44
44
44
45
45
45
45
45
45
45
45
45
45
45
45
45
45
46
46
46
46
46
46
47
47
47
47
46
48
50
53
55
58
61
63
66
272
276
281
285
289
294
298
304
312
390
394
397
400
404
408
411
415
419
500
500
500
500
501
502
502
503
503
502
502
502
505
506
507
508
508
510
510
509
507
498
486
481
436
428
423
490
486
481
477
472
465
440
435
432
429
427
425
424
422
420
417
415
407
384
376
372
375
382
392
402
414
418
421
424
425
427
429
432
435
437
441
445
468
477
486
491
496
501
505
509
518
559
564
581
585
586
514
513
512
512
511
509
509
507
507
508
508
508
508
506
505
506
507
507
504
503
419
415
411
407
403
399
395
392
388
300
292
288
283
277
272
268
72
68
65
63
61
59
57
52
49
44
46
46
46
46
46
45
45
45
45
45
45
44
44
44
44
44
44
44
44
45
44
44
44
44
44
45
45
45
45
44
44
44
44
44
44
44
44
44
43
42
42
42
42
42
42
42
42
42
41
41
41
40
40
40
40
40
40
39
39
39
39
39
39
39
39
39
39
39
39
39
39
39
39
39
40
40
40
40
40
40
40
40
40
40
40
39
39
39
39
39
39
38
38
38
39
39
39
39
39
39
38
38
38
38
38
38
38
37
37
37
36
36
36
36
35
35
35
35
35
33
33
33
33
32
32
32
31
30
30
30
30
29
28
28
28
28
28
26
26
26
25
25
25
25
24
23
23
23
22
22
22
22
22
21
20
20
20
21
21
21
20
21
21
21
22
22
21
22
22
21
22
22
21
21
21
21
20
20
20
20
19
19
19
20
20
19
19
20
21
21
19
20
20
20
20
20
20
18
18
16
10
10
10
10
10
9
9
9
9
9
9
8
8
8
8
8
8
8
8
8
8
8
1
1
1
1
1
1
1
1
1
1
1
1
1
1
1
1
1
1
1
1
1
1
1
1
1
1
1
1
1
1
1
1
1
1
1
1
1
1
1
1
1
1
1
1
1
1
1
1
1
1
1
1
1
1
1
1
1
1
1
1
1
1
1
1
1
1
1
1
1
1
1
1
1
1
1
1
1
1
1
1
1
1
1
1
1
1
1
1
1
1
1
1
1
1
1
1
1
1
1
1
1
1
1
1
1
1
1
1
1
1
1
1
1
1
1
1
1
1
1
1
1
1
1
1
1
1
1
1
1
1
1
1
1
1
1
1
1
1
1
1
1
1
1
1
1
1
1
1
1
1
1
1
1
1
1
1
1
1
1
1
1
1
1
1
1
1
1
1
1
1
1
1
1
1
1
1
1
1
1
1
1
1
1
1
1
1
1
1
1
1
1
1
1
1
1
1
1
1
1
1
1
1
1
1
1
1
1
1
1
1
1
1
1
1
1
