# Vetor de dados - syn_f003504-1-Pre--front--vetorcoluna.txt
# Total de elementos: 1024
# Formato: um valor por linha
#==================================================

1
1
1
1
1
1
1
1
1
1
1
1
1
1
1
1
1
1
1
1
1
1
1
1
1
1
1
1
1
1
1
1
1
1
1
1
1
1
1
1
1
1
1
1
1
1
1
1
1
1
1
1
1
1
1
1
1
1
1
1
1
1
1
1
1
1
1
1
1
1
1
1
1
1
1
1
1
1
1
1
1
1
1
1
1
1
1
1
1
1
1
1
1
1
1
1
1
1
1
1
1
1
1
1
1
1
1
1
1
1
1
1
1
1
1
1
1
1
1
1
1
1
1
1
1
1
1
1
1
1
1
1
1
1
1
1
1
1
1
1
1
1
1
1
1
1
1
1
1
1
1
1
1
1
1
1
1
1
1
1
1
1
1
1
1
1
1
1
1
1
1
1
1
1
1
1
1
1
1
1
1
1
1
1
1
1
1
1
1
1
1
1
1
1
1
1
1
1
1
1
1
1
1
1
1
1
1
1
1
1
1
1
1
1
1
1
1
1
1
1
1
1
1
1
1
1
1
1
1
1
1
1
1
1
1
1
1
1
1
1
1
1
1
1
1
1
1
1
1
1
1
28
29
30
30
30
30
30
30
29
29
29
28
28
28
28
28
28
27
28
28
27
27
27
27
27
26
26
26
25
25
24
24
23
22
22
22
22
21
21
21
21
21
21
21
21
21
21
21
21
21
21
21
22
22
22
22
22
22
22
22
22
22
22
22
22
22
22
22
23
24
24
24
24
24
24
24
25
25
26
26
26
26
26
27
27
27
27
27
27
27
28
29
29
29
29
29
30
30
30
30
30
30
30
31
31
31
31
31
31
31
31
31
31
31
30
30
30
29
29
29
29
29
28
28
28
28
28
28
28
27
27
27
27
27
27
27
27
27
27
27
27
27
27
27
27
28
28
28
28
28
28
29
29
29
30
30
30
30
30
30
30
30
31
31
31
31
31
32
32
32
32
33
33
33
33
34
34
34
34
36
36
36
36
37
38
38
38
38
39
40
41
41
42
43
45
47
48
50
51
52
54
55
56
58
60
61
64
67
253
257
259
261
264
266
270
274
278
282
364
370
375
381
386
389
457
456
456
457
458
458
458
457
456
455
456
458
459
460
460
461
460
469
465
461
457
453
448
441
401
397
393
390
385
374
359
347
337
331
327
321
314
306
298
306
314
320
325
329
333
338
344
356
368
382
388
391
394
439
446
451
456
463
467
470
472
461
461
461
462
461
460
460
460
460
460
461
460
461
461
460
459
457
388
384
380
374
369
363
291
283
277
273
270
266
263
260
60
59
57
56
55
54
52
51
50
48
47
46
45
43
42
41
41
40
39
38
38
37
36
36
36
34
34
34
33
33
33
32
31
31
31
31
30
30
30
30
30
30
29
29
28
28
28
28
28
28
28
28
28
27
27
27
26
26
26
26
26
26
26
26
26
26
26
26
26
26
26
26
26
27
27
27
27
27
27
29
29
29
29
29
29
30
30
30
30
30
30
30
30
30
31
31
31
31
31
31
31
31
31
31
30
30
30
30
30
30
30
30
30
29
29
29
28
28
28
27
27
27
27
27
26
26
26
26
25
25
24
24
24
24
23
23
23
23
23
22
22
21
21
21
21
21
21
21
21
21
21
21
21
21
21
21
21
21
21
21
21
21
20
21
21
21
21
21
22
23
23
24
25
25
25
26
26
26
26
27
27
27
27
27
27
27
27
27
27
28
28
28
28
29
29
29
30
30
30
30
30
30
29
29
27
22
22
22
22
22
22
22
1
1
1
1
1
1
1
1
1
1
1
1
1
1
1
1
1
1
1
1
1
1
1
1
1
1
1
1
1
1
1
1
1
1
1
1
1
1
1
1
1
1
1
1
1
1
1
1
1
1
1
1
1
1
1
1
1
1
1
1
1
1
1
1
1
1
1
1
1
1
1
1
1
1
1
1
1
1
1
1
1
1
1
1
1
1
1
1
1
1
1
1
1
1
1
1
1
1
1
1
1
1
1
1
1
1
1
1
1
1
1
1
1
1
1
1
1
1
1
1
1
1
1
1
1
1
1
1
1
1
1
1
1
1
1
1
1
1
1
1
1
1
1
1
1
1
1
1
1
1
1
1
1
1
1
1
1
1
1
1
1
1
1
1
1
1
1
1
1
1
1
1
1
1
1
1
1
1
1
1
1
1
1
1
1
1
1
1
1
1
1
1
1
1
1
1
1
1
1
1
1
1
1
1
1
1
1
1
1
1
1
1
1
1
1
1
1
1
1
1
1
1
1
1
1
1
1
1
1
1
1
1
1
1
1
1
1
1
1
1
1
1
1
1
1
