# Vetor de dados - syn_f004802-1-Pre--front--vetorlinha.txt
# Total de elementos: 768
# Formato: um valor por linha
#==================================================

1
1
1
1
1
1
1
1
1
1
1
1
1
1
1
1
1
1
1
1
1
1
1
1
1
1
1
1
1
1
1
1
1
1
1
1
1
1
1
1
1
1
1
1
1
1
1
1
1
1
1
1
1
1
1
1
1
1
1
1
1
1
1
1
1
1
1
1
1
1
1
1
1
1
1
1
1
1
1
1
1
1
1
1
1
1
1
1
1
1
1
1
1
1
1
1
1
1
1
1
1
1
1
1
1
1
1
1
1
1
1
1
1
1
1
1
1
1
1
1
1
1
1
16
23
27
31
34
38
40
42
44
46
48
49
50
52
53
54
55
57
57
58
59
59
60
61
62
62
62
62
62
62
62
62
62
62
62
62
62
62
62
62
68
70
71
71
71
71
70
70
70
69
69
68
67
67
66
65
64
62
62
61
56
54
53
53
52
52
51
51
50
50
48
47
47
46
46
46
46
46
46
46
46
45
45
46
46
47
48
50
56
64
71
126
132
139
198
208
219
302
350
362
377
402
413
421
430
439
452
467
479
492
506
523
527
529
533
537
540
543
538
537
552
555
555
554
553
488
483
456
452
448
443
437
428
338
327
310
282
244
187
154
151
148
147
147
145
145
143
143
142
141
140
139
138
138
136
136
135
135
134
134
134
133
133
133
132
132
132
132
132
131
130
130
130
130
130
130
130
129
128
128
128
127
127
126
126
124
124
122
122
121
121
121
121
121
121
122
123
123
123
122
121
121
121
121
121
121
121
121
121
120
120
120
121
121
121
122
122
122
122
124
124
124
125
125
125
125
124
125
125
125
125
125
125
125
127
127
128
130
130
132
133
135
136
138
140
140
142
142
144
144
145
146
147
147
148
148
148
148
148
149
149
150
150
150
149
149
149
149
148
148
148
148
147
147
146
146
146
146
146
146
146
146
147
147
147
147
147
147
147
149
149
149
149
149
150
150
150
150
150
150
152
152
152
152
152
152
152
152
152
152
152
152
152
152
152
152
152
151
151
150
150
149
149
149
148
148
147
147
147
147
147
146
145
145
145
145
143
143
143
143
143
141
141
141
141
141
140
139
139
139
139
138
137
137
137
137
136
135
135
135
134
134
134
132
132
132
132
132
132
130
130
130
130
130
129
129
128
128
127
126
125
124
124
123
122
121
121
121
120
119
119
119
118
117
117
117
116
116
116
115
115
115
115
114
114
114
114
114
114
113
113
113
113
113
113
113
113
113
113
113
113
113
113
113
113
113
112
112
112
112
112
113
113
114
114
114
114
114
115
116
116
116
116
116
117
118
118
118
118
118
118
118
118
118
118
118
118
118
118
118
118
118
117
116
116
116
116
116
115
115
115
114
114
113
113
113
112
112
111
111
111
110
109
109
109
109
107
107
107
107
105
105
105
105
104
104
103
103
103
102
102
101
101
100
100
99
99
99
98
97
97
97
97
97
96
95
95
95
95
95
95
95
95
95
95
95
95
95
96
97
97
98
99
99
99
100
100
99
99
99
99
99
99
99
98
98
99
99
100
101
101
102
103
104
105
106
107
108
110
111
112
113
115
116
117
118
119
120
120
120
118
118
117
115
113
110
109
108
107
102
97
45
1
1
1
1
1
1
1
1
1
1
1
1
1
1
1
1
1
1
1
1
1
1
1
1
1
1
1
1
1
1
1
1
1
1
1
1
1
1
1
1
1
1
1
1
1
1
1
1
1
1
1
1
1
1
1
1
1
1
1
1
1
1
1
