# Vetor de dados - syn_f003472-2-Pre--front--vetorlinha.txt
# Total de elementos: 768
# Formato: um valor por linha
#==================================================

1
1
1
1
1
1
1
1
1
1
1
1
1
1
1
1
1
1
1
1
1
1
1
1
1
1
1
1
1
1
1
1
1
1
1
1
1
1
1
1
1
1
1
1
1
1
1
1
1
1
1
1
1
1
1
1
1
1
1
1
1
1
1
1
1
1
1
1
1
1
1
1
1
1
1
1
1
1
1
1
1
1
1
1
1
1
1
1
1
1
1
1
1
1
1
1
1
1
1
1
1
1
1
1
1
1
1
1
1
1
1
1
1
1
1
1
1
1
1
1
16
23
27
32
36
38
40
42
44
46
48
49
51
51
53
55
55
57
57
59
59
59
61
61
61
61
61
62
63
63
63
63
63
62
61
61
61
61
61
64
68
69
69
69
69
69
69
68
67
67
66
65
65
65
63
61
61
59
58
52
51
51
51
50
49
49
49
47
47
45
45
43
43
43
43
43
43
43
42
42
42
42
42
42
43
43
45
47
50
53
57
60
64
72
76
123
134
144
155
257
276
288
302
317
337
400
413
423
433
443
454
466
479
491
512
534
538
541
544
548
551
555
554
545
554
570
571
571
569
493
487
480
455
447
436
399
392
292
253
184
158
155
153
150
149
149
147
147
146
145
144
144
142
141
141
139
138
137
136
134
134
133
132
132
130
130
129
128
128
127
126
126
124
124
123
122
122
120
120
119
118
118
116
116
114
114
112
112
112
112
112
113
112
112
112
112
110
110
110
109
108
108
108
106
106
106
106
105
105
105
105
105
106
106
107
107
108
108
110
110
111
112
112
113
113
113
113
114
114
114
114
114
114
114
115
115
116
116
117
118
118
119
120
121
123
124
125
127
128
129
130
130
132
132
133
134
134
135
136
136
137
137
137
138
138
138
138
139
139
139
139
139
139
139
139
139
139
139
139
139
139
139
139
139
139
139
140
140
140
140
140
141
141
141
142
142
143
143
143
144
144
144
144
145
145
145
145
146
146
146
146
147
147
147
147
147
147
147
147
147
147
147
147
147
146
146
146
146
146
146
146
146
146
146
146
146
146
146
144
144
144
144
144
144
144
142
142
142
142
141
140
140
139
139
139
138
137
137
136
136
136
135
134
134
134
132
132
132
131
130
130
130
128
128
128
126
126
126
124
124
123
122
122
122
121
121
120
120
120
119
119
118
118
118
117
117
116
116
116
116
116
116
116
116
116
115
114
114
114
114
114
114
114
114
112
112
112
112
112
112
112
112
112
112
112
112
112
113
113
114
114
114
115
116
116
116
117
117
118
118
118
119
120
120
120
120
120
121
122
122
122
122
122
122
122
122
122
122
122
122
124
123
122
122
122
122
122
122
122
122
121
121
120
120
120
119
118
118
118
118
117
116
116
116
116
114
114
114
113
112
112
112
110
110
110
109
108
108
108
107
106
106
106
105
104
104
104
103
102
102
102
101
100
100
100
100
99
98
98
98
97
96
96
96
96
95
95
95
94
95
94
94
94
94
94
94
95
96
96
96
96
97
97
97
97
97
97
97
97
97
97
97
99
99
99
100
101
102
103
104
105
106
107
109
110
112
113
114
115
117
118
119
120
121
121
121
121
121
120
121
121
119
117
114
111
110
108
101
45
1
1
1
1
1
1
1
1
1
1
1
1
1
1
1
1
1
1
1
1
1
1
1
1
1
1
1
1
1
1
1
1
1
1
1
1
1
1
1
1
1
1
1
1
1
1
1
1
1
1
1
1
1
1
1
1
1
1
1
