# Vetor de dados - syn_f000784-3-Pre--front--vetorcoluna.txt
# Total de elementos: 1024
# Formato: um valor por linha
#==================================================

1
1
1
1
1
1
1
1
1
1
1
1
1
1
1
1
1
1
1
1
1
1
1
1
1
1
1
1
1
1
1
1
1
1
1
1
1
1
1
1
1
1
1
1
1
1
1
1
1
1
1
1
1
1
1
1
1
1
1
1
1
1
1
1
1
1
1
1
1
1
1
1
1
1
1
1
1
1
1
1
1
1
1
1
1
1
1
1
1
1
1
1
1
1
1
1
1
1
1
1
1
1
1
1
1
1
1
1
1
1
1
1
1
1
1
1
1
1
1
1
1
1
1
1
1
1
1
1
1
1
1
1
1
1
1
1
1
1
1
1
1
1
1
1
1
1
1
1
1
1
1
1
1
1
1
1
1
1
1
1
1
1
1
1
1
1
1
1
1
1
1
1
1
1
1
1
1
1
1
1
1
1
1
1
1
1
1
1
1
1
1
1
1
1
1
1
1
1
1
1
1
1
1
1
1
1
1
1
1
1
1
1
1
1
1
1
1
1
1
8
8
8
8
8
8
8
8
8
8
9
9
9
9
9
9
9
9
9
9
10
16
17
18
18
18
18
18
18
20
19
19
19
18
18
18
18
19
18
18
18
19
20
20
20
20
19
21
21
20
20
21
21
20
19
19
20
19
18
18
18
18
20
20
20
20
20
21
21
22
22
22
22
23
23
23
23
24
25
25
25
25
26
27
27
27
28
28
28
28
29
30
30
30
30
30
31
31
31
31
32
32
33
33
33
33
33
34
34
34
35
35
35
35
35
35
35
35
35
35
35
35
35
35
35
36
36
36
35
35
36
36
36
36
36
36
35
36
35
35
35
35
35
34
34
34
34
33
33
32
32
32
32
32
32
32
32
32
32
32
32
32
32
32
32
32
32
33
33
34
34
34
34
34
34
34
34
34
35
36
36
36
36
36
36
36
36
36
36
36
36
36
36
36
36
36
36
36
36
36
36
37
37
37
37
37
37
37
38
38
38
38
38
40
40
40
41
41
42
42
43
45
45
57
60
62
64
65
67
68
70
72
73
75
76
79
80
77
282
284
286
288
291
295
396
400
403
407
410
414
417
422
490
491
492
491
492
493
494
493
493
493
492
495
495
497
497
498
498
499
576
576
498
495
493
490
486
482
478
438
434
430
425
421
413
402
393
382
374
368
363
359
354
346
351
356
360
363
368
372
379
386
393
403
417
422
427
431
436
478
482
485
489
493
499
502
505
495
497
498
499
498
498
497
496
495
494
494
495
494
494
494
492
492
492
491
420
415
410
407
403
400
396
394
294
290
286
283
281
279
276
86
84
82
80
79
77
75
73
71
69
66
64
62
60
58
55
51
48
46
44
43
42
41
40
39
39
38
38
37
37
36
36
36
35
35
35
35
35
35
34
35
35
35
35
35
35
35
35
35
34
34
34
34
34
34
34
34
34
34
33
32
32
32
32
32
32
32
32
32
32
31
31
31
31
31
31
30
30
30
30
30
31
31
31
31
31
31
31
31
31
31
31
31
33
33
33
33
33
34
34
34
34
34
34
34
35
35
35
35
35
35
35
35
35
35
35
35
35
35
34
34
34
34
34
34
34
34
34
34
34
32
32
32
32
32
32
32
32
31
31
30
30
30
30
29
28
28
28
28
28
26
26
26
26
25
25
24
24
23
23
23
23
22
22
21
21
20
20
20
20
20
19
19
19
19
17
18
18
18
18
18
19
20
20
19
19
20
20
19
19
19
19
20
20
18
18
18
18
18
18
18
19
18
18
18
19
19
20
20
20
20
20
20
19
18
17
12
12
12
12
12
12
12
12
12
12
12
12
12
12
12
1
1
1
1
1
1
1
1
1
1
1
1
1
1
1
1
1
1
1
1
1
1
1
1
1
1
1
1
1
1
1
1
1
1
1
1
1
1
1
1
1
1
1
1
1
1
1
1
1
1
1
1
1
1
1
1
1
1
1
1
1
1
1
1
1
1
1
1
1
1
1
1
1
1
1
1
1
1
1
1
1
1
1
1
1
1
1
1
1
1
1
1
1
1
1
1
1
1
1
1
1
1
1
1
1
1
1
1
1
1
1
1
1
1
1
1
1
1
1
1
1
1
1
1
1
1
1
1
1
1
1
1
1
1
1
1
1
1
1
1
1
1
1
1
1
1
1
1
1
1
1
1
1
1
1
1
1
1
1
1
1
1
1
1
1
1
1
1
1
1
1
1
1
1
1
1
1
1
1
1
1
1
1
1
1
1
1
1
1
1
1
1
1
1
1
1
1
1
1
1
1
1
1
1
1
1
1
1
1
1
1
1
1
1
1
1
1
1
1
1
1
1
1
