# Vetor de dados - syn_f001053-2-Pre--left--vetorlinha.txt
# Total de elementos: 768
# Formato: um valor por linha
#==================================================

1
1
1
1
1
1
1
1
1
1
1
1
1
1
1
1
1
1
1
1
1
1
1
1
1
1
1
1
1
1
1
1
1
1
1
1
1
1
1
1
1
1
1
1
1
1
1
1
1
1
1
1
1
1
1
1
1
1
1
1
1
1
1
1
1
1
1
1
1
1
1
1
1
1
1
1
1
1
1
1
1
1
1
1
1
1
1
1
1
1
1
1
1
1
1
1
1
1
1
1
1
1
1
1
1
1
1
1
1
1
1
1
1
1
1
1
1
1
1
1
1
1
1
1
1
1
1
1
1
1
1
1
1
1
1
1
1
1
1
1
1
1
1
1
1
1
16
25
32
37
41
45
48
50
53
55
57
59
61
63
65
66
67
67
69
70
71
71
73
73
73
73
74
75
75
75
75
76
76
76
76
77
77
77
77
78
79
79
80
81
82
82
83
83
83
82
81
80
78
76
74
72
72
71
70
69
69
68
66
66
66
66
66
66
65
64
64
64
64
64
64
64
64
63
62
61
59
54
50
49
48
47
47
48
49
48
49
49
50
51
51
52
52
54
58
63
69
77
85
91
97
101
106
111
145
150
155
160
164
169
173
177
182
186
191
196
200
203
207
210
213
216
219
223
227
233
236
240
246
252
256
261
267
272
272
273
272
271
268
265
101
96
97
97
97
97
97
97
97
97
97
96
96
96
96
96
96
96
96
94
94
94
93
92
92
90
89
88
87
86
87
86
87
86
87
86
86
86
85
85
85
85
85
84
85
84
84
83
83
84
83
83
82
81
80
80
80
80
79
78
78
78
78
77
77
77
77
77
76
76
78
78
78
78
79
79
81
82
82
84
84
86
87
87
89
90
91
92
93
94
95
95
96
97
98
99
99
99
100
100
101
101
102
102
102
102
102
102
102
102
102
102
102
102
102
103
103
102
102
102
102
102
102
101
101
101
101
99
99
99
99
98
98
97
96
96
95
94
93
93
92
92
92
92
91
90
90
90
90
89
88
87
87
86
86
85
84
84
83
83
83
82
82
82
81
81
81
81
81
81
81
81
80
80
79
79
79
79
79
79
79
79
78
78
78
78
78
78
78
77
76
76
76
76
76
75
75
75
74
74
74
73
73
73
72
72
72
71
71
71
71
70
69
69
69
69
68
68
68
67
67
67
66
65
65
64
64
63
63
63
62
62
61
61
60
59
59
58
58
58
57
57
57
57
57
57
57
57
58
57
56
57
56
57
56
56
56
56
55
55
55
55
55
54
55
54
54
53
53
53
53
52
52
52
53
52
52
52
52
52
52
52
52
52
52
52
52
51
51
51
52
52
52
52
52
51
52
52
52
52
52
51
51
51
51
51
50
50
50
49
49
48
48
48
48
46
46
46
46
46
44
44
44
44
42
42
42
41
41
40
40
39
39
39
39
39
37
37
37
37
37
37
37
38
38
39
39
39
40
42
43
44
45
47
49
52
59
64
66
67
67
69
70
72
74
76
78
79
79
79
78
79
49
52
55
59
63
67
69
71
74
77
80
82
82
81
79
77
76
74
66
57
49
42
35
32
1
1
1
1
1
1
1
1
1
1
1
1
1
1
1
1
1
1
1
1
1
1
1
1
1
1
1
1
1
1
1
1
1
1
1
1
1
1
1
1
1
1
1
1
1
1
1
1
1
1
1
1
1
1
1
1
1
1
1
1
1
1
1
1
1
1
1
1
1
1
1
1
1
1
1
1
1
1
1
1
1
1
