# Vetor de dados - syn_f002454-1-Pre--front--vetorlinha.txt
# Total de elementos: 768
# Formato: um valor por linha
#==================================================

1
1
1
1
1
1
1
1
1
1
1
1
1
1
1
1
1
1
1
1
1
1
1
1
1
1
1
1
1
1
1
1
1
1
1
1
1
1
1
1
1
1
1
1
1
1
1
1
1
1
1
1
1
1
1
1
1
1
1
1
1
1
1
1
1
1
1
1
1
1
1
1
1
1
1
1
1
1
1
1
1
1
1
1
1
1
1
1
1
1
1
1
1
1
1
1
1
1
1
1
1
1
1
1
1
1
1
1
1
1
1
1
1
1
1
1
1
1
1
1
1
1
1
1
1
1
1
1
1
8
21
26
30
34
37
40
42
44
46
48
50
52
52
54
55
56
58
59
60
61
61
62
63
64
65
65
65
65
66
66
66
66
66
66
66
66
66
65
65
65
66
71
74
75
75
75
75
75
75
74
74
73
73
72
72
71
71
69
68
67
67
66
62
59
57
57
57
56
55
55
55
53
53
52
52
52
52
51
51
51
51
51
51
52
51
51
51
51
51
51
54
59
64
67
71
75
79
234
247
272
301
312
320
328
340
353
395
455
461
465
468
471
473
472
463
462
467
477
482
486
488
491
492
439
439
439
439
440
441
443
447
449
451
455
448
441
436
428
419
412
384
380
375
370
338
253
224
214
204
196
150
148
147
147
145
145
144
143
142
141
140
140
139
138
138
138
137
136
136
136
136
136
136
136
135
135
135
135
135
134
133
133
132
132
132
130
130
130
129
128
128
126
125
124
124
124
124
123
123
123
123
123
122
122
122
122
121
121
121
121
121
120
119
119
119
120
119
120
120
120
120
120
120
120
120
119
119
119
119
119
119
119
118
118
118
118
117
117
118
118
118
119
121
122
124
126
128
130
131
133
134
136
137
138
139
140
140
141
142
142
142
143
144
144
144
144
144
144
144
144
145
144
144
144
144
144
144
144
144
143
143
143
143
143
143
143
143
143
143
144
144
144
145
145
146
146
147
147
148
148
148
149
150
150
150
152
152
152
153
153
153
154
154
155
155
155
155
156
157
157
157
157
157
157
157
157
156
156
156
156
156
156
155
155
155
155
155
155
154
153
153
153
153
152
151
151
151
151
150
149
149
147
147
147
146
145
145
144
143
143
141
141
141
139
139
138
137
137
135
135
135
133
133
131
131
131
129
129
128
127
127
126
126
124
124
124
123
122
122
122
122
120
120
120
119
118
118
118
118
117
117
116
116
116
115
115
114
114
114
112
112
112
112
111
110
110
109
108
108
108
108
109
109
109
110
110
111
111
112
113
113
113
113
115
115
115
115
116
117
117
117
117
118
118
118
119
119
119
120
120
120
120
120
120
120
120
120
120
119
119
119
119
119
118
118
118
118
117
116
116
116
116
116
115
114
114
114
113
113
112
112
111
111
110
110
109
109
108
108
107
106
106
106
105
104
104
103
103
101
101
101
99
99
99
99
98
98
97
96
96
96
96
96
96
96
96
96
96
96
98
98
98
98
98
98
98
98
98
99
99
100
100
100
101
102
102
103
105
106
107
109
110
111
112
113
114
116
116
118
119
119
120
120
120
120
120
119
119
118
115
112
112
110
106
103
101
46
1
1
1
1
1
1
1
1
1
1
1
1
1
1
1
1
1
1
1
1
1
1
1
1
1
1
1
1
1
1
1
1
1
1
1
1
1
1
1
1
1
1
1
1
1
1
1
1
1
1
1
1
1
1
1
1
1
1
1
1
1
1
1
1
1
1
1
1
1
1
1
