# Vetor de dados - syn_f002399-2-Pre--left--vetorlinha.txt
# Total de elementos: 768
# Formato: um valor por linha
#==================================================

1
1
1
1
1
1
1
1
1
1
1
1
1
1
1
1
1
1
1
1
1
1
1
1
1
1
1
1
1
1
1
1
1
1
1
1
1
1
1
1
1
1
1
1
1
1
1
1
1
1
1
1
1
1
1
1
1
1
1
1
1
1
1
1
1
1
1
1
1
1
1
1
1
1
1
1
1
1
1
1
1
1
1
1
1
1
1
1
1
1
1
1
1
1
1
8
23
31
37
41
46
50
53
55
58
60
62
64
66
68
70
71
73
74
76
76
77
79
79
80
80
82
82
83
83
84
84
84
84
84
84
84
85
85
85
85
85
86
86
87
87
88
88
89
89
90
91
90
90
90
90
88
87
84
82
80
79
78
77
77
75
74
75
74
73
72
71
71
71
71
71
70
71
71
71
71
70
69
68
68
67
65
64
62
61
59
57
55
55
54
54
54
54
54
54
54
54
54
54
54
55
55
56
56
56
56
57
58
58
59
61
66
70
74
79
83
89
95
103
109
116
125
164
169
174
179
186
190
195
199
204
209
214
219
225
232
237
243
246
249
252
255
258
262
266
271
276
279
282
287
294
299
303
308
318
320
320
321
319
319
316
312
301
106
107
107
107
107
107
107
107
108
108
108
108
107
107
107
107
107
107
107
106
106
106
106
106
106
105
104
104
104
104
103
103
102
101
101
100
99
98
98
99
98
99
99
98
99
99
99
98
98
99
98
98
98
98
98
98
98
98
98
98
98
99
98
98
98
99
99
98
98
98
98
97
97
97
97
96
96
96
96
96
95
95
95
95
95
95
96
96
96
97
97
97
99
99
99
100
101
101
102
102
104
104
105
107
107
108
109
110
111
111
112
113
114
114
115
115
115
116
116
117
117
117
117
118
118
119
119
119
119
120
119
119
119
120
120
120
120
120
119
120
120
120
120
120
119
119
119
119
119
118
118
118
118
117
116
115
115
115
114
114
113
112
111
110
109
108
106
105
103
102
102
101
100
100
100
99
98
98
97
96
95
94
93
92
92
91
90
89
89
88
88
87
87
86
86
85
85
85
85
85
85
85
85
85
85
84
84
84
84
84
84
84
83
83
83
83
83
82
82
82
82
82
81
81
81
81
81
80
80
80
80
79
79
79
79
79
77
77
77
76
76
76
76
75
74
74
74
73
73
73
71
71
71
70
70
69
68
68
68
67
66
65
65
65
64
63
62
62
61
61
60
60
59
58
58
58
57
57
57
57
56
56
56
56
56
56
56
56
57
57
58
58
59
59
60
59
60
59
59
59
59
59
59
59
59
58
58
58
58
58
57
58
57
56
57
56
56
55
54
55
54
53
53
53
53
53
53
52
52
52
52
52
52
52
52
51
51
51
52
52
51
51
51
52
52
52
51
51
51
52
52
51
51
51
51
51
51
50
50
50
50
49
49
48
48
48
48
48
47
46
46
46
46
45
45
44
44
44
44
42
42
42
42
42
41
41
41
41
40
40
40
40
40
40
39
40
40
40
40
41
40
40
40
41
41
41
41
42
43
44
45
47
48
49
51
53
56
59
61
63
65
68
72
76
77
78
80
81
83
84
85
86
86
88
88
89
89
89
88
88
52
55
57
60
62
64
67
69
71
74
76
79
81
84
86
87
88
89
89
89
87
85
82
74
65
60
55
52
48
46
43
41
1
1
1
1
1
1
1
1
1
1
1
1
1
1
1
1
1
1
1
1
1
1
1
1
1
1
1
1
1
1
1
1
1
