# Vetor de dados - syn_f002310-2-Pre--front--vetorlinha.txt
# Total de elementos: 768
# Formato: um valor por linha
#==================================================

1
1
1
1
1
1
1
1
1
1
1
1
1
1
1
1
1
1
1
1
1
1
1
1
1
1
1
1
1
1
1
1
1
1
1
1
1
1
1
1
1
1
1
1
1
1
1
1
1
1
1
1
1
1
1
1
1
1
1
1
1
1
1
1
1
1
1
1
1
1
1
1
1
1
1
1
1
1
1
1
1
1
1
1
1
1
1
1
1
1
1
1
1
1
1
1
1
1
1
1
1
1
1
1
1
1
1
1
1
1
1
1
1
1
1
1
1
1
1
1
1
1
1
1
1
1
1
1
1
1
1
1
9
21
26
30
34
38
40
42
44
46
48
49
50
51
53
54
55
56
57
57
59
59
59
60
61
61
61
61
61
61
61
61
61
61
61
61
60
63
67
68
68
68
68
68
68
67
66
66
66
64
64
64
62
61
60
60
58
53
53
52
52
52
51
50
50
49
48
47
46
45
44
44
44
44
45
44
44
45
45
45
45
46
47
51
54
59
63
67
119
130
215
224
271
281
295
387
400
409
417
425
437
449
461
486
511
514
517
520
523
528
533
532
528
534
549
549
549
549
548
481
474
448
436
430
421
414
398
389
299
280
258
201
193
185
158
150
145
143
141
139
138
138
137
136
135
133
133
131
131
129
129
128
128
126
126
126
125
125
125
124
124
124
124
123
122
122
122
122
121
120
120
119
119
117
116
115
113
111
111
111
110
110
108
108
108
108
108
108
107
106
106
106
106
106
106
106
106
106
106
106
106
105
105
105
105
103
103
102
102
101
100
100
100
101
102
105
107
109
111
114
116
118
120
121
123
125
126
127
129
130
131
132
134
135
136
137
138
139
140
140
141
141
143
143
143
144
144
144
144
144
144
144
144
144
144
144
144
143
143
142
142
142
142
142
142
143
143
143
143
143
144
144
144
145
145
145
145
147
147
147
148
148
148
149
150
150
150
150
151
151
151
151
152
152
153
153
153
153
153
153
154
153
153
153
153
153
153
153
153
153
153
153
153
152
152
151
151
151
151
151
151
151
150
149
149
149
149
148
148
148
147
147
146
146
145
145
145
144
144
144
143
143
142
141
141
139
139
137
136
136
135
134
133
133
133
131
131
131
130
129
129
128
127
127
126
125
125
124
123
123
122
121
121
121
120
119
119
119
118
117
117
117
116
115
115
115
114
113
113
113
113
112
112
112
112
111
111
111
111
111
110
110
110
109
109
109
108
108
108
108
108
109
109
109
109
109
110
110
110
110
111
111
112
112
112
112
113
114
114
114
114
114
115
116
116
116
116
116
116
116
116
116
116
116
116
116
116
116
116
116
116
116
116
116
116
116
115
115
114
114
114
114
113
113
113
112
112
112
111
111
110
110
109
109
108
108
108
107
106
106
105
105
104
104
103
103
102
102
101
101
100
100
99
99
98
98
97
97
97
96
96
95
95
95
94
94
93
93
93
92
92
92
92
91
91
92
92
93
93
93
95
95
95
95
95
95
95
95
95
96
97
97
98
98
99
100
100
101
102
103
105
105
107
108
109
110
110
112
112
113
114
114
114
114
114
113
113
112
111
109
107
106
104
103
99
96
45
41
1
1
1
1
1
1
1
1
1
1
1
1
1
1
1
1
1
1
1
1
1
1
1
1
1
1
1
1
1
1
1
1
1
1
1
1
1
1
1
1
1
1
1
1
1
1
1
1
1
1
1
1
1
1
1
1
1
1
1
1
1
1
1
1
1
1
1
1
