# Vetor de dados - syn_f004644-3-Pre--front--vetorlinha.txt
# Total de elementos: 768
# Formato: um valor por linha
#==================================================

1
1
1
1
1
1
1
1
1
1
1
1
1
1
1
1
1
1
1
1
1
1
1
1
1
1
1
1
1
1
1
1
1
1
1
1
1
1
1
1
1
1
1
1
1
1
1
1
1
1
1
1
1
1
1
1
1
1
1
1
1
1
1
1
1
1
1
1
1
1
1
1
1
1
1
1
1
1
1
1
1
1
1
1
1
1
1
1
1
1
1
1
1
1
1
1
1
1
1
1
1
1
1
1
1
1
1
1
1
1
1
1
1
1
1
1
1
1
1
1
1
1
1
1
1
1
1
1
1
1
1
1
1
1
1
1
1
1
1
1
5
18
24
29
33
36
40
42
44
46
48
50
50
52
54
54
56
57
58
59
60
60
61
62
62
62
62
63
64
64
64
63
63
63
63
63
62
62
62
65
70
71
71
71
71
71
71
70
69
69
68
68
67
67
66
64
63
63
62
58
55
55
54
54
54
54
53
52
52
51
51
49
47
47
45
44
43
43
44
44
44
44
45
46
48
222
234
242
249
258
306
311
443
449
459
467
471
468
464
461
465
470
474
480
486
494
517
468
466
463
460
455
451
446
426
416
414
410
404
394
388
318
309
300
291
282
272
253
237
229
219
209
199
175
164
144
139
136
135
135
135
135
135
135
135
134
134
134
134
134
134
134
134
134
133
133
133
132
132
130
129
128
127
125
125
123
122
121
119
119
117
116
115
113
112
110
108
108
108
106
106
106
106
106
106
106
106
106
105
105
104
104
103
103
103
102
102
102
102
102
102
102
102
102
102
101
101
101
100
99
99
99
99
99
98
99
99
101
102
103
105
107
108
110
111
113
115
116
118
118
120
120
122
124
124
125
126
126
128
128
130
130
131
132
132
133
133
134
134
134
134
134
134
134
134
134
134
134
133
133
132
132
132
132
132
132
132
133
133
133
133
133
134
134
134
135
135
136
136
136
136
137
138
138
138
138
139
139
140
140
140
140
140
140
141
142
142
142
142
142
142
142
142
142
142
142
142
142
142
142
142
142
142
142
142
142
141
141
141
141
141
140
140
140
139
139
139
138
138
138
138
136
136
136
136
134
134
134
132
132
132
130
130
130
128
128
128
126
126
124
124
124
122
122
121
120
120
118
118
118
116
116
116
114
114
113
112
112
111
110
110
110
109
109
107
107
107
107
106
106
106
106
106
106
106
106
106
106
106
105
105
105
104
104
104
104
105
105
106
106
107
107
107
109
109
111
111
111
113
113
113
115
115
115
116
117
117
117
118
119
119
119
119
119
119
120
121
121
121
121
121
120
120
120
120
119
119
119
119
119
119
118
118
117
117
116
116
115
115
114
114
113
112
112
111
110
110
109
108
108
108
106
106
106
104
104
104
103
102
102
102
101
100
100
100
99
98
98
98
98
97
96
96
96
96
95
94
94
94
94
93
92
92
92
92
92
92
91
91
90
92
92
92
93
93
93
93
93
93
93
93
93
93
93
93
94
94
94
94
96
96
96
98
98
100
102
103
104
106
107
108
108
110
110
112
112
113
113
113
113
112
112
112
111
108
105
103
101
92
1
1
1
1
1
1
1
1
1
1
1
1
1
1
1
1
1
1
1
1
1
1
1
1
1
1
1
1
1
1
1
1
1
1
1
1
1
1
1
1
1
1
1
1
1
1
1
1
1
1
1
1
1
1
1
1
1
1
1
1
1
1
1
1
1
1
1
1
1
1
1
1
1
1
1
1
1
1
1
