# Vetor de dados - syn_f001215-3-Pre--front--vetorlinha.txt
# Total de elementos: 768
# Formato: um valor por linha
#==================================================

1
1
1
1
1
1
1
1
1
1
1
1
1
1
1
1
1
1
1
1
1
1
1
1
1
1
1
1
1
1
1
1
1
1
1
1
1
1
1
1
1
1
1
1
1
1
1
1
1
1
1
1
1
1
1
1
1
1
1
1
1
1
1
1
1
1
1
1
1
1
1
1
1
1
1
1
1
1
1
1
1
1
1
1
1
1
1
1
1
1
1
1
1
1
1
1
1
1
1
1
1
1
1
1
1
1
1
1
1
1
1
1
1
1
1
1
1
1
1
1
1
1
1
1
1
1
1
1
1
1
1
1
1
1
1
1
1
14
23
27
31
34
37
39
41
43
45
47
49
49
51
52
53
54
56
56
57
58
58
59
60
60
60
61
61
61
61
61
61
61
61
61
60
60
60
60
62
67
69
69
69
69
69
68
68
67
67
67
65
65
64
64
62
60
60
59
55
51
50
50
49
49
48
47
47
46
46
46
46
46
46
46
46
46
46
46
45
45
45
45
45
46
47
48
51
53
56
60
64
68
73
123
377
391
407
420
429
440
463
474
486
521
525
531
537
555
570
568
565
552
543
546
545
532
524
525
525
473
470
466
461
397
390
381
372
360
348
298
241
229
218
204
185
168
162
157
154
151
149
148
147
146
146
145
145
145
143
143
142
141
140
140
139
138
137
136
135
135
134
133
132
132
130
130
130
128
128
127
126
126
124
124
123
122
122
121
120
119
119
118
118
118
117
117
117
117
117
117
116
116
116
116
116
115
114
114
114
113
113
112
112
111
111
109
109
108
107
106
105
104
104
102
102
101
100
100
99
99
100
100
100
101
101
102
103
103
103
103
104
105
105
106
107
108
109
111
112
113
114
115
116
117
118
118
119
120
120
122
122
122
123
123
124
124
124
124
124
124
124
124
124
124
124
124
124
124
124
124
124
124
124
124
124
124
124
124
124
125
126
126
126
127
128
128
128
129
130
130
130
130
131
131
132
132
132
132
133
133
134
134
134
134
134
134
134
134
134
134
134
134
134
134
134
134
134
134
134
134
134
134
134
134
134
134
134
133
133
133
133
133
132
132
132
131
131
131
131
130
130
129
129
129
128
127
127
126
126
125
125
124
123
122
122
120
120
120
118
118
117
116
115
114
113
113
112
111
110
109
109
108
107
106
105
105
104
104
103
102
102
100
100
100
99
99
99
99
99
99
99
99
99
99
98
97
97
97
97
97
97
97
97
97
97
99
99
99
99
101
101
101
102
103
104
105
105
106
106
107
108
108
109
110
110
111
111
112
113
113
113
113
114
114
115
115
115
115
115
115
115
115
115
115
115
115
115
114
114
114
113
113
112
112
111
111
111
110
109
109
108
107
107
106
105
105
104
103
103
103
101
101
100
99
99
97
97
97
95
95
95
93
93
93
92
91
90
90
89
88
88
86
86
86
86
85
84
84
84
84
84
84
84
84
84
84
84
84
85
85
85
85
85
85
86
86
86
86
86
86
86
86
88
88
88
89
89
90
91
92
92
93
94
95
96
97
98
99
99
101
101
103
104
103
103
103
104
104
104
102
101
96
94
89
85
41
37
1
1
1
1
1
1
1
1
1
1
1
1
1
1
1
1
1
1
1
1
1
1
1
1
1
1
1
1
1
1
1
1
1
1
1
1
1
1
1
1
1
1
1
1
1
1
1
1
1
1
1
1
1
1
1
1
1
1
1
1
1
1
1
1
1
1
1
1
1
1
1
1
1
