# Vetor de dados - syn_f002478-2-Pre--front--vetorlinha.txt
# Total de elementos: 768
# Formato: um valor por linha
#==================================================

1
1
1
1
1
1
1
1
1
1
1
1
1
1
1
1
1
1
1
1
1
1
1
1
1
1
1
1
1
1
1
1
1
1
1
1
1
1
1
1
1
1
1
1
1
1
1
1
1
1
1
1
1
1
1
1
1
1
1
1
1
1
1
1
1
1
1
1
1
1
1
1
1
1
1
1
1
1
1
1
1
1
1
1
1
1
1
1
1
1
1
1
1
1
1
1
1
1
1
1
1
1
1
1
1
1
1
1
1
1
1
1
1
1
1
1
1
1
1
1
12
22
26
30
33
37
39
41
42
44
46
48
49
50
52
52
54
55
56
56
58
58
58
60
60
60
60
60
60
61
61
61
61
61
60
60
60
60
60
60
61
66
67
68
69
69
67
67
67
67
65
65
65
64
63
63
61
59
58
57
54
49
48
48
48
48
46
46
46
45
44
43
42
42
42
42
42
42
42
42
42
42
42
43
44
44
44
44
44
44
44
46
49
53
56
60
63
67
77
117
124
162
171
180
189
280
379
393
409
425
452
463
471
478
488
498
520
544
553
565
578
578
576
574
560
552
553
535
533
535
534
459
452
366
350
332
244
233
160
156
153
151
150
148
147
145
144
144
142
142
140
140
139
138
137
135
134
133
131
129
128
127
125
125
123
123
122
121
120
119
118
118
116
116
116
114
114
114
112
112
112
111
110
110
109
108
108
108
106
106
106
104
104
104
102
102
102
102
102
101
101
101
101
101
101
101
101
101
101
100
100
100
99
99
98
98
98
97
97
97
96
95
95
96
96
96
96
96
95
95
95
95
95
94
95
95
96
96
96
97
97
98
98
100
100
102
103
104
105
106
108
110
110
112
112
114
114
116
116
117
118
118
119
120
121
121
122
122
123
123
123
123
123
124
125
125
125
125
125
125
125
125
125
126
126
126
126
127
127
128
128
128
129
130
130
130
131
132
132
133
133
133
135
135
135
135
135
137
137
137
137
137
139
139
139
139
139
139
139
139
139
139
139
139
139
139
139
139
139
139
138
138
138
138
138
137
137
137
137
136
136
135
135
135
135
135
135
134
134
133
133
132
132
131
131
130
130
130
129
128
128
128
127
126
126
125
125
124
124
124
122
122
121
121
120
119
119
118
117
117
116
116
116
116
114
114
114
114
113
113
113
112
111
111
111
111
111
109
109
109
109
109
109
109
109
108
107
107
107
107
107
107
107
107
107
107
107
107
106
106
106
106
106
106
106
106
106
106
106
106
106
106
106
106
106
106
107
107
108
108
108
109
109
109
109
110
111
111
111
111
111
112
113
113
113
113
113
113
113
113
115
115
115
115
115
115
114
113
113
113
113
113
113
113
113
113
113
111
111
111
111
111
110
109
109
109
109
108
107
107
107
105
105
105
105
103
103
103
103
102
101
101
101
101
100
99
99
99
99
98
97
97
97
96
96
96
95
95
94
94
94
94
93
93
92
92
92
91
91
91
91
91
91
91
91
91
91
92
92
92
92
92
92
92
92
92
92
92
92
93
93
93
95
95
95
97
97
97
99
99
100
102
104
104
106
106
107
107
108
109
109
109
109
109
110
111
110
110
110
109
108
106
106
103
98
46
45
44
41
37
1
1
1
1
1
1
1
1
1
1
1
1
1
1
1
1
1
1
1
1
1
1
1
1
1
1
1
1
1
1
1
1
1
1
1
1
1
1
1
1
1
1
1
1
1
1
1
1
1
1
1
1
1
1
1
1
1
1
