# Vetor de dados - syn_f004475-3-Pre--left--vetorlinha.txt
# Total de elementos: 768
# Formato: um valor por linha
#==================================================

1
1
1
1
1
1
1
1
1
1
1
1
1
1
1
1
1
1
1
1
1
1
1
1
1
1
1
1
1
1
1
1
1
1
1
1
1
1
1
1
1
1
1
1
1
1
1
1
1
1
1
1
1
1
1
1
1
1
1
1
1
1
1
1
1
1
1
1
1
1
1
1
1
1
1
1
1
1
1
1
1
1
1
1
1
1
1
1
1
1
1
1
1
1
1
1
1
1
1
1
1
1
1
1
1
1
1
1
1
1
1
1
1
1
1
1
1
1
1
1
1
1
1
1
1
1
1
1
1
18
26
33
37
41
44
47
50
52
54
56
58
60
61
63
64
65
67
67
68
69
69
70
72
72
72
72
72
73
73
73
73
73
73
73
74
74
75
76
76
76
77
78
78
78
79
79
79
77
75
74
73
71
70
70
69
68
68
67
66
66
64
64
64
64
64
62
62
61
61
61
62
62
61
61
61
60
60
59
55
47
47
46
47
46
47
47
48
49
49
50
49
50
51
52
52
53
57
61
64
94
104
160
169
175
180
186
191
197
204
211
220
230
232
235
238
241
245
251
256
261
265
274
281
288
300
300
300
300
299
297
293
290
283
281
196
187
91
90
90
91
91
92
92
92
93
93
93
93
93
93
93
93
92
91
91
91
90
90
89
89
89
88
87
86
86
85
84
84
84
84
83
84
84
84
85
84
84
84
84
83
83
83
83
83
83
81
81
81
81
80
80
80
79
79
78
78
77
77
76
76
76
76
76
75
75
75
74
74
74
74
74
74
76
76
76
76
77
77
78
79
79
80
80
80
82
82
83
83
84
86
86
86
87
87
88
89
89
89
90
90
90
91
92
92
92
92
92
93
93
93
93
93
93
93
93
92
92
92
92
92
92
92
91
91
90
90
90
89
89
89
87
87
86
86
85
84
84
83
82
81
80
81
81
80
80
79
79
78
78
77
76
75
74
74
73
72
71
71
70
70
70
69
69
69
69
69
68
68
69
69
69
69
69
69
69
70
70
70
70
70
70
71
71
71
71
71
70
70
70
71
71
71
71
71
71
71
70
69
69
69
69
69
69
69
69
68
67
67
67
67
66
65
65
65
65
64
64
63
63
62
61
61
61
60
59
59
58
58
57
57
56
55
55
54
54
53
53
53
52
52
52
51
51
51
50
50
50
50
50
50
50
49
50
50
50
51
50
51
51
52
51
52
52
53
52
52
53
52
53
53
53
53
53
52
53
52
53
52
52
52
52
51
52
51
51
50
50
50
50
50
50
49
50
50
50
50
50
50
50
50
50
50
50
50
49
50
50
50
50
50
51
51
51
51
50
51
50
50
50
50
50
50
50
49
49
49
49
49
49
48
47
47
47
47
46
46
45
45
44
44
44
44
42
42
42
41
41
40
39
39
39
38
38
38
37
37
37
37
36
36
36
36
35
35
35
35
35
35
35
34
35
35
35
35
36
36
37
38
39
39
41
41
43
44
47
49
52
54
57
59
63
67
72
75
80
81
84
86
87
87
87
87
87
87
87
78
67
54
57
60
63
67
70
75
78
79
82
85
87
90
92
93
93
92
90
88
86
82
69
61
53
40
33
27
1
1
1
1
1
1
1
1
1
1
1
1
1
1
1
1
1
1
1
1
1
1
1
1
1
1
1
1
1
1
1
1
1
1
1
1
1
1
1
1
1
1
1
1
1
1
1
1
1
1
1
1
1
1
1
1
1
1
1
1
1
1
1
1
