# Vetor de dados - syn_f004810-1-Pre--front--vetorcoluna.txt
# Total de elementos: 1024
# Formato: um valor por linha
#==================================================

1
1
1
1
1
1
1
1
1
1
1
1
1
1
1
1
1
1
1
1
1
1
1
1
1
1
1
1
1
1
1
1
1
1
1
1
1
1
1
1
1
1
1
1
1
1
1
1
1
1
1
1
1
1
1
1
1
1
1
1
1
1
1
1
1
1
1
1
1
1
1
1
1
1
1
1
1
1
1
1
1
1
1
1
1
1
1
1
1
1
1
1
1
1
1
1
1
1
1
1
1
1
1
1
1
1
1
1
1
1
1
1
1
1
1
1
1
1
1
1
1
1
1
1
1
1
1
1
1
1
1
1
1
1
1
1
1
1
1
1
1
1
1
1
1
1
1
1
1
1
1
1
1
1
1
1
1
1
1
1
1
1
1
1
1
1
1
1
1
1
1
1
1
1
1
1
1
1
1
1
1
1
1
1
1
1
1
1
1
1
1
1
1
1
1
1
1
1
1
1
1
1
1
1
1
1
1
1
1
1
1
1
1
1
1
1
1
1
1
1
1
1
1
1
1
1
1
1
1
1
1
1
1
1
1
1
1
1
1
1
1
1
1
1
1
1
1
1
1
1
1
1
1
1
20
20
20
20
20
20
20
20
20
20
20
20
20
20
20
21
21
21
21
21
21
21
21
21
22
22
22
22
22
22
22
23
23
23
23
23
23
23
23
23
23
23
23
23
22
22
22
22
22
22
22
22
22
22
22
22
22
22
22
22
22
22
22
22
22
22
22
22
22
22
22
22
22
22
22
22
22
23
24
24
24
24
24
25
25
25
25
25
27
27
27
27
27
28
28
28
28
29
29
29
29
29
30
30
30
30
30
31
31
31
31
30
30
31
31
31
31
31
30
30
30
30
29
30
30
30
29
29
29
29
29
30
30
29
29
29
29
29
30
29
29
29
29
29
29
30
30
30
30
29
29
30
30
30
30
30
30
31
31
31
31
31
31
31
33
33
33
33
33
33
33
33
33
33
34
34
35
35
35
35
36
36
36
37
37
37
38
38
39
40
41
43
44
48
50
52
53
266
268
270
272
274
276
280
284
288
293
378
383
389
395
401
405
475
476
476
477
479
479
479
480
479
478
479
480
480
480
481
482
480
479
476
483
478
475
472
468
464
459
453
424
419
416
412
410
407
403
396
365
358
353
347
342
338
330
318
305
319
333
339
342
346
351
356
363
392
398
402
403
406
408
411
449
453
458
463
470
475
409
411
414
416
477
478
479
480
480
479
479
479
478
478
477
478
478
478
478
478
477
477
476
402
397
391
386
382
376
371
288
283
280
276
273
271
269
53
52
50
49
46
45
43
42
41
40
40
39
39
37
37
36
36
36
36
35
34
34
34
34
33
33
33
33
33
33
33
33
33
33
33
33
33
33
31
31
31
31
31
31
31
31
31
30
30
30
30
30
30
30
30
30
30
30
30
30
30
29
29
29
29
29
29
29
30
30
30
30
30
30
31
31
31
31
31
32
32
32
32
32
33
33
33
33
33
33
33
32
32
32
32
32
32
32
32
32
32
31
31
30
30
30
30
30
29
29
29
29
28
28
28
27
27
27
27
26
26
26
25
25
25
25
24
24
24
23
23
23
23
22
22
22
22
22
21
21
21
20
20
20
20
20
20
20
18
18
18
18
18
17
17
17
17
17
18
18
18
18
18
18
18
18
18
19
20
19
20
20
21
19
20
20
20
20
19
19
19
19
20
18
18
18
18
19
19
20
18
19
19
19
20
20
18
20
20
18
17
16
10
9
9
9
9
9
9
8
8
8
8
8
8
8
8
8
8
8
8
8
8
1
1
1
1
1
1
1
1
1
1
1
1
1
1
1
1
1
1
1
1
1
1
1
1
1
1
1
1
1
1
1
1
1
1
1
1
1
1
1
1
1
1
1
1
1
1
1
1
1
1
1
1
1
1
1
1
1
1
1
1
1
1
1
1
1
1
1
1
1
1
1
1
1
1
1
1
1
1
1
1
1
1
1
1
1
1
1
1
1
1
1
1
1
1
1
1
1
1
1
1
1
1
1
1
1
1
1
1
1
1
1
1
1
1
1
1
1
1
1
1
1
1
1
1
1
1
1
1
1
1
1
1
1
1
1
1
1
1
1
1
1
1
1
1
1
1
1
1
1
1
1
1
1
1
1
1
1
1
1
1
1
1
1
1
1
1
1
1
1
1
1
1
1
1
1
1
1
1
1
1
1
1
1
1
1
1
1
1
1
1
1
1
1
1
1
1
1
1
1
1
1
1
1
1
1
1
1
1
1
1
1
1
1
1
1
1
1
1
1
1
1
1
1
1
1
1
1
1
1
1
1
1
