# Vetor de dados - syn_f002787-0-Pre--front--vetorlinha.txt
# Total de elementos: 768
# Formato: um valor por linha
#==================================================

1
1
1
1
1
1
1
1
1
1
1
1
1
1
1
1
1
1
1
1
1
1
1
1
1
1
1
1
1
1
1
1
1
1
1
1
1
1
1
1
1
1
1
1
1
1
1
1
1
1
1
1
1
1
1
1
1
1
1
1
1
1
1
1
1
1
1
1
1
1
1
1
1
1
1
1
1
1
1
1
1
1
1
1
1
1
1
1
1
1
1
1
1
1
1
1
1
1
1
1
1
1
1
1
1
1
1
1
1
1
1
1
1
1
1
1
1
1
1
1
17
24
28
31
35
37
39
41
43
45
47
48
50
50
52
53
54
55
56
56
57
58
58
59
60
60
60
60
60
60
60
60
60
60
60
60
60
60
60
63
66
68
68
68
68
68
67
67
66
66
65
65
64
63
62
60
59
58
58
50
49
49
47
47
47
46
45
45
44
44
44
44
44
44
44
44
44
44
44
44
44
43
43
43
44
44
44
44
45
46
47
48
50
52
55
58
61
65
72
79
84
115
123
129
140
260
274
286
298
316
328
341
415
429
451
478
485
492
498
507
514
517
515
505
509
515
522
527
531
541
465
474
469
463
456
451
445
423
389
380
351
348
346
233
153
148
145
143
140
138
137
135
133
131
130
128
126
123
121
119
117
115
114
113
112
111
111
111
111
111
110
110
110
110
110
110
110
109
108
108
108
108
108
108
106
106
106
106
104
104
104
103
103
103
103
102
102
102
102
102
102
102
102
102
102
102
102
102
102
102
102
102
101
101
101
101
101
101
101
101
101
101
102
103
103
104
104
105
106
107
107
109
109
111
111
112
112
113
114
114
115
116
116
117
118
118
120
120
122
123
124
125
126
128
128
130
130
130
132
132
132
133
134
134
134
134
135
135
135
136
136
136
136
136
136
136
136
136
136
136
136
136
136
136
136
136
136
135
135
135
135
135
136
136
136
136
136
136
136
136
138
138
138
138
138
138
138
138
137
137
137
137
137
136
136
136
136
136
136
134
134
134
134
134
134
133
132
132
132
132
132
131
130
130
130
130
129
128
128
128
128
128
126
126
126
126
125
124
124
124
124
122
122
122
121
120
120
120
120
119
118
118
118
118
117
116
116
116
116
115
114
114
113
113
113
112
112
112
112
111
110
110
110
110
110
110
109
109
109
109
109
108
108
108
108
108
108
108
108
108
107
107
108
107
107
108
108
108
107
107
107
107
107
107
107
107
107
107
107
106
105
105
105
105
105
104
104
103
103
103
103
103
103
103
103
103
103
103
103
103
103
104
104
104
104
104
104
104
104
104
105
105
105
105
105
105
105
105
105
105
105
105
105
105
105
105
105
105
105
104
104
104
104
103
103
103
103
103
103
102
101
101
101
101
101
101
101
99
99
99
99
99
99
98
97
97
97
97
97
96
95
95
95
95
95
94
94
93
93
93
92
92
92
91
91
90
90
90
90
88
88
88
88
88
88
87
87
86
86
86
86
86
86
86
87
87
88
88
88
88
88
89
90
89
89
89
89
89
89
89
90
90
91
92
92
92
93
94
94
96
97
98
100
100
102
103
104
105
105
106
106
108
108
108
109
108
108
108
108
107
106
104
103
100
98
43
42
39
38
1
1
1
1
1
1
1
1
1
1
1
1
1
1
1
1
1
1
1
1
1
1
1
1
1
1
1
1
1
1
1
1
1
1
1
1
1
1
1
1
1
1
1
1
1
1
1
1
1
1
1
1
1
1
1
1
1
1
1
