# Vetor de dados - syn_f004374-0-Pre--front--vetorlinha.txt
# Total de elementos: 768
# Formato: um valor por linha
#==================================================

1
1
1
1
1
1
1
1
1
1
1
1
1
1
1
1
1
1
1
1
1
1
1
1
1
1
1
1
1
1
1
1
1
1
1
1
1
1
1
1
1
1
1
1
1
1
1
1
1
1
1
1
1
1
1
1
1
1
1
1
1
1
1
1
1
1
1
1
1
1
1
1
1
1
1
1
1
1
1
1
1
1
1
1
1
1
1
1
1
1
1
1
18
25
29
32
35
39
40
42
44
46
48
49
51
51
53
54
55
56
57
58
59
59
60
61
61
62
63
63
63
63
63
63
63
63
63
63
63
63
62
62
61
61
66
69
70
70
70
70
70
69
69
68
68
67
66
66
65
64
63
61
60
59
56
51
50
50
49
48
48
47
46
45
44
44
44
44
44
44
43
44
43
43
43
43
43
43
43
43
43
43
43
43
43
44
44
45
46
47
48
49
51
54
57
61
63
67
71
97
109
135
144
151
160
168
176
182
188
196
205
216
231
294
309
328
383
393
405
417
430
444
458
469
479
492
504
514
524
531
540
551
567
578
595
599
605
613
617
623
628
605
606
607
607
391
387
154
151
149
148
146
144
143
141
140
138
137
135
133
131
128
127
126
125
124
123
122
122
121
120
120
120
119
118
118
118
118
118
116
116
116
116
116
115
114
114
114
114
112
112
112
112
110
110
109
109
109
107
107
107
107
107
107
107
107
107
107
107
105
105
105
105
105
105
105
105
105
104
103
103
103
103
103
103
103
102
102
102
102
102
102
102
103
103
103
103
104
105
105
106
107
108
109
110
111
112
112
114
114
116
117
117
119
119
121
121
121
123
123
125
125
126
127
127
127
129
129
129
129
131
131
131
131
131
131
132
132
132
132
132
132
133
133
133
133
133
133
133
133
133
133
133
133
133
133
133
134
134
134
134
135
135
135
136
136
136
136
136
137
137
137
137
138
138
138
138
138
138
138
138
138
138
138
138
138
138
138
138
138
138
138
138
137
137
136
136
136
136
136
136
134
134
134
134
134
134
133
133
133
133
132
132
132
131
131
131
131
131
131
131
129
129
129
129
129
129
129
129
127
127
127
127
127
127
126
125
125
125
125
124
124
124
124
124
123
123
123
123
122
122
122
122
122
122
121
121
121
121
121
121
121
120
120
119
119
119
119
119
119
119
118
118
118
118
117
117
117
117
117
116
116
116
116
116
116
116
116
116
115
115
115
115
115
115
115
115
114
114
114
114
114
114
114
114
114
112
112
112
112
112
112
112
112
112
112
112
112
112
112
112
112
112
112
112
112
112
112
114
114
114
114
114
114
114
114
114
115
116
116
116
116
116
116
116
116
116
116
116
116
116
116
116
116
116
116
116
116
116
116
116
115
115
114
114
114
114
114
114
114
113
113
112
112
112
112
112
112
112
110
110
110
110
110
109
109
108
108
108
108
107
107
107
106
106
105
105
105
104
104
103
103
103
102
102
102
101
101
100
100
100
99
99
98
98
97
97
97
97
97
96
95
95
95
95
95
95
95
94
94
94
94
94
94
94
94
95
95
95
95
95
95
95
95
95
95
95
95
95
95
96
96
97
98
98
98
99
99
99
101
101
103
104
104
106
106
108
108
109
109
110
111
111
111
112
113
112
112
112
111
111
111
110
110
109
107
104
103
101
99
98
96
91
44
41
1
1
1
1
1
1
1
1
1
1
1
1
1
1
1
1
1
1
1
1
1
1
1
1
1
1
1
1
1
1
1
1
1
