# Vetor de dados - syn_f001595-3-Pre--front--vetorlinha.txt
# Total de elementos: 768
# Formato: um valor por linha
#==================================================

1
1
1
1
1
1
1
1
1
1
1
1
1
1
1
1
1
1
1
1
1
1
1
1
1
1
1
1
1
1
1
1
1
1
1
1
1
1
1
1
1
1
1
1
1
1
1
1
1
1
1
1
1
1
1
1
1
1
1
1
1
1
1
1
1
1
1
1
1
1
1
1
1
1
1
1
1
1
1
1
1
1
1
1
1
1
1
1
1
1
1
1
1
1
1
1
1
1
1
1
1
1
1
1
1
1
1
1
1
1
1
1
1
1
1
1
1
1
1
1
1
1
8
21
25
29
33
36
39
41
43
45
47
49
49
51
51
53
55
55
57
57
58
59
59
60
61
61
61
62
62
63
63
63
63
63
63
62
62
62
62
61
63
68
70
71
71
71
71
69
69
69
69
69
67
67
67
66
64
63
63
61
59
58
54
53
52
52
52
51
50
50
49
48
48
48
48
47
47
46
46
46
46
46
46
47
47
48
49
49
50
53
57
60
64
67
72
78
82
129
144
268
281
294
320
339
357
401
415
427
437
448
460
477
515
521
526
529
531
534
536
534
524
527
534
541
550
558
566
500
494
489
483
477
466
431
428
415
407
398
392
292
247
166
161
157
154
152
151
150
149
149
147
147
146
146
145
144
144
143
143
141
140
139
138
138
136
136
135
134
133
132
131
130
128
127
125
125
123
123
121
120
119
117
117
115
113
112
110
108
106
104
104
104
103
103
103
103
103
104
104
105
105
105
105
105
105
105
105
104
104
103
103
103
103
102
102
101
101
101
101
101
100
100
99
99
99
99
99
98
98
98
98
99
99
100
100
101
102
104
105
106
107
109
110
111
113
113
115
116
117
118
119
120
122
122
124
124
126
126
127
128
128
128
128
128
130
130
130
130
130
130
130
130
130
130
130
130
130
130
130
130
130
130
132
132
132
133
133
134
134
135
135
136
136
137
138
138
138
140
140
140
141
142
142
143
143
143
144
144
144
145
145
145
146
146
146
147
147
147
147
147
147
147
147
147
147
147
147
147
147
147
147
147
147
147
147
147
147
147
147
147
147
147
147
146
146
146
145
145
145
145
145
145
144
143
143
143
143
143
142
142
141
140
139
139
138
137
137
135
135
135
134
134
133
132
132
132
130
130
130
129
128
127
127
127
126
125
124
124
124
123
122
122
122
120
120
120
120
119
119
119
119
118
117
117
117
117
117
117
117
117
115
115
115
115
115
115
115
115
114
114
114
114
114
114
114
114
114
114
115
115
115
115
116
116
117
117
117
117
118
118
118
118
119
119
119
120
120
120
121
121
121
121
121
121
122
122
122
122
122
123
123
123
123
122
121
121
121
121
121
121
121
121
121
120
120
119
119
118
118
118
117
116
116
116
116
115
114
114
113
112
112
111
111
110
109
109
109
108
107
107
107
105
105
105
105
103
103
103
103
102
101
101
101
100
100
99
99
99
98
98
98
97
97
96
96
96
96
96
96
95
95
95
95
95
95
95
95
95
95
96
97
97
97
97
97
98
98
99
99
100
100
101
102
102
104
104
105
106
107
108
109
111
111
113
113
115
115
116
117
117
117
117
117
116
115
115
113
113
111
109
107
102
100
48
45
44
38
1
1
1
1
1
1
1
1
1
1
1
1
1
1
1
1
1
1
1
1
1
1
1
1
1
1
1
1
1
1
1
1
1
1
1
1
1
1
1
1
1
1
1
1
1
1
1
1
1
1
1
1
1
1
1
1
1
1
1
