# Vetor de dados - syn_f000581-2-Pre--left--vetorlinha.txt
# Total de elementos: 768
# Formato: um valor por linha
#==================================================

1
1
1
1
1
1
1
1
1
1
1
1
1
1
1
1
1
1
1
1
1
1
1
1
1
1
1
1
1
1
1
1
1
1
1
1
1
1
1
1
1
1
1
1
1
1
1
1
1
1
1
1
1
1
1
1
1
1
1
1
1
1
1
1
1
1
1
1
1
1
1
1
1
1
1
1
1
1
1
1
1
1
1
1
1
1
1
1
1
1
1
1
1
1
1
1
1
1
1
1
1
1
1
1
1
1
1
1
1
1
1
1
1
1
1
1
1
1
1
1
16
24
31
35
40
44
46
49
52
54
55
57
58
60
62
63
65
65
67
67
69
69
70
70
71
72
72
72
72
72
73
73
73
73
73
73
73
74
74
74
74
75
76
76
77
77
78
78
78
78
77
76
73
72
70
68
68
67
67
66
65
64
63
62
62
61
61
61
60
60
60
60
60
60
60
60
59
59
58
56
53
52
50
49
49
48
48
47
47
47
48
48
47
48
48
48
48
49
49
49
51
52
52
53
53
55
59
64
73
153
160
167
172
178
183
188
194
199
205
215
222
226
231
234
238
243
251
256
261
270
278
284
296
296
297
297
296
294
290
288
281
184
169
158
97
87
87
88
88
89
89
89
90
90
90
89
89
90
90
90
89
89
88
88
87
87
87
87
85
85
85
84
83
83
82
82
82
81
81
81
80
80
80
80
80
80
80
79
79
79
79
79
79
79
79
78
78
78
77
77
76
75
75
75
74
73
73
72
72
72
72
72
72
71
71
71
71
71
70
70
70
70
70
70
70
71
72
72
73
73
75
75
76
77
78
79
80
81
82
84
85
86
87
89
89
89
90
91
92
92
92
93
93
93
94
94
95
95
95
96
96
96
96
96
96
96
96
96
95
95
95
95
94
94
94
93
93
93
92
92
92
91
91
91
90
90
90
88
88
87
87
86
86
86
86
85
85
85
84
84
83
84
83
83
82
82
81
81
80
80
80
79
78
77
76
75
75
74
74
74
73
73
73
72
72
72
72
72
72
72
72
72
72
72
72
72
71
71
71
71
71
71
71
70
69
69
69
69
68
68
68
68
68
67
67
67
67
67
67
66
65
65
65
65
65
65
64
63
63
63
63
63
63
62
61
61
59
59
59
58
58
57
57
56
56
54
54
54
53
52
52
51
51
51
51
49
49
50
49
49
49
49
49
49
49
49
49
49
50
50
51
51
52
52
52
53
52
53
54
54
55
55
55
55
55
55
56
56
56
56
55
56
55
55
55
55
55
54
53
54
53
53
52
52
52
51
51
50
51
50
50
50
50
50
49
49
49
49
47
47
47
47
47
47
46
46
46
46
47
47
46
46
46
46
46
46
45
45
45
45
45
45
45
44
44
44
44
43
43
43
43
42
41
41
41
41
40
40
40
39
38
38
38
37
37
37
36
36
36
36
35
35
35
35
35
34
34
34
34
34
33
34
34
34
35
35
34
35
36
37
38
39
40
42
45
46
48
50
52
55
57
58
60
62
64
68
71
72
75
76
78
80
81
82
82
82
82
82
82
79
66
49
51
53
55
57
60
63
67
70
74
77
81
83
86
88
89
89
88
87
86
85
84
78
62
56
50
47
46
44
41
1
1
1
1
1
1
1
1
1
1
1
1
1
1
1
1
1
1
1
1
1
1
1
1
1
1
1
1
1
1
1
1
1
1
1
1
1
1
1
1
1
1
1
1
1
1
1
1
1
1
1
1
1
1
1
1
1
