# Vetor de dados - syn_f000439-3-Pre--front--vetorlinha.txt
# Total de elementos: 768
# Formato: um valor por linha
#==================================================

1
1
1
1
1
1
1
1
1
1
1
1
1
1
1
1
1
1
1
1
1
1
1
1
1
1
1
1
1
1
1
1
1
1
1
1
1
1
1
1
1
1
1
1
1
1
1
1
1
1
1
1
1
1
1
1
1
1
1
1
1
1
1
1
1
1
1
1
1
1
1
1
1
1
1
1
1
1
1
1
1
1
1
1
1
1
1
1
1
1
1
1
1
1
1
1
1
1
1
1
1
1
1
1
1
1
1
1
1
1
1
1
1
1
1
1
1
1
1
1
1
1
1
1
1
1
1
1
1
1
1
1
1
1
1
1
1
1
19
24
28
32
35
37
39
41
43
45
47
48
49
50
51
52
54
54
55
56
56
57
58
58
58
59
59
59
59
59
59
59
59
59
58
58
58
59
64
67
67
67
67
67
67
66
65
65
65
64
63
63
62
61
60
59
58
55
52
51
50
50
50
49
48
48
46
46
45
44
44
43
43
43
43
43
44
43
44
45
47
52
58
62
66
71
76
80
84
272
370
383
398
411
420
430
440
447
453
460
468
477
491
508
522
526
530
535
541
555
568
554
546
548
549
548
547
531
523
465
460
456
451
444
366
354
329
307
284
262
246
233
206
192
150
147
144
143
142
142
141
141
141
141
141
142
141
141
141
141
141
141
141
141
140
140
140
139
139
139
137
137
137
135
135
134
133
133
131
131
131
129
128
128
126
125
123
121
118
117
115
114
113
112
112
113
113
113
113
112
112
112
112
112
112
111
111
111
111
111
110
110
110
109
109
109
109
109
108
107
107
107
107
106
107
107
107
109
109
110
111
112
114
114
116
116
117
117
119
119
119
121
121
121
123
123
123
125
125
125
126
127
127
128
129
129
130
130
131
131
132
132
132
132
132
132
132
132
132
131
131
131
131
131
131
131
131
131
131
131
133
133
133
133
134
135
135
135
136
137
138
138
139
140
140
141
142
142
143
143
143
143
144
145
145
145
145
146
147
147
147
147
147
147
147
147
147
147
147
147
147
147
147
147
147
147
147
147
147
147
146
146
145
145
145
145
144
144
144
144
143
143
143
142
142
141
141
141
141
141
140
139
139
138
137
137
136
136
135
134
134
132
132
131
130
129
129
127
126
125
124
123
123
121
121
119
119
117
117
117
115
115
114
113
113
113
111
111
111
109
109
109
109
109
109
109
109
109
109
109
109
109
109
108
107
107
107
107
107
107
107
107
107
108
108
108
108
109
109
109
110
111
111
112
113
113
113
115
115
115
117
117
117
118
119
119
119
119
120
121
121
121
121
121
121
121
121
121
121
121
121
121
121
120
120
119
119
119
119
118
117
117
116
116
115
115
114
113
113
112
111
111
110
109
109
108
108
107
106
106
105
104
104
103
103
102
101
101
100
99
99
99
98
97
97
97
96
95
95
95
95
94
93
93
93
93
93
93
93
92
93
92
92
92
92
93
94
94
94
94
94
95
95
95
95
95
95
94
94
95
95
95
95
96
96
97
98
98
100
100
101
102
104
105
106
108
109
110
111
111
112
111
111
111
110
108
106
106
104
100
97
92
42
39
37
34
1
1
1
1
1
1
1
1
1
1
1
1
1
1
1
1
1
1
1
1
1
1
1
1
1
1
1
1
1
1
1
1
1
1
1
1
1
1
1
1
1
1
1
1
1
1
1
1
1
1
1
1
1
1
1
1
1
1
1
1
1
1
1
1
1
1
1
1
1
1
1
1
1
1
