# Vetor de dados - syn_f000701-2-Pre--front--vetorcoluna.txt
# Total de elementos: 1024
# Formato: um valor por linha
#==================================================

1
1
1
1
1
1
1
1
1
1
1
1
1
1
1
1
1
1
1
1
1
1
1
1
1
1
1
1
1
1
1
1
1
1
1
1
1
1
1
1
1
1
1
1
1
1
1
1
1
1
1
1
1
1
1
1
1
1
1
1
1
1
1
1
1
1
1
1
1
1
1
1
1
1
1
1
1
1
1
1
1
1
1
1
1
1
1
1
1
1
1
1
1
1
1
1
1
1
1
1
1
1
1
1
1
1
1
1
1
1
1
1
1
1
1
1
1
1
1
1
1
1
1
1
1
1
1
1
1
1
1
1
1
1
1
1
1
1
1
1
1
1
1
1
1
1
1
1
1
1
1
1
1
1
1
1
1
1
1
1
1
1
1
1
1
1
1
1
1
1
1
1
1
1
1
1
1
1
1
1
1
1
1
1
1
1
1
1
1
1
1
1
1
1
1
1
1
1
1
1
1
1
1
1
1
1
1
1
1
1
1
1
1
1
1
1
1
1
1
1
1
1
1
1
1
1
1
1
1
1
1
8
9
12
12
12
12
12
12
12
12
12
12
12
12
12
12
12
12
12
12
12
12
17
20
20
20
20
20
20
20
20
20
18
18
18
18
17
17
18
18
18
18
18
20
19
19
19
20
19
19
19
20
19
18
18
18
17
16
16
16
16
16
17
17
17
17
17
17
18
18
18
19
19
19
19
19
21
21
21
21
22
22
23
23
23
23
23
25
25
25
25
26
26
26
26
28
28
28
28
29
29
29
29
29
31
31
31
31
31
31
31
31
32
32
32
32
32
32
33
33
33
34
34
34
34
34
34
34
34
35
35
35
35
34
34
34
34
34
34
34
34
34
34
33
33
33
33
33
33
33
32
32
33
33
33
33
33
33
33
33
33
33
34
34
34
34
34
34
34
34
34
34
34
35
35
35
35
35
35
35
35
35
35
35
35
35
35
35
35
35
36
35
35
35
35
35
35
36
36
36
36
37
38
38
38
38
38
39
40
40
40
41
41
42
44
47
51
53
54
55
57
58
60
62
281
285
288
297
309
377
382
386
390
395
399
403
408
475
474
474
475
476
476
475
476
475
475
476
478
479
480
481
481
481
481
479
454
518
489
484
478
472
466
459
451
431
424
419
415
411
407
363
352
346
340
334
327
320
307
305
305
325
334
339
342
346
349
353
359
366
407
409
414
417
424
451
460
467
473
478
483
489
442
450
474
477
478
479
480
479
478
477
477
475
476
476
476
477
477
477
476
476
475
405
400
395
390
387
383
379
374
311
303
293
284
65
60
57
55
54
53
51
49
47
45
44
43
42
41
40
39
39
38
38
38
37
36
36
36
35
35
35
34
34
34
34
34
34
34
33
33
33
33
33
33
33
33
33
33
33
33
33
33
33
32
32
32
32
32
32
32
32
32
32
32
32
32
32
32
32
32
32
32
32
32
32
32
32
32
32
33
33
33
33
34
34
34
34
34
34
34
35
35
35
35
35
35
35
35
35
35
34
34
34
34
34
34
34
34
34
34
33
33
33
33
33
33
33
32
31
31
31
31
31
31
30
29
29
29
29
29
28
27
27
27
27
27
27
26
25
25
25
25
25
25
24
23
23
23
23
23
22
22
22
22
22
22
21
21
19
19
19
19
19
19
19
19
18
18
18
17
17
18
18
18
18
19
20
20
19
19
20
20
20
19
19
19
20
20
20
18
18
18
18
18
18
19
19
20
18
19
19
19
19
19
20
19
19
18
18
16
10
10
10
10
9
8
8
8
8
8
8
8
8
8
8
8
8
8
8
8
1
1
1
1
1
1
1
1
1
1
1
1
1
1
1
1
1
1
1
1
1
1
1
1
1
1
1
1
1
1
1
1
1
1
1
1
1
1
1
1
1
1
1
1
1
1
1
1
1
1
1
1
1
1
1
1
1
1
1
1
1
1
1
1
1
1
1
1
1
1
1
1
1
1
1
1
1
1
1
1
1
1
1
1
1
1
1
1
1
1
1
1
1
1
1
1
1
1
1
1
1
1
1
1
1
1
1
1
1
1
1
1
1
1
1
1
1
1
1
1
1
1
1
1
1
1
1
1
1
1
1
1
1
1
1
1
1
1
1
1
1
1
1
1
1
1
1
1
1
1
1
1
1
1
1
1
1
1
1
1
1
1
1
1
1
1
1
1
1
1
1
1
1
1
1
1
1
1
1
1
1
1
1
1
1
1
1
1
1
1
1
1
1
1
1
1
1
1
1
1
1
1
1
1
1
1
1
1
1
1
1
1
1
1
1
1
1
1
1
1
1
1
1
1
1
1
1
1
1
1
1
1
