# Vetor de dados - syn_f002399-2-Pre--front--vetorlinha.txt
# Total de elementos: 768
# Formato: um valor por linha
#==================================================

1
1
1
1
1
1
1
1
1
1
1
1
1
1
1
1
1
1
1
1
1
1
1
1
1
1
1
1
1
1
1
1
1
1
1
1
1
1
1
1
1
1
1
1
1
1
1
1
1
1
1
1
1
1
1
1
1
1
1
1
1
1
1
1
1
1
1
1
1
1
1
1
1
1
1
1
1
1
1
1
1
1
1
1
1
1
1
1
1
1
1
1
1
1
1
1
16
24
28
32
36
39
41
43
45
47
49
51
53
54
56
56
58
58
60
62
62
62
64
64
64
66
66
66
66
66
67
68
68
68
68
68
68
68
67
66
66
66
66
68
73
75
76
76
76
76
76
75
74
74
74
73
72
72
72
70
69
68
66
66
65
61
57
57
57
55
55
55
54
53
52
51
50
49
49
49
50
50
50
50
50
50
50
51
51
51
51
51
51
52
52
53
55
58
61
64
67
71
74
77
135
140
317
337
368
381
441
462
482
495
534
540
555
565
570
573
576
579
575
570
573
594
605
616
616
615
614
612
546
539
529
507
502
500
498
493
488
478
469
380
340
324
311
284
226
182
177
175
172
169
168
168
166
166
164
164
164
162
162
162
160
160
160
158
158
156
155
154
153
151
151
149
149
147
147
145
145
144
143
142
142
140
140
139
138
138
137
136
136
135
134
134
133
132
132
131
131
129
129
128
128
127
128
127
127
127
127
127
127
126
125
125
125
124
124
123
123
123
123
122
122
122
122
121
121
121
120
120
120
119
118
118
118
117
117
116
116
116
116
116
116
116
115
115
115
115
115
116
116
117
118
119
119
121
122
123
124
125
127
129
129
131
133
134
135
136
138
138
140
140
141
141
143
143
144
144
144
144
146
146
146
146
146
146
146
146
146
146
146
146
146
146
146
146
146
146
146
146
146
146
146
146
147
147
147
147
149
149
149
149
150
151
151
151
151
152
152
153
153
154
154
154
155
156
156
156
156
156
156
156
156
156
157
157
158
158
158
158
156
156
156
156
156
156
156
156
155
155
155
155
154
154
154
154
154
153
153
153
153
153
153
152
151
151
151
151
151
150
150
150
149
148
148
148
147
146
146
146
146
144
144
144
142
142
142
142
140
140
140
140
138
138
138
137
136
136
135
135
134
133
133
133
132
132
131
131
131
130
130
130
130
128
128
128
128
128
127
127
126
126
125
125
125
125
124
124
124
124
123
123
123
123
122
122
122
122
122
122
122
121
121
121
121
121
121
121
120
120
119
119
119
119
119
119
119
119
119
120
121
121
121
121
121
122
123
123
123
124
124
125
125
125
125
126
127
127
127
127
127
128
129
129
129
129
129
129
129
129
130
130
130
130
130
130
130
130
130
129
129
128
128
128
128
128
128
128
127
126
126
126
126
125
124
124
124
124
123
122
122
122
122
120
120
120
120
119
118
118
118
117
116
116
116
115
114
114
113
113
113
112
111
111
111
110
109
109
109
108
107
107
107
106
106
105
105
104
104
104
104
103
103
103
102
102
102
102
102
102
102
102
102
102
102
102
102
102
102
102
103
103
103
103
103
104
104
104
105
105
105
105
105
107
107
107
108
109
109
110
111
112
113
113
114
115
115
117
117
118
119
120
121
121
122
122
123
123
123
122
122
123
124
124
123
123
121
116
115
113
112
107
103
1
1
1
1
1
1
1
1
1
1
1
1
1
1
1
1
1
1
1
1
1
1
1
1
1
1
1
1
1
1
1
1
1
1
1
1
1
