# Vetor de dados - syn_f002798-3-Pre--front--vetorlinha.txt
# Total de elementos: 768
# Formato: um valor por linha
#==================================================

1
1
1
1
1
1
1
1
1
1
1
1
1
1
1
1
1
1
1
1
1
1
1
1
1
1
1
1
1
1
1
1
1
1
1
1
1
1
1
1
1
1
1
1
1
1
1
1
1
1
1
1
1
1
1
1
1
1
1
1
1
1
1
1
1
1
1
1
1
1
1
1
1
1
1
1
1
1
1
1
1
1
1
1
1
1
1
1
1
1
1
1
1
1
1
1
1
1
1
1
1
1
1
1
1
1
1
1
1
17
24
27
31
35
37
39
41
43
45
47
48
50
50
52
53
54
56
56
57
58
58
59
60
60
61
61
61
62
62
62
62
62
62
61
61
61
61
61
63
68
69
70
70
70
70
69
68
68
68
67
66
66
65
64
63
61
61
59
56
51
51
50
49
49
49
47
47
47
47
47
47
47
47
47
47
47
47
47
48
48
48
48
50
51
55
61
67
70
74
76
79
86
90
130
143
161
188
208
224
286
306
322
333
345
388
399
412
424
439
449
455
462
469
476
484
492
501
510
527
539
554
557
561
563
567
569
570
553
559
564
570
576
580
511
514
507
499
482
460
449
440
414
364
363
154
153
152
151
151
150
149
149
149
148
147
147
147
146
145
144
144
143
142
142
141
141
139
139
138
137
137
136
135
134
133
133
131
131
130
129
128
128
126
126
124
123
122
120
119
118
118
118
118
118
119
120
120
120
120
120
120
120
120
120
120
120
120
120
120
120
120
120
120
120
119
119
119
118
118
116
116
116
114
114
114
114
115
116
118
120
122
124
124
126
128
130
132
133
134
136
137
139
140
140
142
142
143
144
144
146
146
146
146
146
147
148
148
148
148
148
148
148
148
148
148
148
147
146
146
146
146
146
146
146
146
146
146
146
146
146
147
148
148
148
148
149
150
150
150
152
152
152
154
154
154
154
156
156
156
157
157
157
157
158
158
158
159
159
159
159
159
159
159
159
159
159
159
159
159
159
159
159
159
159
159
158
158
158
158
158
158
158
158
157
156
156
156
156
155
155
154
154
154
154
153
153
153
153
152
152
151
151
151
150
150
150
149
148
147
147
145
145
145
144
143
142
142
141
141
140
140
140
140
138
138
138
138
137
136
136
134
134
134
132
132
132
130
130
130
128
128
128
126
126
125
124
124
124
123
122
122
122
121
120
120
120
120
120
119
118
118
118
118
118
118
118
118
118
118
118
118
118
118
117
117
117
117
117
117
117
117
117
117
117
117
118
118
118
118
120
120
120
120
122
122
122
124
124
124
124
124
126
126
126
126
127
127
128
128
129
129
129
129
129
129
129
129
130
130
130
130
131
131
130
130
129
129
129
129
129
129
129
128
128
128
128
127
126
126
126
126
124
124
124
124
124
123
122
122
122
121
120
120
119
118
118
118
117
116
116
115
115
114
114
113
112
112
112
110
110
110
110
108
108
108
107
107
106
106
105
105
104
103
103
103
103
102
102
101
101
100
100
100
100
100
99
98
98
98
98
98
97
98
98
98
98
98
98
99
99
100
100
100
100
100
100
100
100
100
100
101
101
102
103
103
103
105
105
107
107
109
109
111
113
113
115
115
116
117
118
119
120
121
120
120
120
120
120
120
119
118
115
114
112
110
107
105
101
47
45
1
1
1
1
1
1
1
1
1
1
1
1
1
1
1
1
1
1
1
1
1
1
1
1
1
1
1
1
1
1
1
1
1
1
1
1
1
1
1
1
1
1
1
1
1
1
1
1
