# Vetor de dados - syn_f003742-1-Pre--front--vetorcoluna.txt
# Total de elementos: 1024
# Formato: um valor por linha
#==================================================

1
1
1
1
1
1
1
1
1
1
1
1
1
1
1
1
1
1
1
1
1
1
1
1
1
1
1
1
1
1
1
1
1
1
1
1
1
1
1
1
1
1
1
1
1
1
1
1
1
1
1
1
1
1
1
1
1
1
1
1
1
1
1
1
1
1
1
1
1
1
1
1
1
1
1
1
1
1
1
1
1
1
1
1
1
1
1
1
1
1
1
1
1
1
1
1
1
1
1
1
1
1
1
1
1
1
1
1
1
1
1
1
1
1
1
1
1
1
1
1
1
1
1
1
1
1
1
1
1
1
1
1
1
1
1
1
1
1
1
1
1
1
1
1
1
1
1
1
1
1
1
1
1
1
1
1
1
1
1
1
1
1
1
1
1
1
1
1
1
1
1
1
1
1
1
1
1
1
1
1
1
1
1
1
1
1
1
1
1
1
1
1
1
1
1
1
1
1
1
1
1
1
1
1
1
1
1
1
1
1
1
1
1
1
1
1
1
1
1
1
1
1
1
1
1
1
1
1
1
1
1
1
30
30
30
30
30
30
30
30
30
30
30
31
31
31
31
31
31
31
31
32
32
32
32
32
32
33
33
33
33
33
34
34
34
34
35
35
35
35
1
1
1
1
1
1
1
1
1
1
1
1
1
1
1
36
36
36
36
36
37
37
37
37
37
37
37
37
37
37
37
37
38
38
38
38
38
38
38
38
38
39
39
39
39
39
39
39
39
39
40
40
40
40
40
40
40
40
40
40
40
40
40
40
40
40
40
40
40
40
40
41
41
41
41
40
40
40
40
40
40
40
40
40
39
39
39
39
39
38
38
38
38
38
37
37
37
37
37
36
36
36
36
36
36
36
36
36
36
37
37
37
37
37
37
38
38
38
38
38
39
39
40
40
40
40
40
40
40
41
41
42
42
42
42
42
42
42
42
42
43
43
43
43
43
43
43
44
44
44
44
44
44
44
45
45
45
46
46
46
46
46
47
47
48
48
49
50
51
53
54
56
57
58
60
61
62
62
62
64
285
289
293
296
300
304
308
314
407
412
417
422
428
433
439
510
511
512
514
514
514
515
517
517
518
517
517
517
517
518
520
521
522
523
524
525
524
524
527
524
518
514
509
504
499
494
489
456
451
447
445
441
439
436
431
419
402
394
386
379
370
368
374
381
390
397
405
421
428
432
436
437
440
442
444
447
478
486
492
498
503
509
517
523
447
449
453
491
521
522
522
521
521
519
519
518
517
515
517
516
517
517
517
517
516
515
516
514
438
433
428
423
418
413
409
404
326
312
307
303
298
294
290
64
65
65
63
62
61
60
59
57
56
54
52
51
50
49
49
48
48
47
47
45
45
44
44
44
43
42
42
42
42
42
41
41
41
41
41
41
41
41
41
41
40
40
40
40
40
40
40
40
40
39
39
39
39
38
38
38
38
38
38
37
37
37
37
37
37
37
36
35
35
35
35
35
35
35
34
34
35
35
35
35
35
35
35
36
36
36
36
36
36
36
37
37
37
37
36
36
36
36
36
36
36
36
35
36
36
36
36
36
35
35
35
35
35
35
35
35
35
35
35
35
35
34
34
34
34
34
34
34
34
34
33
33
33
33
33
33
33
32
32
32
32
32
32
32
32
31
31
31
31
31
31
31
31
31
31
30
30
30
30
30
30
30
30
30
30
30
30
29
29
29
29
29
29
29
28
28
28
28
28
27
27
27
27
27
26
26
26
26
26
25
25
25
25
25
25
24
24
24
24
24
24
24
24
24
23
23
23
23
23
23
22
22
22
22
22
22
22
22
22
1
1
1
1
1
1
1
1
1
1
1
1
1
1
1
1
1
1
1
1
1
1
1
1
1
1
1
1
1
1
1
1
1
1
1
1
1
1
1
1
1
1
1
1
1
1
1
1
1
1
1
1
1
1
1
1
1
1
1
1
1
1
1
1
1
1
1
1
1
1
1
1
1
1
1
1
1
1
1
1
1
1
1
1
1
1
1
1
1
1
1
1
1
1
1
1
1
1
1
1
1
1
1
1
1
1
1
1
1
1
1
1
1
1
1
1
1
1
1
1
1
1
1
1
1
1
1
1
1
1
1
1
1
1
1
1
1
1
1
1
1
1
1
1
1
1
1
1
1
1
1
1
1
1
1
1
1
1
1
1
1
1
1
1
1
1
1
1
1
1
1
1
1
1
1
1
1
1
1
1
1
1
1
1
1
1
1
1
1
1
1
1
1
1
1
1
1
1
1
1
1
1
1
1
1
1
1
1
1
1
1
1
1
1
1
1
1
1
1
1
1
1
1
1
1
1
1
1
1
1
1
