# Vetor de dados - syn_f004723-2-Pre--front--vetorcoluna.txt
# Total de elementos: 1024
# Formato: um valor por linha
#==================================================

1
1
1
1
1
1
1
1
1
1
1
1
1
1
1
1
1
1
1
1
1
1
1
1
1
1
1
1
1
1
1
1
1
1
1
1
1
1
1
1
1
1
1
1
1
1
1
1
1
1
1
1
1
1
1
1
1
1
1
1
1
1
1
1
1
1
1
1
1
1
1
1
1
1
1
1
1
1
1
1
1
1
1
1
1
1
1
1
1
1
1
1
1
1
1
1
1
1
1
1
1
1
1
1
1
1
1
1
1
1
1
1
1
1
1
1
1
1
1
1
1
1
1
1
1
1
1
1
1
1
1
1
1
1
1
1
1
1
1
1
1
1
1
1
1
1
1
1
1
1
1
1
1
1
1
1
1
1
1
1
1
1
1
1
1
1
1
1
1
1
1
1
1
1
1
1
1
1
1
1
1
1
1
1
1
1
1
1
1
1
1
1
1
1
1
1
1
1
1
1
1
1
1
1
1
1
1
1
6
8
8
8
8
8
8
8
9
9
9
9
9
9
9
9
9
9
9
10
10
12
12
12
18
19
19
19
20
20
19
21
21
21
20
19
21
21
20
19
19
21
20
20
20
21
21
21
22
22
22
23
23
22
23
23
23
22
23
22
23
22
21
22
21
20
21
21
20
20
20
21
21
21
21
21
21
21
21
22
21
22
22
22
22
22
23
23
23
23
23
23
25
25
25
25
25
25
26
26
26
27
27
28
28
28
28
29
29
29
29
30
31
31
31
31
32
32
32
32
32
32
34
34
34
34
34
34
34
34
35
35
35
35
35
35
35
35
35
35
35
35
35
35
35
35
35
35
35
35
35
35
35
34
34
34
34
34
34
34
34
34
33
33
33
33
33
33
33
33
33
33
32
32
32
32
32
33
33
33
33
33
33
33
33
33
33
33
33
33
33
32
32
32
32
32
32
32
32
32
32
33
33
33
33
33
33
33
32
32
32
32
33
33
33
33
34
34
34
35
35
35
36
36
36
37
38
38
38
40
40
40
41
42
43
44
45
48
50
52
55
57
59
61
63
65
66
69
70
71
305
312
323
414
419
426
431
436
442
519
520
520
520
520
521
522
522
523
522
521
522
523
523
525
525
526
526
526
526
525
500
493
565
536
527
520
514
508
502
497
458
454
449
445
401
392
384
378
375
370
365
359
348
340
347
356
363
366
369
373
377
380
385
392
398
439
442
446
450
496
502
507
512
517
524
532
541
562
523
525
526
526
526
525
524
524
522
522
522
522
522
522
521
520
519
519
518
517
516
516
442
436
430
425
420
414
408
313
306
72
71
69
67
65
63
62
60
58
57
56
55
53
51
48
47
45
44
42
41
40
40
39
39
37
37
36
36
35
34
34
33
33
33
33
32
32
31
31
31
32
31
31
31
31
31
31
31
31
31
31
31
31
31
31
31
31
31
31
31
31
31
31
31
31
31
31
31
31
31
31
31
31
31
31
31
31
31
31
31
31
32
32
32
32
32
32
32
32
32
32
32
32
32
32
33
33
34
34
34
34
34
34
34
34
34
34
34
34
34
34
34
34
34
34
34
34
34
34
34
34
34
34
34
34
34
34
34
33
33
33
33
33
33
33
33
31
31
31
31
31
31
31
30
30
30
30
29
28
28
28
28
28
27
27
27
26
26
25
25
25
25
25
25
25
24
24
24
24
24
24
24
24
23
23
23
23
23
23
23
23
22
22
22
22
22
22
21
21
21
20
20
20
21
21
21
21
21
21
21
21
20
20
21
21
19
19
19
19
20
18
19
19
19
19
20
19
19
19
20
20
19
19
19
19
18
18
16
13
13
13
13
13
12
12
12
12
12
12
12
12
1
1
1
1
1
1
1
1
1
1
1
1
1
1
1
1
1
1
1
1
1
1
1
1
1
1
1
1
1
1
1
1
1
1
1
1
1
1
1
1
1
1
1
1
1
1
1
1
1
1
1
1
1
1
1
1
1
1
1
1
1
1
1
1
1
1
1
1
1
1
1
1
1
1
1
1
1
1
1
1
1
1
1
1
1
1
1
1
1
1
1
1
1
1
1
1
1
1
1
1
1
1
1
1
1
1
1
1
1
1
1
1
1
1
1
1
1
1
1
1
1
1
1
1
1
1
1
1
1
1
1
1
1
1
1
1
1
1
1
1
1
1
1
1
1
1
1
1
1
1
1
1
1
1
1
1
1
1
1
1
1
1
1
1
1
1
1
1
1
1
1
1
1
1
1
1
1
1
1
1
1
1
1
1
1
1
1
1
1
1
1
1
1
1
1
1
1
1
1
1
1
1
1
1
1
1
1
1
1
1
1
1
1
1
1
1
