# Vetor de dados - syn_f001506-0-Pre--front--vetorlinha.txt
# Total de elementos: 768
# Formato: um valor por linha
#==================================================

1
1
1
1
1
1
1
1
1
1
1
1
1
1
1
1
1
1
1
1
1
1
1
1
1
1
1
1
1
1
1
1
1
1
1
1
1
1
1
1
1
1
1
1
1
1
1
1
1
1
1
1
1
1
1
1
1
1
1
1
1
1
1
1
1
1
1
1
1
1
1
1
1
1
1
1
1
1
1
1
1
1
1
1
1
1
1
1
1
1
1
1
1
1
1
1
1
1
1
1
1
1
1
1
1
1
1
1
1
1
1
1
1
1
1
1
1
1
1
1
1
1
1
1
1
8
21
25
29
33
37
40
42
44
46
48
49
51
52
53
55
55
57
58
59
59
61
61
62
63
63
63
63
63
65
65
65
65
65
64
64
63
63
63
63
63
69
71
72
72
72
72
72
71
71
70
70
69
69
68
68
67
65
64
63
63
61
55
55
54
54
54
53
52
52
51
50
49
47
47
47
47
46
47
47
46
45
45
45
46
46
46
48
48
49
53
60
67
269
274
281
290
311
494
506
527
531
533
536
539
540
536
538
552
567
568
568
568
567
565
561
494
473
469
467
463
458
454
450
378
369
358
349
341
329
317
301
287
277
267
246
234
218
203
192
167
163
159
157
155
153
152
150
148
147
145
143
143
142
141
140
140
140
139
139
138
138
139
139
139
139
139
139
139
140
140
140
140
140
140
140
140
140
140
141
140
140
139
139
139
139
137
137
135
133
131
130
128
127
126
126
128
128
128
128
128
128
128
128
127
127
127
127
128
128
129
130
130
131
132
132
132
133
133
133
133
133
133
133
133
133
133
133
134
135
136
137
139
140
141
142
143
144
146
147
147
149
149
149
149
150
150
151
151
151
152
152
152
152
152
152
152
152
152
152
152
152
153
151
151
151
151
151
150
149
149
149
148
148
147
147
146
146
146
145
145
145
144
144
144
143
143
143
143
143
143
142
143
143
143
143
143
144
144
144
144
145
145
145
146
146
146
146
146
146
146
146
146
146
146
146
145
145
145
145
145
145
145
145
144
144
144
143
143
143
143
143
143
142
142
141
141
141
141
141
141
141
140
139
139
139
139
139
138
138
137
137
137
137
136
135
135
135
134
133
133
133
132
131
131
130
129
128
128
127
126
125
124
124
123
123
122
121
120
119
119
119
118
117
117
117
116
116
115
115
114
114
114
114
114
114
114
114
112
112
112
113
112
113
112
113
112
112
112
112
112
112
112
110
110
110
110
110
110
110
110
110
110
110
110
110
110
110
110
110
111
111
112
112
112
112
114
114
114
114
114
114
116
116
116
116
116
116
116
116
116
116
116
116
116
116
116
116
116
116
116
116
114
114
114
114
114
114
114
112
112
112
112
112
111
110
110
110
110
109
109
108
108
108
108
107
106
106
106
106
105
104
104
104
104
102
102
102
102
101
101
100
100
99
99
99
98
97
97
97
97
97
96
95
95
95
95
95
95
95
95
95
95
95
95
95
95
96
96
97
97
98
98
98
98
98
98
98
98
98
97
98
99
99
99
101
101
101
103
103
105
106
107
108
109
111
111
111
113
113
114
115
116
116
116
116
116
116
116
116
115
113
110
107
106
103
96
43
1
1
1
1
1
1
1
1
1
1
1
1
1
1
1
1
1
1
1
1
1
1
1
1
1
1
1
1
1
1
1
1
1
1
1
1
1
1
1
1
1
1
1
1
1
1
1
1
1
1
1
1
1
1
1
1
1
1
1
1
1
1
1
1
1
