# Vetor de dados - syn_f003067-2-Pre--front--vetorcoluna.txt
# Total de elementos: 1024
# Formato: um valor por linha
#==================================================

1
1
1
1
1
1
1
1
1
1
1
1
1
1
1
1
1
1
1
1
1
1
1
1
1
1
1
1
1
1
1
1
1
1
1
1
1
1
1
1
1
1
1
1
1
1
1
1
1
1
1
1
1
1
1
1
1
1
1
1
1
1
1
1
1
1
1
1
1
1
1
1
1
1
1
1
1
1
1
1
1
1
1
1
1
1
1
1
1
1
1
1
1
1
1
1
1
1
1
1
1
1
1
1
1
1
1
1
1
1
1
1
1
1
1
1
1
1
1
1
1
1
1
1
1
1
1
1
1
1
1
1
1
1
1
1
1
1
1
1
1
1
1
1
1
1
1
1
1
1
1
1
1
1
1
1
1
1
1
1
1
1
1
1
1
1
1
1
1
1
1
1
1
1
1
1
1
1
1
1
1
1
1
1
1
1
1
1
1
1
1
1
1
1
1
1
1
1
1
1
1
1
1
1
1
1
1
1
1
1
1
1
1
1
1
1
1
1
1
1
1
1
1
1
1
29
29
29
29
29
30
30
30
30
1
1
1
1
1
1
1
1
1
32
32
32
32
33
33
33
33
33
34
34
1
1
1
1
1
1
1
1
1
1
1
1
1
1
1
1
1
1
1
1
1
1
1
1
1
1
38
38
38
38
38
38
39
39
39
39
39
39
39
40
40
40
40
40
40
41
41
41
41
41
41
42
42
42
42
42
43
43
43
43
43
43
43
44
44
44
44
44
44
44
44
44
45
45
45
45
45
45
45
45
45
45
45
45
45
45
45
44
44
44
44
44
44
44
44
44
43
43
43
43
43
43
42
42
42
42
42
41
41
41
41
40
40
40
40
40
40
40
40
40
40
40
40
40
40
40
40
40
40
40
40
40
40
41
41
41
41
41
41
41
41
41
41
41
41
42
42
42
42
42
42
42
42
42
42
43
43
43
43
43
43
43
44
44
44
44
45
45
45
46
46
46
46
47
47
47
48
48
48
49
49
49
49
49
50
50
51
53
56
58
60
63
65
66
67
69
70
71
72
74
293
297
301
304
308
311
428
433
439
445
450
456
537
537
537
537
538
538
538
538
537
536
537
539
539
540
540
541
542
542
542
541
516
457
528
522
514
507
500
452
448
442
435
414
406
396
388
382
377
371
365
359
353
347
343
334
333
346
350
354
359
363
367
372
377
381
387
393
402
432
438
443
448
504
509
516
523
528
457
541
543
543
543
542
541
540
540
539
539
539
538
538
538
538
538
538
537
537
537
537
460
455
450
443
437
431
426
313
308
304
300
296
75
73
70
69
67
65
64
63
61
60
59
58
56
54
51
49
48
47
47
46
46
46
46
46
46
45
45
45
45
44
44
44
44
43
43
43
43
43
43
42
42
42
42
42
42
42
42
42
42
42
42
42
41
41
41
41
41
41
41
41
41
41
41
41
41
41
41
40
40
40
40
40
40
40
40
40
40
40
40
40
40
40
40
40
40
40
40
40
40
40
40
41
41
41
41
41
41
41
41
41
41
42
42
42
42
42
42
42
42
42
42
42
42
42
42
42
42
42
42
42
42
42
42
42
42
42
42
41
41
41
41
41
41
41
40
40
40
40
40
40
40
39
39
39
39
39
39
38
38
38
38
38
38
37
37
37
37
37
36
36
36
36
36
35
35
35
35
35
34
34
34
34
34
34
33
33
33
33
33
33
33
33
1
1
1
1
1
1
1
1
1
1
1
1
1
31
30
30
30
30
30
29
29
29
29
28
28
28
28
28
27
27
27
27
27
27
26
26
26
26
26
26
25
25
25
25
25
25
24
24
24
24
24
24
1
1
1
1
1
1
1
1
1
1
1
1
1
1
1
1
1
1
1
1
1
1
1
1
1
1
1
1
1
1
1
1
1
1
1
1
1
1
1
1
1
1
1
1
1
1
1
1
1
1
1
1
1
1
1
1
1
1
1
1
1
1
1
1
1
1
1
1
1
1
1
1
1
1
1
1
1
1
1
1
1
1
1
1
1
1
1
1
1
1
1
1
1
1
1
1
1
1
1
1
1
1
1
1
1
1
1
1
1
1
1
1
1
1
1
1
1
1
1
1
1
1
1
1
1
1
1
1
1
1
1
1
1
1
1
1
1
1
1
1
1
1
1
1
1
1
1
1
1
1
1
1
1
1
1
1
1
1
1
1
1
1
1
1
1
1
1
1
1
1
1
1
1
1
1
1
1
1
1
1
1
1
1
1
1
1
1
1
1
1
1
1
1
1
1
1
1
1
1
1
1
1
1
1
1
1
1
1
1
1
1
1
1
1
1
1
1
1
1
1
1
1
1
1
