# Vetor de dados - syn_f001178-3-Pre--front--vetorlinha.txt
# Total de elementos: 768
# Formato: um valor por linha
#==================================================

1
1
1
1
1
1
1
1
1
1
1
1
1
1
1
1
1
1
1
1
1
1
1
1
1
1
1
1
1
1
1
1
1
1
1
1
1
1
1
1
1
1
1
1
1
1
1
1
1
1
1
1
1
1
1
1
1
1
1
1
1
1
1
1
1
1
1
1
1
1
1
1
1
1
1
1
1
1
1
1
1
1
1
1
1
1
1
1
1
1
1
1
1
1
1
1
1
1
1
1
1
1
1
1
1
1
1
1
1
1
1
1
1
1
1
1
1
1
1
1
1
1
1
1
1
20
25
29
32
36
39
41
43
45
47
49
51
51
53
54
55
57
57
59
59
60
61
61
63
63
63
63
63
64
65
65
65
65
65
65
65
64
64
63
63
66
71
73
74
74
74
73
73
72
72
72
72
70
70
70
69
68
67
65
65
64
60
57
56
55
54
54
53
53
53
53
51
51
51
51
51
51
51
51
50
51
51
52
53
60
69
75
79
82
84
133
142
196
206
216
227
239
284
302
315
325
334
388
402
414
425
435
443
451
458
464
470
476
483
490
496
503
510
517
529
540
550
562
566
570
574
576
582
586
568
576
585
585
585
585
501
493
468
436
412
358
240
231
154
152
152
151
151
151
151
151
150
150
150
149
149
149
149
149
149
148
148
148
148
148
148
148
147
147
147
146
146
146
146
146
145
145
144
143
143
142
142
140
140
140
139
138
136
135
133
132
131
129
128
129
129
130
132
132
132
132
132
130
130
130
130
130
130
131
132
132
132
132
132
132
132
132
131
130
130
130
129
129
130
130
131
130
132
132
133
134
135
135
137
137
139
140
142
143
144
146
146
148
149
149
150
151
152
152
153
153
154
154
154
154
154
154
154
154
154
154
154
153
153
153
153
153
152
151
151
151
151
151
151
151
151
152
152
152
152
152
153
153
154
154
155
156
156
156
157
158
158
159
160
160
160
161
162
162
162
162
162
163
164
164
164
164
165
165
166
165
165
165
164
164
164
164
164
164
164
164
164
164
164
163
162
162
162
162
162
162
161
160
160
160
160
159
159
158
158
158
157
156
156
156
156
155
154
154
154
154
152
152
152
150
150
150
148
148
148
146
146
145
144
143
142
141
140
139
137
137
135
135
133
133
131
131
129
129
128
127
127
126
125
125
124
124
123
123
122
122
122
122
122
121
121
121
121
121
121
121
121
121
121
121
120
120
119
119
119
119
119
119
119
119
119
119
119
119
120
120
120
122
122
122
122
124
124
124
125
126
126
126
126
128
128
128
128
128
130
130
130
130
130
130
130
131
131
131
131
131
130
130
130
130
130
130
129
129
129
129
129
128
128
127
127
126
125
125
125
124
123
123
123
122
121
121
121
119
119
119
117
117
117
115
115
115
113
113
113
113
111
111
111
109
109
109
109
107
107
107
106
106
105
105
104
104
104
103
103
102
102
102
102
102
101
101
101
101
101
101
101
101
101
101
103
103
103
104
104
106
106
106
106
106
106
106
106
106
106
106
106
107
108
108
108
109
110
110
111
111
113
113
114
115
116
117
118
119
120
121
121
123
123
123
122
122
122
122
121
119
118
115
111
108
104
100
43
1
1
1
1
1
1
1
1
1
1
1
1
1
1
1
1
1
1
1
1
1
1
1
1
1
1
1
1
1
1
1
1
1
1
1
1
1
1
1
1
1
1
1
1
1
1
1
1
1
1
1
1
1
1
1
1
1
1
1
1
1
1
1
1
1
