# Vetor de dados - syn_f002798-3-Pre--front--vetorcoluna.txt
# Total de elementos: 1024
# Formato: um valor por linha
#==================================================

1
1
1
1
1
1
1
1
1
1
1
1
1
1
1
1
1
1
1
1
1
1
1
1
1
1
1
1
1
1
1
1
1
1
1
1
1
1
1
1
1
1
1
1
1
1
1
1
1
1
1
1
1
1
1
1
1
1
1
1
1
1
1
1
1
1
1
1
1
1
1
1
1
1
1
1
1
1
1
1
1
1
1
1
1
1
1
1
1
1
1
1
1
1
1
1
1
1
1
1
1
1
1
1
1
1
1
1
1
1
1
1
1
1
1
1
1
1
1
1
1
1
1
1
1
1
1
1
1
1
1
1
1
1
1
1
1
1
1
1
1
1
1
1
1
1
1
1
1
1
1
1
1
1
1
1
1
1
1
1
1
1
1
1
1
1
1
1
1
1
1
1
1
1
1
1
1
1
1
1
1
1
1
1
1
1
1
1
1
1
1
1
1
1
1
1
1
1
1
1
1
1
1
1
1
1
1
1
1
1
1
1
1
1
1
1
1
1
1
1
1
1
1
1
1
1
1
1
19
19
19
19
19
19
19
19
19
20
20
20
20
20
20
21
21
21
21
22
22
22
22
23
23
23
24
24
24
24
25
25
25
26
26
26
27
27
27
27
28
28
28
28
28
28
28
28
28
29
29
29
29
29
29
29
29
29
29
30
30
30
30
30
31
31
31
31
31
31
32
32
32
32
32
33
33
33
33
33
34
34
34
34
35
35
36
36
36
36
36
37
37
37
37
38
38
38
39
39
39
39
39
39
39
40
40
40
40
40
40
40
41
41
41
41
41
41
41
41
40
40
40
40
40
40
40
40
40
40
39
39
39
39
39
39
40
40
40
40
40
40
40
40
40
41
42
42
42
42
42
42
42
43
43
43
43
44
44
44
44
44
45
45
45
45
45
45
45
45
46
46
46
46
46
46
46
46
46
45
45
45
45
46
46
46
46
46
46
47
46
46
46
46
47
47
47
47
47
47
48
48
48
48
49
49
49
49
49
51
48
52
56
57
272
276
280
284
286
289
292
295
298
302
306
311
415
419
422
425
429
432
436
439
444
515
517
518
517
517
518
518
520
519
520
520
520
521
523
523
524
525
524
523
523
522
520
484
550
533
529
524
520
514
510
505
500
494
487
447
442
439
435
434
431
429
424
406
379
369
362
354
349
355
359
364
371
381
394
422
426
428
431
432
435
438
441
483
489
495
500
505
509
513
518
451
456
471
479
483
522
524
525
524
523
523
521
520
519
517
518
520
520
520
519
519
518
516
517
517
516
441
437
432
428
424
420
416
412
408
313
308
304
300
297
294
291
288
285
70
66
64
61
59
55
53
52
51
50
49
49
48
48
46
46
46
46
46
46
46
45
45
45
45
45
44
44
44
44
44
45
45
44
44
44
44
45
45
45
45
45
45
45
44
44
44
44
44
44
44
44
44
43
43
43
43
43
43
43
42
42
42
42
41
41
41
40
40
40
40
40
40
40
40
39
39
39
39
39
39
39
39
40
40
40
41
41
41
41
41
41
41
41
41
41
41
41
41
41
41
40
40
40
40
40
41
41
40
40
40
40
40
40
40
39
39
39
39
39
39
38
38
38
38
37
36
36
36
36
35
35
35
35
34
34
33
33
32
32
32
31
31
31
31
29
29
29
28
28
28
28
27
26
26
26
25
25
24
24
24
23
23
23
22
21
21
21
21
21
19
19
19
20
19
19
20
20
19
20
21
21
21
22
21
21
22
22
21
21
22
21
21
21
21
19
20
20
20
19
19
20
20
19
20
21
21
21
20
21
21
21
19
19
19
18
17
12
12
12
9
9
9
9
10
9
9
9
9
9
8
8
8
8
8
8
8
8
8
8
1
1
1
1
1
1
1
1
1
1
1
1
1
1
1
1
1
1
1
1
1
1
1
1
1
1
1
1
1
1
1
1
1
1
1
1
1
1
1
1
1
1
1
1
1
1
1
1
1
1
1
1
1
1
1
1
1
1
1
1
1
1
1
1
1
1
1
1
1
1
1
1
1
1
1
1
1
1
1
1
1
1
1
1
1
1
1
1
1
1
1
1
1
1
1
1
1
1
1
1
1
1
1
1
1
1
1
1
1
1
1
1
1
1
1
1
1
1
1
1
1
1
1
1
1
1
1
1
1
1
1
1
1
1
1
1
1
1
1
1
1
1
1
1
1
1
1
1
1
1
1
1
1
1
1
1
1
1
1
1
1
1
1
1
1
1
1
1
1
1
1
1
1
1
1
1
1
1
1
1
1
1
1
1
1
1
1
1
1
1
1
1
1
1
1
1
1
1
1
1
1
1
1
1
1
1
1
