# Vetor de dados - syn_f001941-1-Pre--left--vetorlinha.txt
# Total de elementos: 768
# Formato: um valor por linha
#==================================================

1
1
1
1
1
1
1
1
1
1
1
1
1
1
1
1
1
1
1
1
1
1
1
1
1
1
1
1
1
1
1
1
1
1
1
1
1
1
1
1
1
1
1
1
1
1
1
1
1
1
1
1
1
1
1
1
1
1
1
1
1
1
1
1
1
1
1
1
1
1
1
1
1
1
1
1
1
1
1
1
1
1
1
1
1
1
1
1
1
1
1
1
1
1
1
1
1
1
1
1
1
4
22
29
35
39
44
47
50
52
55
57
58
60
63
65
66
68
68
70
71
72
73
73
74
74
76
76
76
77
77
77
77
77
78
78
78
78
78
79
79
78
79
79
80
81
81
81
82
83
82
83
83
82
81
78
76
74
73
72
71
70
70
69
68
68
67
66
66
65
65
66
66
65
65
65
65
64
63
62
61
58
56
53
51
50
49
49
49
49
49
49
49
49
49
49
50
50
50
51
50
51
52
52
52
53
53
53
53
53
54
55
60
63
68
74
81
88
98
158
163
171
177
182
187
192
196
201
207
216
228
234
238
242
245
249
254
260
265
268
274
282
288
294
304
304
304
304
303
301
298
295
287
198
192
184
169
95
95
96
96
97
97
97
98
98
98
98
98
97
97
97
97
97
97
96
95
95
95
94
93
93
93
91
91
90
90
89
88
88
88
87
87
87
87
87
87
86
86
87
87
87
88
88
89
89
89
89
90
90
90
90
91
90
90
90
89
89
89
90
90
89
89
89
89
88
89
89
89
89
88
88
88
89
89
88
88
89
88
88
88
88
88
88
88
89
89
90
91
91
91
92
92
94
94
95
95
95
95
96
96
97
98
98
99
100
100
101
101
103
103
104
104
104
105
105
105
106
106
107
107
107
108
108
107
108
108
108
107
108
108
108
108
108
108
108
107
107
108
107
107
107
106
106
105
105
105
104
104
103
103
102
102
100
100
99
98
98
97
96
96
96
95
95
95
94
94
94
93
93
92
92
92
91
91
90
89
89
89
88
87
86
85
85
84
84
84
84
84
84
84
84
83
83
82
82
82
82
82
82
82
82
82
82
82
82
81
81
81
81
81
81
81
80
80
80
79
79
78
78
78
78
78
77
77
77
77
76
76
75
75
75
75
74
73
73
73
72
72
72
71
71
70
70
69
68
68
68
67
66
66
65
65
64
63
63
63
62
61
60
60
60
59
58
57
58
57
56
56
56
55
55
55
54
54
54
54
53
53
53
53
53
53
54
54
54
54
54
55
55
56
56
55
56
55
55
54
55
55
55
55
54
53
54
53
52
53
52
52
52
52
51
51
51
51
51
50
50
49
49
48
49
49
49
49
49
48
48
48
48
48
48
48
48
47
48
48
48
48
48
48
49
49
48
48
48
48
48
48
47
47
47
47
47
47
46
46
46
46
46
46
45
45
45
45
44
43
43
43
43
42
42
41
41
41
40
40
39
39
39
38
38
37
37
37
37
37
37
36
36
36
36
36
35
36
36
36
37
37
37
38
37
38
39
39
40
41
42
44
45
47
49
52
53
55
57
59
61
63
66
68
71
74
76
78
80
82
83
85
86
86
86
85
85
86
85
50
52
53
56
57
59
62
65
67
70
73
75
79
81
84
86
89
91
92
93
91
90
89
87
85
83
67
59
55
49
45
44
41
27
1
1
1
1
1
1
1
1
1
1
1
1
1
1
1
1
1
1
1
1
1
1
1
1
1
1
1
1
1
1
1
1
1
1
1
1
1
1
