# Vetor de dados - syn_f002173-3-Pre--front--vetorlinha.txt
# Total de elementos: 768
# Formato: um valor por linha
#==================================================

1
1
1
1
1
1
1
1
1
1
1
1
1
1
1
1
1
1
1
1
1
1
1
1
1
1
1
1
1
1
1
1
1
1
1
1
1
1
1
1
1
1
1
1
1
1
1
1
1
1
1
1
1
1
1
1
1
1
1
1
1
1
1
1
1
1
1
1
1
1
1
1
1
1
1
1
1
1
1
1
1
1
1
1
1
1
1
1
1
1
1
1
1
1
1
1
1
1
1
1
1
1
1
1
1
1
1
1
1
1
1
1
1
1
1
1
1
1
1
1
1
14
23
27
31
35
37
39
41
43
45
47
48
50
51
52
54
54
56
56
57
58
59
59
60
60
61
61
61
62
62
62
62
62
62
61
61
61
61
61
61
64
67
68
69
69
69
69
68
68
67
66
66
65
65
64
63
61
61
59
59
55
53
50
50
49
48
48
47
46
46
45
44
45
44
44
44
44
44
44
44
44
44
44
44
43
43
42
43
45
48
52
55
59
61
64
68
77
85
89
100
255
270
282
292
302
310
318
338
354
417
436
461
478
482
484
488
493
496
500
492
488
495
499
503
506
510
514
452
456
458
456
458
451
441
410
397
385
352
346
344
341
150
147
145
143
142
140
139
137
137
136
135
134
134
134
133
132
131
130
129
128
127
126
126
126
125
124
124
124
123
122
122
121
120
119
118
117
116
114
114
112
112
110
109
108
106
105
103
101
99
97
97
95
94
93
92
92
92
92
92
91
91
91
92
92
92
92
92
92
92
92
92
92
92
91
91
90
90
89
89
88
88
86
86
86
85
85
85
84
85
85
85
85
87
88
90
91
92
94
96
97
98
100
101
102
103
103
105
105
107
107
108
109
110
110
111
112
112
113
113
115
115
115
115
115
115
116
117
117
117
117
117
117
118
118
119
119
119
119
120
121
121
121
121
122
122
122
122
123
124
124
125
126
126
126
128
128
128
130
130
130
131
132
132
132
133
133
134
134
135
135
135
136
137
137
137
137
137
137
137
137
137
137
137
137
138
138
138
138
138
139
139
139
139
138
138
138
138
138
138
137
137
137
137
137
137
137
137
136
136
136
136
135
135
135
134
134
133
132
132
131
131
130
129
129
129
128
127
127
125
125
124
123
123
122
121
121
119
119
119
117
117
116
115
115
115
114
113
113
112
111
110
110
109
108
108
108
107
106
106
106
106
106
106
105
104
104
104
104
104
104
104
104
104
104
104
104
104
104
104
104
104
104
104
104
104
105
106
106
106
107
108
108
109
109
110
111
112
112
112
114
114
114
115
116
116
116
118
118
118
119
120
120
120
120
120
121
122
122
122
122
122
122
122
122
122
122
122
122
121
121
121
121
121
121
120
120
119
119
118
118
117
117
117
116
116
115
115
114
113
113
113
111
111
111
110
109
109
108
107
107
107
105
105
105
103
103
103
101
101
101
101
99
99
99
97
97
97
95
95
95
94
93
93
92
92
92
91
91
91
91
90
90
90
90
91
91
91
92
93
93
93
93
92
92
92
92
92
92
92
94
94
94
96
96
97
97
99
99
101
103
103
105
107
107
108
109
110
110
112
112
114
114
113
113
113
113
113
113
113
113
112
108
103
100
94
45
1
1
1
1
1
1
1
1
1
1
1
1
1
1
1
1
1
1
1
1
1
1
1
1
1
1
1
1
1
1
1
1
1
1
1
1
1
1
1
1
1
1
1
1
1
1
1
1
1
1
1
1
1
1
1
1
1
1
1
1
