# Vetor de dados - syn_f000564-2-Pre--front--vetorlinha.txt
# Total de elementos: 768
# Formato: um valor por linha
#==================================================

1
1
1
1
1
1
1
1
1
1
1
1
1
1
1
1
1
1
1
1
1
1
1
1
1
1
1
1
1
1
1
1
1
1
1
1
1
1
1
1
1
1
1
1
1
1
1
1
1
1
1
1
1
1
1
1
1
1
1
1
1
1
1
1
1
1
1
1
1
1
1
1
1
1
1
1
1
1
1
1
1
1
1
1
1
1
1
1
1
1
1
1
1
1
1
1
1
1
1
1
1
1
1
1
1
1
1
1
1
1
1
1
1
8
20
25
29
32
36
38
40
42
44
46
48
50
51
52
53
54
55
57
57
58
59
59
60
61
61
62
62
62
62
62
62
62
62
62
62
62
61
61
60
62
66
69
70
70
70
69
69
69
69
67
67
67
66
65
65
63
61
61
59
59
53
50
49
49
48
47
47
47
46
46
46
45
45
44
44
44
44
44
44
44
44
44
44
45
45
45
44
44
45
47
49
53
56
59
62
65
70
74
81
87
106
151
167
180
279
291
303
316
330
345
360
398
414
428
438
447
457
471
483
503
525
529
534
538
542
543
544
544
526
531
537
541
545
549
557
495
496
500
493
485
468
436
428
417
386
366
362
360
155
153
151
150
150
148
148
148
147
146
146
145
145
144
143
143
142
141
140
140
139
139
138
137
137
135
135
134
133
132
132
131
130
129
129
128
127
127
126
124
124
123
122
121
119
117
116
115
115
114
114
114
113
113
113
113
113
114
114
114
114
114
114
113
113
112
112
112
112
112
112
112
111
112
112
112
112
112
112
112
112
113
113
114
114
115
115
115
115
116
117
117
117
117
117
117
117
119
119
119
119
120
121
121
123
123
124
125
127
127
129
130
131
132
134
134
136
137
138
138
139
139
141
141
141
143
143
143
143
143
143
143
143
144
144
144
144
144
144
144
145
145
145
145
146
146
146
146
146
147
147
148
148
148
148
150
150
150
150
151
151
152
152
152
153
153
153
153
154
155
155
155
155
155
156
157
157
157
157
157
157
157
156
156
156
155
155
155
155
155
155
155
155
154
154
154
153
153
153
153
152
151
151
151
151
150
149
149
149
149
149
147
147
147
146
146
145
145
144
144
143
143
143
141
141
141
140
140
139
138
138
138
136
136
136
136
134
134
134
133
132
132
130
130
130
128
128
126
126
125
125
124
124
123
123
122
121
121
121
120
119
119
119
119
119
118
117
117
117
117
117
117
117
116
116
116
115
115
115
115
115
115
115
115
114
115
115
115
115
115
115
115
115
116
116
116
116
116
118
118
118
119
120
120
120
121
122
122
122
123
124
124
124
125
125
126
126
126
126
126
126
126
126
126
126
126
127
126
126
126
126
126
126
126
125
125
124
124
124
123
123
122
122
122
121
120
120
120
118
118
118
117
116
116
116
114
114
114
113
112
112
111
110
110
110
109
108
108
108
106
106
106
106
104
104
104
104
102
102
102
101
101
100
100
100
99
99
99
99
98
98
98
98
98
98
98
98
97
98
98
98
98
99
98
99
100
100
100
100
100
100
100
100
101
101
102
102
103
103
104
105
105
105
107
107
108
109
110
111
113
113
113
115
115
115
117
117
117
117
117
117
116
115
115
115
113
113
112
110
108
107
103
99
45
1
1
1
1
1
1
1
1
1
1
1
1
1
1
1
1
1
1
1
1
1
1
1
1
1
1
1
1
1
1
1
1
1
1
1
1
1
1
1
1
1
1
1
1
1
1
1
1
1
1
1
1
