# Vetor de dados - syn_f003065-1-Pre--front--vetorlinha.txt
# Total de elementos: 768
# Formato: um valor por linha
#==================================================

1
1
1
1
1
1
1
1
1
1
1
1
1
1
1
1
1
1
1
1
1
1
1
1
1
1
1
1
1
1
1
1
1
1
1
1
1
1
1
1
1
1
1
1
1
1
1
1
1
1
1
1
1
1
1
1
1
1
1
1
1
1
1
1
1
1
1
1
1
1
1
1
1
1
1
1
1
1
1
1
1
1
1
1
1
1
1
1
1
1
1
1
1
1
1
1
1
1
1
1
1
1
1
1
1
1
1
1
1
1
1
1
1
1
1
1
1
1
1
1
1
1
1
1
1
1
1
1
1
1
1
1
1
12
22
26
31
35
37
39
41
44
46
48
49
50
52
53
54
56
56
58
58
58
60
60
60
60
62
62
62
62
62
62
62
62
62
61
61
60
60
61
66
68
69
69
69
68
68
68
67
66
66
65
64
64
62
61
60
59
57
55
54
51
51
51
50
50
49
48
48
48
46
46
44
43
42
41
40
40
40
40
40
38
38
39
39
39
40
41
43
46
49
53
58
62
67
72
80
123
170
267
354
368
403
414
427
440
451
464
477
505
529
547
559
559
559
558
556
541
532
517
511
514
515
515
514
433
351
333
312
293
248
201
190
178
164
155
149
145
143
141
140
138
136
135
133
133
131
131
129
127
125
123
122
120
120
118
118
117
116
116
115
115
115
115
114
114
114
113
113
112
112
111
111
110
109
109
108
107
106
105
105
103
101
101
99
98
97
97
96
95
95
94
95
95
95
95
95
95
95
94
94
93
93
93
92
92
92
92
92
92
92
92
92
92
93
93
93
94
94
95
95
95
95
95
95
96
97
97
97
98
98
100
100
101
101
102
103
104
105
106
107
108
110
110
112
113
114
115
116
117
118
118
119
119
120
121
121
121
122
122
122
122
122
123
123
124
124
123
123
123
123
123
123
123
124
124
124
124
124
124
124
124
124
124
124
124
125
126
126
126
126
127
127
128
128
129
129
129
129
130
131
131
131
131
131
131
131
133
133
133
133
133
133
132
132
131
132
131
131
131
131
131
131
131
131
131
129
129
129
129
129
129
127
127
127
127
127
127
126
125
125
125
124
124
123
123
123
121
121
120
119
119
118
117
116
115
115
113
113
113
111
111
110
109
109
108
107
107
107
106
105
105
105
103
103
103
103
102
101
101
100
100
100
100
99
99
98
98
98
98
98
98
98
98
98
98
98
98
98
98
97
97
97
97
96
95
95
95
95
95
95
95
95
95
95
96
96
96
96
97
97
98
98
98
99
100
100
100
100
102
102
102
102
103
104
104
104
104
104
104
104
104
105
104
105
105
105
104
104
104
104
103
103
102
102
102
102
102
101
100
100
100
100
98
98
98
98
96
96
96
96
96
94
94
94
94
93
92
92
92
92
90
90
90
90
90
88
88
88
88
87
86
86
86
85
84
84
84
83
83
83
82
81
81
81
81
81
81
81
81
81
81
82
82
84
84
84
85
86
86
86
87
87
87
87
87
88
89
89
89
90
91
92
92
93
93
95
95
96
97
99
101
101
102
102
103
103
104
105
105
106
106
106
106
106
105
105
105
102
100
98
96
90
1
1
1
1
1
1
1
1
1
1
1
1
1
1
1
1
1
1
1
1
1
1
1
1
1
1
1
1
1
1
1
1
1
1
1
1
1
1
1
1
1
1
1
1
1
1
1
1
1
1
1
1
1
1
1
1
1
1
1
1
1
1
1
1
1
1
1
1
1
1
1
1
1
