# Vetor de dados - syn_f004223-3-Pre--left--vetorlinha.txt
# Total de elementos: 768
# Formato: um valor por linha
#==================================================

1
1
1
1
1
1
1
1
1
1
1
1
1
1
1
1
1
1
1
1
1
1
1
1
1
1
1
1
1
1
1
1
1
1
1
1
1
1
1
1
1
1
1
1
1
1
1
1
1
1
1
1
1
1
1
1
1
1
1
1
1
1
1
1
1
1
1
1
1
1
1
1
1
1
1
1
1
1
1
1
1
1
1
1
1
1
1
1
1
1
1
1
1
1
1
1
1
1
1
1
1
1
1
1
1
1
1
1
1
1
1
1
1
1
1
1
1
1
1
1
1
1
1
1
1
1
1
1
1
1
20
26
32
37
40
43
46
48
51
52
54
56
57
60
62
62
64
64
66
66
66
67
68
69
69
69
70
70
70
70
70
71
71
71
72
72
73
74
74
75
74
75
75
76
75
75
75
73
72
68
67
66
66
65
64
62
62
61
61
60
59
58
58
58
58
58
58
58
58
57
57
56
50
46
45
45
45
44
45
45
45
46
45
46
46
47
48
47
48
49
49
50
51
52
54
54
55
166
173
178
186
197
209
219
223
227
231
238
245
251
262
272
288
288
289
289
288
286
284
282
274
273
271
253
200
195
189
184
178
171
162
96
91
84
82
83
83
83
84
84
85
85
85
85
86
86
86
86
87
87
87
87
87
86
86
86
86
86
86
85
84
84
84
83
82
82
81
81
80
80
80
80
79
79
79
79
79
78
78
78
78
78
78
78
76
76
76
76
75
74
74
73
73
72
72
72
70
70
70
69
68
68
68
67
67
66
66
66
65
65
65
64
64
64
64
65
66
68
68
70
71
72
73
74
75
76
76
77
78
79
80
80
82
82
83
83
85
85
85
86
86
86
87
88
88
88
89
89
89
89
89
91
91
91
91
91
91
90
90
90
90
90
90
90
89
89
89
89
88
88
87
87
86
85
84
84
83
81
81
80
80
79
80
80
79
79
79
78
79
79
78
78
77
78
77
76
75
74
75
74
73
72
71
70
70
70
70
70
69
69
69
69
69
69
69
69
69
69
69
69
69
69
68
68
68
69
69
69
69
69
69
68
68
68
68
68
68
68
67
67
67
67
67
67
67
67
65
65
65
65
65
65
63
63
63
63
63
61
61
61
61
61
59
59
59
58
58
58
56
56
56
55
55
54
54
52
52
52
51
51
51
50
51
51
50
50
50
50
49
49
49
49
50
49
49
49
49
50
49
49
50
50
50
50
50
51
50
51
50
51
51
51
51
51
51
51
51
51
51
51
51
50
50
50
49
49
49
48
48
48
48
48
47
47
47
47
46
46
46
46
46
46
46
45
45
46
46
46
46
46
47
47
47
46
47
47
47
47
47
47
47
47
47
46
46
46
46
46
46
46
46
46
44
44
44
44
43
43
43
42
41
41
41
41
40
40
40
39
39
39
38
38
38
37
37
37
37
36
36
36
36
35
35
35
35
35
35
34
34
34
34
35
35
36
37
37
38
40
42
43
45
48
50
54
56
58
61
61
63
66
71
73
75
79
82
84
85
85
84
84
85
84
81
76
53
55
58
63
68
73
76
79
83
86
89
90
92
93
92
91
90
88
87
86
82
69
59
51
44
37
33
1
1
1
1
1
1
1
1
1
1
1
1
1
1
1
1
1
1
1
1
1
1
1
1
1
1
1
1
1
1
1
1
1
1
1
1
1
1
1
1
1
1
1
1
1
1
1
1
1
1
1
1
1
1
1
1
1
1
1
1
1
1
1
1
1
1
1
