# Vetor de dados - syn_f001670-2-Pre--left--vetorlinha.txt
# Total de elementos: 768
# Formato: um valor por linha
#==================================================

1
1
1
1
1
1
1
1
1
1
1
1
1
1
1
1
1
1
1
1
1
1
1
1
1
1
1
1
1
1
1
1
1
1
1
1
1
1
1
1
1
1
1
1
1
1
1
1
1
1
1
1
1
1
1
1
1
1
1
1
1
1
1
1
1
1
1
1
1
1
1
1
1
1
1
1
1
1
1
1
1
1
1
1
1
1
1
1
1
1
1
1
1
1
1
1
1
1
1
1
1
1
1
1
1
1
1
1
1
1
1
1
1
1
1
1
1
1
1
1
20
27
33
38
42
45
48
51
53
55
57
59
61
63
64
66
67
67
69
69
71
71
72
73
74
74
74
75
75
75
75
76
76
76
76
76
76
76
75
75
76
76
76
77
77
78
77
78
78
78
77
76
75
73
69
68
66
66
65
64
63
62
62
61
61
59
59
59
59
58
58
58
58
58
57
56
55
55
52
49
46
46
45
44
44
44
43
43
44
44
44
45
44
45
45
45
46
46
46
46
46
166
173
181
191
202
221
226
234
247
254
270
287
288
288
287
286
284
281
279
272
271
269
253
250
200
193
186
180
172
162
101
94
88
82
76
75
76
76
77
77
78
78
79
79
79
80
80
80
79
80
80
80
80
81
80
80
80
80
80
80
80
80
79
79
78
77
77
76
76
76
75
75
74
73
73
72
72
72
72
71
70
70
71
71
71
70
70
70
70
70
70
69
69
69
69
68
68
68
68
68
68
67
67
65
65
64
64
64
63
62
62
61
61
61
61
61
61
61
60
60
60
60
60
60
60
61
61
61
61
63
63
64
64
66
66
67
68
68
69
70
70
71
71
73
74
74
75
76
76
77
77
78
79
79
80
80
81
82
83
83
84
84
84
85
85
85
86
86
86
87
87
87
87
86
86
87
87
87
86
86
86
86
85
85
84
84
84
83
83
82
83
83
83
84
84
84
83
83
83
83
83
83
82
82
83
83
83
82
82
81
81
80
80
79
79
78
77
77
77
76
75
75
75
74
74
74
74
73
72
72
72
72
72
72
73
73
73
73
73
73
72
72
72
72
72
72
72
71
71
71
71
71
70
70
70
70
70
69
68
68
68
68
68
68
66
66
66
66
66
65
64
64
64
64
63
63
62
62
61
61
61
60
59
59
59
58
57
57
57
56
56
54
54
54
53
53
53
51
51
50
50
50
50
49
49
49
48
48
48
49
49
48
48
48
49
49
49
49
50
50
51
51
50
51
51
51
51
52
51
52
51
51
52
51
52
51
52
51
51
51
50
50
50
50
49
48
49
49
48
48
48
48
48
48
48
48
48
48
48
48
47
47
47
47
47
47
47
47
47
47
46
47
47
47
47
47
47
47
47
47
46
46
46
46
46
46
46
46
46
45
44
44
44
44
43
43
43
43
42
41
41
41
41
41
40
40
40
40
39
39
39
39
38
38
38
38
38
37
37
37
37
37
36
36
36
36
36
36
36
35
35
35
35
36
37
37
39
40
42
45
47
48
50
53
55
57
59
62
66
69
71
73
75
78
81
84
88
90
89
89
89
89
88
50
53
56
60
64
67
72
74
76
78
82
84
88
91
90
89
88
86
84
82
72
64
56
49
39
33
27
1
1
1
1
1
1
1
1
1
1
1
1
1
1
1
1
1
1
1
1
1
1
1
1
1
1
1
1
1
1
1
1
1
1
1
1
1
1
1
1
1
1
1
1
1
1
1
1
1
1
1
1
1
1
1
1
1
